 -0.1131000E+06  0.1802568E+01
 -0.1130500E+06  0.1800082E+01
 -0.1130000E+06  0.1797597E+01
 -0.1129500E+06  0.1795116E+01
 -0.1129000E+06  0.1792636E+01
 -0.1128500E+06  0.1790159E+01
 -0.1128000E+06  0.1787685E+01
 -0.1127500E+06  0.1785213E+01
 -0.1127000E+06  0.1782744E+01
 -0.1126500E+06  0.1780277E+01
 -0.1126000E+06  0.1777813E+01
 -0.1125500E+06  0.1775352E+01
 -0.1125000E+06  0.1772893E+01
 -0.1124500E+06  0.1770437E+01
 -0.1124000E+06  0.1767984E+01
 -0.1123500E+06  0.1765534E+01
 -0.1123000E+06  0.1763087E+01
 -0.1122500E+06  0.1760642E+01
 -0.1122000E+06  0.1758201E+01
 -0.1121500E+06  0.1755762E+01
 -0.1121000E+06  0.1753326E+01
 -0.1120500E+06  0.1750893E+01
 -0.1120000E+06  0.1748464E+01
 -0.1119500E+06  0.1746037E+01
 -0.1119000E+06  0.1743613E+01
 -0.1118500E+06  0.1741192E+01
 -0.1118000E+06  0.1738774E+01
 -0.1117500E+06  0.1736360E+01
 -0.1117000E+06  0.1733948E+01
 -0.1116500E+06  0.1731540E+01
 -0.1116000E+06  0.1729135E+01
 -0.1115500E+06  0.1726732E+01
 -0.1115000E+06  0.1724333E+01
 -0.1114500E+06  0.1721938E+01
 -0.1114000E+06  0.1719545E+01
 -0.1113500E+06  0.1717156E+01
 -0.1113000E+06  0.1714769E+01
 -0.1112500E+06  0.1712386E+01
 -0.1112000E+06  0.1710006E+01
 -0.1111500E+06  0.1707630E+01
 -0.1111000E+06  0.1705257E+01
 -0.1110500E+06  0.1702887E+01
 -0.1110000E+06  0.1700520E+01
 -0.1109500E+06  0.1698156E+01
 -0.1109000E+06  0.1695796E+01
 -0.1108500E+06  0.1693439E+01
 -0.1108000E+06  0.1691086E+01
 -0.1107500E+06  0.1688735E+01
 -0.1107000E+06  0.1686388E+01
 -0.1106500E+06  0.1684044E+01
 -0.1106000E+06  0.1681704E+01
 -0.1105500E+06  0.1679367E+01
 -0.1105000E+06  0.1677033E+01
 -0.1104500E+06  0.1674703E+01
 -0.1104000E+06  0.1672375E+01
 -0.1103500E+06  0.1670052E+01
 -0.1103000E+06  0.1667731E+01
 -0.1102500E+06  0.1665414E+01
 -0.1102000E+06  0.1663100E+01
 -0.1101500E+06  0.1660790E+01
 -0.1101000E+06  0.1658482E+01
 -0.1100500E+06  0.1656179E+01
 -0.1100000E+06  0.1653878E+01
 -0.1099500E+06  0.1651581E+01
 -0.1099000E+06  0.1649287E+01
 -0.1098500E+06  0.1646996E+01
 -0.1098000E+06  0.1644709E+01
 -0.1097500E+06  0.1642425E+01
 -0.1097000E+06  0.1640145E+01
 -0.1096500E+06  0.1637868E+01
 -0.1096000E+06  0.1635594E+01
 -0.1095500E+06  0.1633323E+01
 -0.1095000E+06  0.1631056E+01
 -0.1094500E+06  0.1628792E+01
 -0.1094000E+06  0.1626531E+01
 -0.1093500E+06  0.1624274E+01
 -0.1093000E+06  0.1622020E+01
 -0.1092500E+06  0.1619769E+01
 -0.1092000E+06  0.1617521E+01
 -0.1091500E+06  0.1615277E+01
 -0.1091000E+06  0.1613036E+01
 -0.1090500E+06  0.1610798E+01
 -0.1090000E+06  0.1608564E+01
 -0.1089500E+06  0.1606333E+01
 -0.1089000E+06  0.1604105E+01
 -0.1088500E+06  0.1601880E+01
 -0.1088000E+06  0.1599659E+01
 -0.1087500E+06  0.1597441E+01
 -0.1087000E+06  0.1595226E+01
 -0.1086500E+06  0.1593014E+01
 -0.1086000E+06  0.1590805E+01
 -0.1085500E+06  0.1588600E+01
 -0.1085000E+06  0.1586398E+01
 -0.1084500E+06  0.1584199E+01
 -0.1084000E+06  0.1582004E+01
 -0.1083500E+06  0.1579811E+01
 -0.1083000E+06  0.1577622E+01
 -0.1082500E+06  0.1575436E+01
 -0.1082000E+06  0.1573253E+01
 -0.1081500E+06  0.1571073E+01
 -0.1081000E+06  0.1568896E+01
 -0.1080500E+06  0.1566723E+01
 -0.1080000E+06  0.1564553E+01
 -0.1079500E+06  0.1562385E+01
 -0.1079000E+06  0.1560221E+01
 -0.1078500E+06  0.1558060E+01
 -0.1078000E+06  0.1555902E+01
 -0.1077500E+06  0.1553748E+01
 -0.1077000E+06  0.1551596E+01
 -0.1076500E+06  0.1549447E+01
 -0.1076000E+06  0.1547302E+01
 -0.1075500E+06  0.1545159E+01
 -0.1075000E+06  0.1543020E+01
 -0.1074500E+06  0.1540884E+01
 -0.1074000E+06  0.1538751E+01
 -0.1073500E+06  0.1536620E+01
 -0.1073000E+06  0.1534493E+01
 -0.1072500E+06  0.1532369E+01
 -0.1072000E+06  0.1530248E+01
 -0.1071500E+06  0.1528130E+01
 -0.1071000E+06  0.1526015E+01
 -0.1070500E+06  0.1523903E+01
 -0.1070000E+06  0.1521794E+01
 -0.1069500E+06  0.1519688E+01
 -0.1069000E+06  0.1517584E+01
 -0.1068500E+06  0.1515484E+01
 -0.1068000E+06  0.1513387E+01
 -0.1067500E+06  0.1511293E+01
 -0.1067000E+06  0.1509202E+01
 -0.1066500E+06  0.1507113E+01
 -0.1066000E+06  0.1505028E+01
 -0.1065500E+06  0.1502945E+01
 -0.1065000E+06  0.1500866E+01
 -0.1064500E+06  0.1498789E+01
 -0.1064000E+06  0.1496715E+01
 -0.1063500E+06  0.1494645E+01
 -0.1063000E+06  0.1492577E+01
 -0.1062500E+06  0.1490512E+01
 -0.1062000E+06  0.1488449E+01
 -0.1061500E+06  0.1486390E+01
 -0.1061000E+06  0.1484334E+01
 -0.1060500E+06  0.1482280E+01
 -0.1060000E+06  0.1480229E+01
 -0.1059500E+06  0.1478182E+01
 -0.1059000E+06  0.1476136E+01
 -0.1058500E+06  0.1474094E+01
 -0.1058000E+06  0.1472055E+01
 -0.1057500E+06  0.1470018E+01
 -0.1057000E+06  0.1467985E+01
 -0.1056500E+06  0.1465954E+01
 -0.1056000E+06  0.1463926E+01
 -0.1055500E+06  0.1461900E+01
 -0.1055000E+06  0.1459878E+01
 -0.1054500E+06  0.1457858E+01
 -0.1054000E+06  0.1455841E+01
 -0.1053500E+06  0.1453827E+01
 -0.1053000E+06  0.1451816E+01
 -0.1052500E+06  0.1449807E+01
 -0.1052000E+06  0.1447801E+01
 -0.1051500E+06  0.1445798E+01
 -0.1051000E+06  0.1443798E+01
 -0.1050500E+06  0.1441800E+01
 -0.1050000E+06  0.1439805E+01
 -0.1049500E+06  0.1437813E+01
 -0.1049000E+06  0.1435824E+01
 -0.1048500E+06  0.1433837E+01
 -0.1048000E+06  0.1431853E+01
 -0.1047500E+06  0.1429872E+01
 -0.1047000E+06  0.1427893E+01
 -0.1046500E+06  0.1425917E+01
 -0.1046000E+06  0.1423944E+01
 -0.1045500E+06  0.1421974E+01
 -0.1045000E+06  0.1420006E+01
 -0.1044500E+06  0.1418041E+01
 -0.1044000E+06  0.1416079E+01
 -0.1043500E+06  0.1414119E+01
 -0.1043000E+06  0.1412162E+01
 -0.1042500E+06  0.1410207E+01
 -0.1042000E+06  0.1408256E+01
 -0.1041500E+06  0.1406307E+01
 -0.1041000E+06  0.1404360E+01
 -0.1040500E+06  0.1402417E+01
 -0.1040000E+06  0.1400476E+01
 -0.1039500E+06  0.1398537E+01
 -0.1039000E+06  0.1396602E+01
 -0.1038500E+06  0.1394668E+01
 -0.1038000E+06  0.1392738E+01
 -0.1037500E+06  0.1390810E+01
 -0.1037000E+06  0.1388885E+01
 -0.1036500E+06  0.1386962E+01
 -0.1036000E+06  0.1385042E+01
 -0.1035500E+06  0.1383125E+01
 -0.1035000E+06  0.1381210E+01
 -0.1034500E+06  0.1379298E+01
 -0.1034000E+06  0.1377389E+01
 -0.1033500E+06  0.1375482E+01
 -0.1033000E+06  0.1373578E+01
 -0.1032500E+06  0.1371676E+01
 -0.1032000E+06  0.1369777E+01
 -0.1031500E+06  0.1367881E+01
 -0.1031000E+06  0.1365987E+01
 -0.1030500E+06  0.1364096E+01
 -0.1030000E+06  0.1362207E+01
 -0.1029500E+06  0.1360321E+01
 -0.1029000E+06  0.1358438E+01
 -0.1028500E+06  0.1356557E+01
 -0.1028000E+06  0.1354679E+01
 -0.1027500E+06  0.1352803E+01
 -0.1027000E+06  0.1350930E+01
 -0.1026500E+06  0.1349059E+01
 -0.1026000E+06  0.1347191E+01
 -0.1025500E+06  0.1345326E+01
 -0.1025000E+06  0.1343463E+01
 -0.1024500E+06  0.1341603E+01
 -0.1024000E+06  0.1339745E+01
 -0.1023500E+06  0.1337890E+01
 -0.1023000E+06  0.1336038E+01
 -0.1022500E+06  0.1334188E+01
 -0.1022000E+06  0.1332341E+01
 -0.1021500E+06  0.1330496E+01
 -0.1021000E+06  0.1328653E+01
 -0.1020500E+06  0.1326814E+01
 -0.1020000E+06  0.1324977E+01
 -0.1019500E+06  0.1323142E+01
 -0.1019000E+06  0.1321310E+01
 -0.1018500E+06  0.1319481E+01
 -0.1018000E+06  0.1317654E+01
 -0.1017500E+06  0.1315829E+01
 -0.1017000E+06  0.1314008E+01
 -0.1016500E+06  0.1312188E+01
 -0.1016000E+06  0.1310372E+01
 -0.1015500E+06  0.1308557E+01
 -0.1015000E+06  0.1306746E+01
 -0.1014500E+06  0.1304937E+01
 -0.1014000E+06  0.1303130E+01
 -0.1013500E+06  0.1301326E+01
 -0.1013000E+06  0.1299525E+01
 -0.1012500E+06  0.1297726E+01
 -0.1012000E+06  0.1295930E+01
 -0.1011500E+06  0.1294136E+01
 -0.1011000E+06  0.1292344E+01
 -0.1010500E+06  0.1290556E+01
 -0.1010000E+06  0.1288769E+01
 -0.1009500E+06  0.1286986E+01
 -0.1009000E+06  0.1285205E+01
 -0.1008500E+06  0.1283426E+01
 -0.1008000E+06  0.1281650E+01
 -0.1007500E+06  0.1279876E+01
 -0.1007000E+06  0.1278105E+01
 -0.1006500E+06  0.1276337E+01
 -0.1006000E+06  0.1274571E+01
 -0.1005500E+06  0.1272807E+01
 -0.1005000E+06  0.1271046E+01
 -0.1004500E+06  0.1269288E+01
 -0.1004000E+06  0.1267532E+01
 -0.1003500E+06  0.1265779E+01
 -0.1003000E+06  0.1264028E+01
 -0.1002500E+06  0.1262280E+01
 -0.1002000E+06  0.1260534E+01
 -0.1001500E+06  0.1258790E+01
 -0.1001000E+06  0.1257050E+01
 -0.1000500E+06  0.1255311E+01
 -0.1000000E+06  0.1253576E+01
 -0.9995000E+05  0.1251842E+01
 -0.9990000E+05  0.1250112E+01
 -0.9985000E+05  0.1248383E+01
 -0.9980000E+05  0.1246658E+01
 -0.9975000E+05  0.1244935E+01
 -0.9970000E+05  0.1243214E+01
 -0.9965000E+05  0.1241496E+01
 -0.9960000E+05  0.1239780E+01
 -0.9955000E+05  0.1238067E+01
 -0.9950000E+05  0.1236356E+01
 -0.9945000E+05  0.1234648E+01
 -0.9940000E+05  0.1232942E+01
 -0.9935000E+05  0.1231239E+01
 -0.9930000E+05  0.1229538E+01
 -0.9925000E+05  0.1227840E+01
 -0.9920000E+05  0.1226145E+01
 -0.9915000E+05  0.1224451E+01
 -0.9910000E+05  0.1222761E+01
 -0.9905000E+05  0.1221073E+01
 -0.9900000E+05  0.1219387E+01
 -0.9895000E+05  0.1217704E+01
 -0.9890000E+05  0.1216023E+01
 -0.9885000E+05  0.1214345E+01
 -0.9880000E+05  0.1212669E+01
 -0.9875000E+05  0.1210995E+01
 -0.9870000E+05  0.1209325E+01
 -0.9865000E+05  0.1207656E+01
 -0.9860000E+05  0.1205990E+01
 -0.9855000E+05  0.1204327E+01
 -0.9850000E+05  0.1202666E+01
 -0.9845000E+05  0.1201008E+01
 -0.9840000E+05  0.1199352E+01
 -0.9835000E+05  0.1197698E+01
 -0.9830000E+05  0.1196047E+01
 -0.9825000E+05  0.1194398E+01
 -0.9820000E+05  0.1192752E+01
 -0.9815000E+05  0.1191109E+01
 -0.9810000E+05  0.1189467E+01
 -0.9805000E+05  0.1187828E+01
 -0.9800000E+05  0.1186192E+01
 -0.9795000E+05  0.1184558E+01
 -0.9790000E+05  0.1182927E+01
 -0.9785000E+05  0.1181298E+01
 -0.9780000E+05  0.1179671E+01
 -0.9775000E+05  0.1178047E+01
 -0.9770000E+05  0.1176425E+01
 -0.9765000E+05  0.1174806E+01
 -0.9760000E+05  0.1173189E+01
 -0.9755000E+05  0.1171575E+01
 -0.9750000E+05  0.1169963E+01
 -0.9745000E+05  0.1168354E+01
 -0.9740000E+05  0.1166746E+01
 -0.9735000E+05  0.1165142E+01
 -0.9730000E+05  0.1163539E+01
 -0.9725000E+05  0.1161940E+01
 -0.9720000E+05  0.1160342E+01
 -0.9715000E+05  0.1158747E+01
 -0.9710000E+05  0.1157154E+01
 -0.9705000E+05  0.1155564E+01
 -0.9700000E+05  0.1153976E+01
 -0.9695000E+05  0.1152391E+01
 -0.9690000E+05  0.1150808E+01
 -0.9685000E+05  0.1149227E+01
 -0.9680000E+05  0.1147649E+01
 -0.9675000E+05  0.1146073E+01
 -0.9670000E+05  0.1144499E+01
 -0.9665000E+05  0.1142928E+01
 -0.9660000E+05  0.1141359E+01
 -0.9655000E+05  0.1139793E+01
 -0.9650000E+05  0.1138229E+01
 -0.9645000E+05  0.1136667E+01
 -0.9640000E+05  0.1135108E+01
 -0.9635000E+05  0.1133551E+01
 -0.9630000E+05  0.1131996E+01
 -0.9625000E+05  0.1130444E+01
 -0.9620000E+05  0.1128894E+01
 -0.9615000E+05  0.1127346E+01
 -0.9610000E+05  0.1125801E+01
 -0.9605000E+05  0.1124258E+01
 -0.9600000E+05  0.1122717E+01
 -0.9595000E+05  0.1121179E+01
 -0.9590000E+05  0.1119643E+01
 -0.9585000E+05  0.1118109E+01
 -0.9580000E+05  0.1116578E+01
 -0.9575000E+05  0.1115049E+01
 -0.9570000E+05  0.1113522E+01
 -0.9565000E+05  0.1111998E+01
 -0.9560000E+05  0.1110475E+01
 -0.9555000E+05  0.1108956E+01
 -0.9550000E+05  0.1107438E+01
 -0.9545000E+05  0.1105923E+01
 -0.9540000E+05  0.1104410E+01
 -0.9535000E+05  0.1102899E+01
 -0.9530000E+05  0.1101390E+01
 -0.9525000E+05  0.1099884E+01
 -0.9520000E+05  0.1098380E+01
 -0.9515000E+05  0.1096878E+01
 -0.9510000E+05  0.1095379E+01
 -0.9505000E+05  0.1093882E+01
 -0.9500000E+05  0.1092387E+01
 -0.9495000E+05  0.1090894E+01
 -0.9490000E+05  0.1089403E+01
 -0.9485000E+05  0.1087915E+01
 -0.9480000E+05  0.1086429E+01
 -0.9475000E+05  0.1084945E+01
 -0.9470000E+05  0.1083463E+01
 -0.9465000E+05  0.1081984E+01
 -0.9460000E+05  0.1080507E+01
 -0.9455000E+05  0.1079032E+01
 -0.9450000E+05  0.1077559E+01
 -0.9445000E+05  0.1076088E+01
 -0.9440000E+05  0.1074620E+01
 -0.9435000E+05  0.1073153E+01
 -0.9430000E+05  0.1071689E+01
 -0.9425000E+05  0.1070227E+01
 -0.9420000E+05  0.1068768E+01
 -0.9415000E+05  0.1067310E+01
 -0.9410000E+05  0.1065854E+01
 -0.9405000E+05  0.1064401E+01
 -0.9400000E+05  0.1062950E+01
 -0.9395000E+05  0.1061501E+01
 -0.9390000E+05  0.1060054E+01
 -0.9385000E+05  0.1058609E+01
 -0.9380000E+05  0.1057167E+01
 -0.9375000E+05  0.1055726E+01
 -0.9370000E+05  0.1054288E+01
 -0.9365000E+05  0.1052851E+01
 -0.9360000E+05  0.1051417E+01
 -0.9355000E+05  0.1049985E+01
 -0.9350000E+05  0.1048555E+01
 -0.9345000E+05  0.1047127E+01
 -0.9340000E+05  0.1045701E+01
 -0.9335000E+05  0.1044277E+01
 -0.9330000E+05  0.1042856E+01
 -0.9325000E+05  0.1041436E+01
 -0.9320000E+05  0.1040019E+01
 -0.9315000E+05  0.1038603E+01
 -0.9310000E+05  0.1037190E+01
 -0.9305000E+05  0.1035778E+01
 -0.9300000E+05  0.1034369E+01
 -0.9295000E+05  0.1032962E+01
 -0.9290000E+05  0.1031556E+01
 -0.9285000E+05  0.1030153E+01
 -0.9280000E+05  0.1028752E+01
 -0.9275000E+05  0.1027353E+01
 -0.9270000E+05  0.1025956E+01
 -0.9265000E+05  0.1024560E+01
 -0.9260000E+05  0.1023167E+01
 -0.9255000E+05  0.1021776E+01
 -0.9250000E+05  0.1020387E+01
 -0.9245000E+05  0.1019000E+01
 -0.9240000E+05  0.1017615E+01
 -0.9235000E+05  0.1016231E+01
 -0.9230000E+05  0.1014850E+01
 -0.9225000E+05  0.1013471E+01
 -0.9220000E+05  0.1012094E+01
 -0.9215000E+05  0.1010718E+01
 -0.9210000E+05  0.1009345E+01
 -0.9205000E+05  0.1007974E+01
 -0.9200000E+05  0.1006604E+01
 -0.9195000E+05  0.1005237E+01
 -0.9190000E+05  0.1003871E+01
 -0.9185000E+05  0.1002508E+01
 -0.9180000E+05  0.1001146E+01
 -0.9175000E+05  0.9997864E+00
 -0.9170000E+05  0.9984286E+00
 -0.9165000E+05  0.9970727E+00
 -0.9160000E+05  0.9957187E+00
 -0.9155000E+05  0.9943667E+00
 -0.9150000E+05  0.9930166E+00
 -0.9145000E+05  0.9916684E+00
 -0.9140000E+05  0.9903221E+00
 -0.9135000E+05  0.9889776E+00
 -0.9130000E+05  0.9876351E+00
 -0.9125000E+05  0.9862945E+00
 -0.9120000E+05  0.9849557E+00
 -0.9115000E+05  0.9836189E+00
 -0.9110000E+05  0.9822839E+00
 -0.9105000E+05  0.9809508E+00
 -0.9100000E+05  0.9796196E+00
 -0.9095000E+05  0.9782903E+00
 -0.9090000E+05  0.9769628E+00
 -0.9085000E+05  0.9756372E+00
 -0.9080000E+05  0.9743134E+00
 -0.9075000E+05  0.9729915E+00
 -0.9070000E+05  0.9716715E+00
 -0.9065000E+05  0.9703533E+00
 -0.9060000E+05  0.9690369E+00
 -0.9055000E+05  0.9677224E+00
 -0.9050000E+05  0.9664098E+00
 -0.9045000E+05  0.9650990E+00
 -0.9040000E+05  0.9637900E+00
 -0.9035000E+05  0.9624829E+00
 -0.9030000E+05  0.9611776E+00
 -0.9025000E+05  0.9598741E+00
 -0.9020000E+05  0.9585724E+00
 -0.9015000E+05  0.9572726E+00
 -0.9010000E+05  0.9559746E+00
 -0.9005000E+05  0.9546784E+00
 -0.9000000E+05  0.9533841E+00
 -0.8995000E+05  0.9520915E+00
 -0.8990000E+05  0.9508008E+00
 -0.8985000E+05  0.9495119E+00
 -0.8980000E+05  0.9482248E+00
 -0.8975000E+05  0.9469395E+00
 -0.8970000E+05  0.9456560E+00
 -0.8965000E+05  0.9443743E+00
 -0.8960000E+05  0.9430945E+00
 -0.8955000E+05  0.9418164E+00
 -0.8950000E+05  0.9405401E+00
 -0.8945000E+05  0.9392656E+00
 -0.8940000E+05  0.9379930E+00
 -0.8935000E+05  0.9367221E+00
 -0.8930000E+05  0.9354530E+00
 -0.8925000E+05  0.9341857E+00
 -0.8920000E+05  0.9329202E+00
 -0.8915000E+05  0.9316565E+00
 -0.8910000E+05  0.9303946E+00
 -0.8905000E+05  0.9291345E+00
 -0.8900000E+05  0.9278761E+00
 -0.8895000E+05  0.9266196E+00
 -0.8890000E+05  0.9253648E+00
 -0.8885000E+05  0.9241119E+00
 -0.8880000E+05  0.9228607E+00
 -0.8875000E+05  0.9216113E+00
 -0.8870000E+05  0.9203637E+00
 -0.8865000E+05  0.9191178E+00
 -0.8860000E+05  0.9178738E+00
 -0.8855000E+05  0.9166315E+00
 -0.8850000E+05  0.9153911E+00
 -0.8845000E+05  0.9141524E+00
 -0.8840000E+05  0.9129155E+00
 -0.8835000E+05  0.9116804E+00
 -0.8830000E+05  0.9104470E+00
 -0.8825000E+05  0.9092155E+00
 -0.8820000E+05  0.9079857E+00
 -0.8815000E+05  0.9067578E+00
 -0.8810000E+05  0.9055316E+00
 -0.8805000E+05  0.9043072E+00
 -0.8800000E+05  0.9030846E+00
 -0.8795000E+05  0.9018637E+00
 -0.8790000E+05  0.9006447E+00
 -0.8785000E+05  0.8994274E+00
 -0.8780000E+05  0.8982119E+00
 -0.8775000E+05  0.8969983E+00
 -0.8770000E+05  0.8957864E+00
 -0.8765000E+05  0.8945763E+00
 -0.8760000E+05  0.8933679E+00
 -0.8755000E+05  0.8921614E+00
 -0.8750000E+05  0.8909567E+00
 -0.8745000E+05  0.8897537E+00
 -0.8740000E+05  0.8885526E+00
 -0.8735000E+05  0.8873532E+00
 -0.8730000E+05  0.8861557E+00
 -0.8725000E+05  0.8849599E+00
 -0.8720000E+05  0.8837659E+00
 -0.8715000E+05  0.8825738E+00
 -0.8710000E+05  0.8813834E+00
 -0.8705000E+05  0.8801948E+00
 -0.8700000E+05  0.8790080E+00
 -0.8695000E+05  0.8778230E+00
 -0.8690000E+05  0.8766398E+00
 -0.8685000E+05  0.8754584E+00
 -0.8680000E+05  0.8742789E+00
 -0.8675000E+05  0.8731011E+00
 -0.8670000E+05  0.8719251E+00
 -0.8665000E+05  0.8707509E+00
 -0.8660000E+05  0.8695785E+00
 -0.8655000E+05  0.8684080E+00
 -0.8650000E+05  0.8672392E+00
 -0.8645000E+05  0.8660723E+00
 -0.8640000E+05  0.8649071E+00
 -0.8635000E+05  0.8637437E+00
 -0.8630000E+05  0.8625822E+00
 -0.8625000E+05  0.8614225E+00
 -0.8620000E+05  0.8602645E+00
 -0.8615000E+05  0.8591084E+00
 -0.8610000E+05  0.8579541E+00
 -0.8605000E+05  0.8568016E+00
 -0.8600000E+05  0.8556509E+00
 -0.8595000E+05  0.8545020E+00
 -0.8590000E+05  0.8533549E+00
 -0.8585000E+05  0.8522096E+00
 -0.8580000E+05  0.8510661E+00
 -0.8575000E+05  0.8499244E+00
 -0.8570000E+05  0.8487846E+00
 -0.8565000E+05  0.8476465E+00
 -0.8560000E+05  0.8465102E+00
 -0.8555000E+05  0.8453758E+00
 -0.8550000E+05  0.8442431E+00
 -0.8545000E+05  0.8431122E+00
 -0.8540000E+05  0.8419831E+00
 -0.8535000E+05  0.8408558E+00
 -0.8530000E+05  0.8397304E+00
 -0.8525000E+05  0.8386066E+00
 -0.8520000E+05  0.8374847E+00
 -0.8515000E+05  0.8363646E+00
 -0.8510000E+05  0.8352463E+00
 -0.8505000E+05  0.8341297E+00
 -0.8500000E+05  0.8330149E+00
 -0.8495000E+05  0.8319019E+00
 -0.8490000E+05  0.8307906E+00
 -0.8485000E+05  0.8296811E+00
 -0.8480000E+05  0.8285734E+00
 -0.8475000E+05  0.8274674E+00
 -0.8470000E+05  0.8263632E+00
 -0.8465000E+05  0.8252607E+00
 -0.8460000E+05  0.8241600E+00
 -0.8455000E+05  0.8230610E+00
 -0.8450000E+05  0.8219637E+00
 -0.8445000E+05  0.8208682E+00
 -0.8440000E+05  0.8197744E+00
 -0.8435000E+05  0.8186823E+00
 -0.8430000E+05  0.8175918E+00
 -0.8425000E+05  0.8165031E+00
 -0.8420000E+05  0.8154161E+00
 -0.8415000E+05  0.8143308E+00
 -0.8410000E+05  0.8132471E+00
 -0.8405000E+05  0.8121651E+00
 -0.8400000E+05  0.8110848E+00
 -0.8395000E+05  0.8100060E+00
 -0.8390000E+05  0.8089290E+00
 -0.8385000E+05  0.8078535E+00
 -0.8380000E+05  0.8067797E+00
 -0.8375000E+05  0.8057075E+00
 -0.8370000E+05  0.8046368E+00
 -0.8365000E+05  0.8035677E+00
 -0.8360000E+05  0.8025002E+00
 -0.8355000E+05  0.8014343E+00
 -0.8350000E+05  0.8003699E+00
 -0.8345000E+05  0.7993070E+00
 -0.8340000E+05  0.7982456E+00
 -0.8335000E+05  0.7971857E+00
 -0.8330000E+05  0.7961273E+00
 -0.8325000E+05  0.7950703E+00
 -0.8320000E+05  0.7940148E+00
 -0.8315000E+05  0.7929607E+00
 -0.8310000E+05  0.7919080E+00
 -0.8305000E+05  0.7908567E+00
 -0.8300000E+05  0.7898068E+00
 -0.8295000E+05  0.7887582E+00
 -0.8290000E+05  0.7877110E+00
 -0.8285000E+05  0.7866650E+00
 -0.8280000E+05  0.7856203E+00
 -0.8275000E+05  0.7845769E+00
 -0.8270000E+05  0.7835348E+00
 -0.8265000E+05  0.7824938E+00
 -0.8260000E+05  0.7814540E+00
 -0.8255000E+05  0.7804154E+00
 -0.8250000E+05  0.7793779E+00
 -0.8245000E+05  0.7783415E+00
 -0.8240000E+05  0.7773062E+00
 -0.8235000E+05  0.7762719E+00
 -0.8230000E+05  0.7752387E+00
 -0.8225000E+05  0.7742064E+00
 -0.8220000E+05  0.7731751E+00
 -0.8215000E+05  0.7721447E+00
 -0.8210000E+05  0.7711152E+00
 -0.8205000E+05  0.7700866E+00
 -0.8200000E+05  0.7690587E+00
 -0.8195000E+05  0.7680317E+00
 -0.8190000E+05  0.7670053E+00
 -0.8185000E+05  0.7659797E+00
 -0.8180000E+05  0.7649548E+00
