 -0.1131000E+06  0.9999012E+00
 -0.1130500E+06  0.9999013E+00
 -0.1130000E+06  0.9999014E+00
 -0.1129500E+06  0.9999015E+00
 -0.1129000E+06  0.9999016E+00
 -0.1128500E+06  0.9999017E+00
 -0.1128000E+06  0.9999018E+00
 -0.1127500E+06  0.9999019E+00
 -0.1127000E+06  0.9999020E+00
 -0.1126500E+06  0.9999021E+00
 -0.1126000E+06  0.9999022E+00
 -0.1125500E+06  0.9999023E+00
 -0.1125000E+06  0.9999024E+00
 -0.1124500E+06  0.9999026E+00
 -0.1124000E+06  0.9999027E+00
 -0.1123500E+06  0.9999028E+00
 -0.1123000E+06  0.9999029E+00
 -0.1122500E+06  0.9999030E+00
 -0.1122000E+06  0.9999031E+00
 -0.1121500E+06  0.9999032E+00
 -0.1121000E+06  0.9999033E+00
 -0.1120500E+06  0.9999035E+00
 -0.1120000E+06  0.9999036E+00
 -0.1119500E+06  0.9999037E+00
 -0.1119000E+06  0.9999038E+00
 -0.1118500E+06  0.9999039E+00
 -0.1118000E+06  0.9999041E+00
 -0.1117500E+06  0.9999042E+00
 -0.1117000E+06  0.9999043E+00
 -0.1116500E+06  0.9999044E+00
 -0.1116000E+06  0.9999046E+00
 -0.1115500E+06  0.9999047E+00
 -0.1115000E+06  0.9999048E+00
 -0.1114500E+06  0.9999049E+00
 -0.1114000E+06  0.9999051E+00
 -0.1113500E+06  0.9999052E+00
 -0.1113000E+06  0.9999053E+00
 -0.1112500E+06  0.9999054E+00
 -0.1112000E+06  0.9999056E+00
 -0.1111500E+06  0.9999057E+00
 -0.1111000E+06  0.9999058E+00
 -0.1110500E+06  0.9999060E+00
 -0.1110000E+06  0.9999061E+00
 -0.1109500E+06  0.9999062E+00
 -0.1109000E+06  0.9999064E+00
 -0.1108500E+06  0.9999065E+00
 -0.1108000E+06  0.9999066E+00
 -0.1107500E+06  0.9999067E+00
 -0.1107000E+06  0.9999069E+00
 -0.1106500E+06  0.9999070E+00
 -0.1106000E+06  0.9999071E+00
 -0.1105500E+06  0.9999073E+00
 -0.1105000E+06  0.9999074E+00
 -0.1104500E+06  0.9999075E+00
 -0.1104000E+06  0.9999077E+00
 -0.1103500E+06  0.9999078E+00
 -0.1103000E+06  0.9999079E+00
 -0.1102500E+06  0.9999081E+00
 -0.1102000E+06  0.9999082E+00
 -0.1101500E+06  0.9999083E+00
 -0.1101000E+06  0.9999085E+00
 -0.1100500E+06  0.9999086E+00
 -0.1100000E+06  0.9999087E+00
 -0.1099500E+06  0.9999089E+00
 -0.1099000E+06  0.9999090E+00
 -0.1098500E+06  0.9999091E+00
 -0.1098000E+06  0.9999093E+00
 -0.1097500E+06  0.9999094E+00
 -0.1097000E+06  0.9999095E+00
 -0.1096500E+06  0.9999097E+00
 -0.1096000E+06  0.9999098E+00
 -0.1095500E+06  0.9999099E+00
 -0.1095000E+06  0.9999100E+00
 -0.1094500E+06  0.9999102E+00
 -0.1094000E+06  0.9999103E+00
 -0.1093500E+06  0.9999104E+00
 -0.1093000E+06  0.9999106E+00
 -0.1092500E+06  0.9999107E+00
 -0.1092000E+06  0.9999108E+00
 -0.1091500E+06  0.9999110E+00
 -0.1091000E+06  0.9999111E+00
 -0.1090500E+06  0.9999112E+00
 -0.1090000E+06  0.9999114E+00
 -0.1089500E+06  0.9999115E+00
 -0.1089000E+06  0.9999116E+00
 -0.1088500E+06  0.9999117E+00
 -0.1088000E+06  0.9999119E+00
 -0.1087500E+06  0.9999120E+00
 -0.1087000E+06  0.9999121E+00
 -0.1086500E+06  0.9999123E+00
 -0.1086000E+06  0.9999124E+00
 -0.1085500E+06  0.9999125E+00
 -0.1085000E+06  0.9999126E+00
 -0.1084500E+06  0.9999128E+00
 -0.1084000E+06  0.9999129E+00
 -0.1083500E+06  0.9999130E+00
 -0.1083000E+06  0.9999131E+00
 -0.1082500E+06  0.9999133E+00
 -0.1082000E+06  0.9999134E+00
 -0.1081500E+06  0.9999135E+00
 -0.1081000E+06  0.9999136E+00
 -0.1080500E+06  0.9999138E+00
 -0.1080000E+06  0.9999139E+00
 -0.1079500E+06  0.9999140E+00
 -0.1079000E+06  0.9999141E+00
 -0.1078500E+06  0.9999143E+00
 -0.1078000E+06  0.9999144E+00
 -0.1077500E+06  0.9999145E+00
 -0.1077000E+06  0.9999146E+00
 -0.1076500E+06  0.9999148E+00
 -0.1076000E+06  0.9999149E+00
 -0.1075500E+06  0.9999150E+00
 -0.1075000E+06  0.9999151E+00
 -0.1074500E+06  0.9999152E+00
 -0.1074000E+06  0.9999154E+00
 -0.1073500E+06  0.9999155E+00
 -0.1073000E+06  0.9999156E+00
 -0.1072500E+06  0.9999157E+00
 -0.1072000E+06  0.9999158E+00
 -0.1071500E+06  0.9999160E+00
 -0.1071000E+06  0.9999161E+00
 -0.1070500E+06  0.9999162E+00
 -0.1070000E+06  0.9999163E+00
 -0.1069500E+06  0.9999164E+00
 -0.1069000E+06  0.9999166E+00
 -0.1068500E+06  0.9999167E+00
 -0.1068000E+06  0.9999168E+00
 -0.1067500E+06  0.9999169E+00
 -0.1067000E+06  0.9999170E+00
 -0.1066500E+06  0.9999171E+00
 -0.1066000E+06  0.9999173E+00
 -0.1065500E+06  0.9999174E+00
 -0.1065000E+06  0.9999175E+00
 -0.1064500E+06  0.9999176E+00
 -0.1064000E+06  0.9999177E+00
 -0.1063500E+06  0.9999178E+00
 -0.1063000E+06  0.9999180E+00
 -0.1062500E+06  0.9999181E+00
 -0.1062000E+06  0.9999182E+00
 -0.1061500E+06  0.9999183E+00
 -0.1061000E+06  0.9999184E+00
 -0.1060500E+06  0.9999185E+00
 -0.1060000E+06  0.9999186E+00
 -0.1059500E+06  0.9999187E+00
 -0.1059000E+06  0.9999189E+00
 -0.1058500E+06  0.9999190E+00
 -0.1058000E+06  0.9999191E+00
 -0.1057500E+06  0.9999192E+00
 -0.1057000E+06  0.9999193E+00
 -0.1056500E+06  0.9999194E+00
 -0.1056000E+06  0.9999195E+00
 -0.1055500E+06  0.9999196E+00
 -0.1055000E+06  0.9999198E+00
 -0.1054500E+06  0.9999199E+00
 -0.1054000E+06  0.9999200E+00
 -0.1053500E+06  0.9999201E+00
 -0.1053000E+06  0.9999202E+00
 -0.1052500E+06  0.9999203E+00
 -0.1052000E+06  0.9999204E+00
 -0.1051500E+06  0.9999205E+00
 -0.1051000E+06  0.9999206E+00
 -0.1050500E+06  0.9999207E+00
 -0.1050000E+06  0.9999209E+00
 -0.1049500E+06  0.9999210E+00
 -0.1049000E+06  0.9999211E+00
 -0.1048500E+06  0.9999212E+00
 -0.1048000E+06  0.9999213E+00
 -0.1047500E+06  0.9999214E+00
 -0.1047000E+06  0.9999215E+00
 -0.1046500E+06  0.9999216E+00
 -0.1046000E+06  0.9999217E+00
 -0.1045500E+06  0.9999218E+00
 -0.1045000E+06  0.9999219E+00
 -0.1044500E+06  0.9999220E+00
 -0.1044000E+06  0.9999221E+00
 -0.1043500E+06  0.9999222E+00
 -0.1043000E+06  0.9999224E+00
 -0.1042500E+06  0.9999225E+00
 -0.1042000E+06  0.9999226E+00
 -0.1041500E+06  0.9999227E+00
 -0.1041000E+06  0.9999228E+00
 -0.1040500E+06  0.9999229E+00
 -0.1040000E+06  0.9999230E+00
 -0.1039500E+06  0.9999231E+00
 -0.1039000E+06  0.9999232E+00
 -0.1038500E+06  0.9999233E+00
 -0.1038000E+06  0.9999234E+00
 -0.1037500E+06  0.9999235E+00
 -0.1037000E+06  0.9999236E+00
 -0.1036500E+06  0.9999237E+00
 -0.1036000E+06  0.9999238E+00
 -0.1035500E+06  0.9999239E+00
 -0.1035000E+06  0.9999240E+00
 -0.1034500E+06  0.9999241E+00
 -0.1034000E+06  0.9999242E+00
 -0.1033500E+06  0.9999243E+00
 -0.1033000E+06  0.9999244E+00
 -0.1032500E+06  0.9999246E+00
 -0.1032000E+06  0.9999247E+00
 -0.1031500E+06  0.9999248E+00
 -0.1031000E+06  0.9999249E+00
 -0.1030500E+06  0.9999250E+00
 -0.1030000E+06  0.9999251E+00
 -0.1029500E+06  0.9999252E+00
 -0.1029000E+06  0.9999253E+00
 -0.1028500E+06  0.9999254E+00
 -0.1028000E+06  0.9999255E+00
 -0.1027500E+06  0.9999256E+00
 -0.1027000E+06  0.9999257E+00
 -0.1026500E+06  0.9999258E+00
 -0.1026000E+06  0.9999259E+00
 -0.1025500E+06  0.9999260E+00
 -0.1025000E+06  0.9999261E+00
 -0.1024500E+06  0.9999262E+00
 -0.1024000E+06  0.9999263E+00
 -0.1023500E+06  0.9999264E+00
 -0.1023000E+06  0.9999265E+00
 -0.1022500E+06  0.9999266E+00
 -0.1022000E+06  0.9999267E+00
 -0.1021500E+06  0.9999268E+00
 -0.1021000E+06  0.9999269E+00
 -0.1020500E+06  0.9999270E+00
 -0.1020000E+06  0.9999271E+00
 -0.1019500E+06  0.9999272E+00
 -0.1019000E+06  0.9999273E+00
 -0.1018500E+06  0.9999274E+00
 -0.1018000E+06  0.9999275E+00
 -0.1017500E+06  0.9999276E+00
 -0.1017000E+06  0.9999277E+00
 -0.1016500E+06  0.9999278E+00
 -0.1016000E+06  0.9999279E+00
 -0.1015500E+06  0.9999280E+00
 -0.1015000E+06  0.9999281E+00
 -0.1014500E+06  0.9999282E+00
 -0.1014000E+06  0.9999283E+00
 -0.1013500E+06  0.9999284E+00
 -0.1013000E+06  0.9999285E+00
 -0.1012500E+06  0.9999286E+00
 -0.1012000E+06  0.9999287E+00
 -0.1011500E+06  0.9999288E+00
 -0.1011000E+06  0.9999289E+00
 -0.1010500E+06  0.9999290E+00
 -0.1010000E+06  0.9999291E+00
 -0.1009500E+06  0.9999292E+00
 -0.1009000E+06  0.9999293E+00
 -0.1008500E+06  0.9999294E+00
 -0.1008000E+06  0.9999295E+00
 -0.1007500E+06  0.9999296E+00
 -0.1007000E+06  0.9999297E+00
 -0.1006500E+06  0.9999298E+00
 -0.1006000E+06  0.9999299E+00
 -0.1005500E+06  0.9999300E+00
 -0.1005000E+06  0.9999301E+00
 -0.1004500E+06  0.9999302E+00
 -0.1004000E+06  0.9999303E+00
 -0.1003500E+06  0.9999304E+00
 -0.1003000E+06  0.9999305E+00
 -0.1002500E+06  0.9999306E+00
 -0.1002000E+06  0.9999307E+00
 -0.1001500E+06  0.9999308E+00
 -0.1001000E+06  0.9999309E+00
 -0.1000500E+06  0.9999310E+00
 -0.1000000E+06  0.9999311E+00
 -0.9995000E+05  0.9999312E+00
 -0.9990000E+05  0.9999313E+00
 -0.9985000E+05  0.9999314E+00
 -0.9980000E+05  0.9999315E+00
 -0.9975000E+05  0.9999316E+00
 -0.9970000E+05  0.9999317E+00
 -0.9965000E+05  0.9999318E+00
 -0.9960000E+05  0.9999319E+00
 -0.9955000E+05  0.9999320E+00
 -0.9950000E+05  0.9999321E+00
 -0.9945000E+05  0.9999322E+00
 -0.9940000E+05  0.9999323E+00
 -0.9935000E+05  0.9999324E+00
 -0.9930000E+05  0.9999325E+00
 -0.9925000E+05  0.9999326E+00
 -0.9920000E+05  0.9999327E+00
 -0.9915000E+05  0.9999328E+00
 -0.9910000E+05  0.9999329E+00
 -0.9905000E+05  0.9999330E+00
 -0.9900000E+05  0.9999331E+00
 -0.9895000E+05  0.9999332E+00
 -0.9890000E+05  0.9999333E+00
 -0.9885000E+05  0.9999334E+00
 -0.9880000E+05  0.9999335E+00
 -0.9875000E+05  0.9999336E+00
 -0.9870000E+05  0.9999337E+00
 -0.9865000E+05  0.9999338E+00
 -0.9860000E+05  0.9999339E+00
 -0.9855000E+05  0.9999340E+00
 -0.9850000E+05  0.9999341E+00
 -0.9845000E+05  0.9999342E+00
 -0.9840000E+05  0.9999343E+00
 -0.9835000E+05  0.9999344E+00
 -0.9830000E+05  0.9999345E+00
 -0.9825000E+05  0.9999346E+00
 -0.9820000E+05  0.9999347E+00
 -0.9815000E+05  0.9999348E+00
 -0.9810000E+05  0.9999349E+00
 -0.9805000E+05  0.9999350E+00
 -0.9800000E+05  0.9999351E+00
 -0.9795000E+05  0.9999352E+00
 -0.9790000E+05  0.9999353E+00
 -0.9785000E+05  0.9999354E+00
 -0.9780000E+05  0.9999355E+00
 -0.9775000E+05  0.9999356E+00
 -0.9770000E+05  0.9999357E+00
 -0.9765000E+05  0.9999358E+00
 -0.9760000E+05  0.9999359E+00
 -0.9755000E+05  0.9999360E+00
 -0.9750000E+05  0.9999360E+00
 -0.9745000E+05  0.9999361E+00
 -0.9740000E+05  0.9999362E+00
 -0.9735000E+05  0.9999363E+00
 -0.9730000E+05  0.9999364E+00
 -0.9725000E+05  0.9999365E+00
 -0.9720000E+05  0.9999366E+00
 -0.9715000E+05  0.9999367E+00
 -0.9710000E+05  0.9999368E+00
 -0.9705000E+05  0.9999369E+00
 -0.9700000E+05  0.9999370E+00
 -0.9695000E+05  0.9999371E+00
 -0.9690000E+05  0.9999372E+00
 -0.9685000E+05  0.9999373E+00
 -0.9680000E+05  0.9999374E+00
 -0.9675000E+05  0.9999375E+00
 -0.9670000E+05  0.9999376E+00
 -0.9665000E+05  0.9999377E+00
 -0.9660000E+05  0.9999378E+00
 -0.9655000E+05  0.9999379E+00
 -0.9650000E+05  0.9999379E+00
 -0.9645000E+05  0.9999380E+00
 -0.9640000E+05  0.9999381E+00
 -0.9635000E+05  0.9999382E+00
 -0.9630000E+05  0.9999383E+00
 -0.9625000E+05  0.9999384E+00
 -0.9620000E+05  0.9999385E+00
 -0.9615000E+05  0.9999386E+00
 -0.9610000E+05  0.9999387E+00
 -0.9605000E+05  0.9999388E+00
 -0.9600000E+05  0.9999389E+00
 -0.9595000E+05  0.9999390E+00
 -0.9590000E+05  0.9999391E+00
 -0.9585000E+05  0.9999392E+00
 -0.9580000E+05  0.9999392E+00
 -0.9575000E+05  0.9999393E+00
 -0.9570000E+05  0.9999394E+00
 -0.9565000E+05  0.9999395E+00
 -0.9560000E+05  0.9999396E+00
 -0.9555000E+05  0.9999397E+00
 -0.9550000E+05  0.9999398E+00
 -0.9545000E+05  0.9999399E+00
 -0.9540000E+05  0.9999400E+00
 -0.9535000E+05  0.9999401E+00
 -0.9530000E+05  0.9999402E+00
 -0.9525000E+05  0.9999402E+00
 -0.9520000E+05  0.9999403E+00
 -0.9515000E+05  0.9999404E+00
 -0.9510000E+05  0.9999405E+00
 -0.9505000E+05  0.9999406E+00
 -0.9500000E+05  0.9999407E+00
 -0.9495000E+05  0.9999408E+00
 -0.9490000E+05  0.9999409E+00
 -0.9485000E+05  0.9999410E+00
 -0.9480000E+05  0.9999410E+00
 -0.9475000E+05  0.9999411E+00
 -0.9470000E+05  0.9999412E+00
 -0.9465000E+05  0.9999413E+00
 -0.9460000E+05  0.9999414E+00
 -0.9455000E+05  0.9999415E+00
 -0.9450000E+05  0.9999416E+00
 -0.9445000E+05  0.9999417E+00
 -0.9440000E+05  0.9999417E+00
 -0.9435000E+05  0.9999418E+00
 -0.9430000E+05  0.9999419E+00
 -0.9425000E+05  0.9999420E+00
 -0.9420000E+05  0.9999421E+00
 -0.9415000E+05  0.9999422E+00
 -0.9410000E+05  0.9999423E+00
 -0.9405000E+05  0.9999423E+00
 -0.9400000E+05  0.9999424E+00
 -0.9395000E+05  0.9999425E+00
 -0.9390000E+05  0.9999426E+00
 -0.9385000E+05  0.9999427E+00
 -0.9380000E+05  0.9999428E+00
 -0.9375000E+05  0.9999428E+00
 -0.9370000E+05  0.9999429E+00
 -0.9365000E+05  0.9999430E+00
 -0.9360000E+05  0.9999431E+00
 -0.9355000E+05  0.9999432E+00
 -0.9350000E+05  0.9999433E+00
 -0.9345000E+05  0.9999433E+00
 -0.9340000E+05  0.9999434E+00
 -0.9335000E+05  0.9999435E+00
 -0.9330000E+05  0.9999436E+00
 -0.9325000E+05  0.9999437E+00
 -0.9320000E+05  0.9999438E+00
 -0.9315000E+05  0.9999438E+00
 -0.9310000E+05  0.9999439E+00
 -0.9305000E+05  0.9999440E+00
 -0.9300000E+05  0.9999441E+00
 -0.9295000E+05  0.9999442E+00
 -0.9290000E+05  0.9999442E+00
 -0.9285000E+05  0.9999443E+00
 -0.9280000E+05  0.9999444E+00
 -0.9275000E+05  0.9999445E+00
 -0.9270000E+05  0.9999446E+00
 -0.9265000E+05  0.9999446E+00
 -0.9260000E+05  0.9999447E+00
 -0.9255000E+05  0.9999448E+00
 -0.9250000E+05  0.9999449E+00
 -0.9245000E+05  0.9999450E+00
 -0.9240000E+05  0.9999450E+00
 -0.9235000E+05  0.9999451E+00
 -0.9230000E+05  0.9999452E+00
 -0.9225000E+05  0.9999453E+00
 -0.9220000E+05  0.9999454E+00
 -0.9215000E+05  0.9999454E+00
 -0.9210000E+05  0.9999455E+00
 -0.9205000E+05  0.9999456E+00
 -0.9200000E+05  0.9999457E+00
 -0.9195000E+05  0.9999457E+00
 -0.9190000E+05  0.9999458E+00
 -0.9185000E+05  0.9999459E+00
 -0.9180000E+05  0.9999460E+00
 -0.9175000E+05  0.9999461E+00
 -0.9170000E+05  0.9999461E+00
 -0.9165000E+05  0.9999462E+00
 -0.9160000E+05  0.9999463E+00
 -0.9155000E+05  0.9999464E+00
 -0.9150000E+05  0.9999464E+00
 -0.9145000E+05  0.9999465E+00
 -0.9140000E+05  0.9999466E+00
 -0.9135000E+05  0.9999467E+00
 -0.9130000E+05  0.9999467E+00
 -0.9125000E+05  0.9999468E+00
 -0.9120000E+05  0.9999469E+00
 -0.9115000E+05  0.9999470E+00
 -0.9110000E+05  0.9999470E+00
 -0.9105000E+05  0.9999471E+00
 -0.9100000E+05  0.9999472E+00
 -0.9095000E+05  0.9999473E+00
 -0.9090000E+05  0.9999473E+00
 -0.9085000E+05  0.9999474E+00
 -0.9080000E+05  0.9999475E+00
 -0.9075000E+05  0.9999476E+00
 -0.9070000E+05  0.9999476E+00
 -0.9065000E+05  0.9999477E+00
 -0.9060000E+05  0.9999478E+00
 -0.9055000E+05  0.9999478E+00
 -0.9050000E+05  0.9999479E+00
 -0.9045000E+05  0.9999480E+00
 -0.9040000E+05  0.9999481E+00
 -0.9035000E+05  0.9999481E+00
 -0.9030000E+05  0.9999482E+00
 -0.9025000E+05  0.9999483E+00
 -0.9020000E+05  0.9999484E+00
 -0.9015000E+05  0.9999484E+00
 -0.9010000E+05  0.9999485E+00
 -0.9005000E+05  0.9999486E+00
 -0.9000000E+05  0.9999486E+00
 -0.8995000E+05  0.9999487E+00
 -0.8990000E+05  0.9999488E+00
 -0.8985000E+05  0.9999489E+00
 -0.8980000E+05  0.9999489E+00
 -0.8975000E+05  0.9999490E+00
 -0.8970000E+05  0.9999491E+00
 -0.8965000E+05  0.9999491E+00
 -0.8960000E+05  0.9999492E+00
 -0.8955000E+05  0.9999493E+00
 -0.8950000E+05  0.9999494E+00
 -0.8945000E+05  0.9999494E+00
 -0.8940000E+05  0.9999495E+00
 -0.8935000E+05  0.9999496E+00
 -0.8930000E+05  0.9999496E+00
 -0.8925000E+05  0.9999497E+00
 -0.8920000E+05  0.9999498E+00
 -0.8915000E+05  0.9999499E+00
 -0.8910000E+05  0.9999499E+00
 -0.8905000E+05  0.9999500E+00
 -0.8900000E+05  0.9999501E+00
 -0.8895000E+05  0.9999501E+00
 -0.8890000E+05  0.9999502E+00
 -0.8885000E+05  0.9999503E+00
 -0.8880000E+05  0.9999504E+00
 -0.8875000E+05  0.9999504E+00
 -0.8870000E+05  0.9999505E+00
 -0.8865000E+05  0.9999506E+00
 -0.8860000E+05  0.9999506E+00
 -0.8855000E+05  0.9999507E+00
 -0.8850000E+05  0.9999508E+00
 -0.8845000E+05  0.9999509E+00
 -0.8840000E+05  0.9999509E+00
 -0.8835000E+05  0.9999510E+00
 -0.8830000E+05  0.9999511E+00
 -0.8825000E+05  0.9999511E+00
 -0.8820000E+05  0.9999512E+00
 -0.8815000E+05  0.9999513E+00
 -0.8810000E+05  0.9999514E+00
 -0.8805000E+05  0.9999514E+00
 -0.8800000E+05  0.9999515E+00
 -0.8795000E+05  0.9999516E+00
 -0.8790000E+05  0.9999516E+00
 -0.8785000E+05  0.9999517E+00
 -0.8780000E+05  0.9999518E+00
 -0.8775000E+05  0.9999518E+00
 -0.8770000E+05  0.9999519E+00
 -0.8765000E+05  0.9999520E+00
 -0.8760000E+05  0.9999521E+00
 -0.8755000E+05  0.9999521E+00
 -0.8750000E+05  0.9999522E+00
 -0.8745000E+05  0.9999523E+00
 -0.8740000E+05  0.9999523E+00
 -0.8735000E+05  0.9999524E+00
 -0.8730000E+05  0.9999525E+00
 -0.8725000E+05  0.9999526E+00
 -0.8720000E+05  0.9999526E+00
 -0.8715000E+05  0.9999527E+00
 -0.8710000E+05  0.9999528E+00
 -0.8705000E+05  0.9999528E+00
 -0.8700000E+05  0.9999529E+00
 -0.8695000E+05  0.9999530E+00
 -0.8690000E+05  0.9999531E+00
 -0.8685000E+05  0.9999531E+00
 -0.8680000E+05  0.9999532E+00
 -0.8675000E+05  0.9999533E+00
 -0.8670000E+05  0.9999533E+00
 -0.8665000E+05  0.9999534E+00
 -0.8660000E+05  0.9999535E+00
 -0.8655000E+05  0.9999536E+00
 -0.8650000E+05  0.9999536E+00
 -0.8645000E+05  0.9999537E+00
 -0.8640000E+05  0.9999538E+00
 -0.8635000E+05  0.9999538E+00
 -0.8630000E+05  0.9999539E+00
 -0.8625000E+05  0.9999540E+00
 -0.8620000E+05  0.9999541E+00
 -0.8615000E+05  0.9999541E+00
 -0.8610000E+05  0.9999542E+00
 -0.8605000E+05  0.9999543E+00
 -0.8600000E+05  0.9999543E+00
 -0.8595000E+05  0.9999544E+00
 -0.8590000E+05  0.9999545E+00
 -0.8585000E+05  0.9999546E+00
 -0.8580000E+05  0.9999546E+00
 -0.8575000E+05  0.9999547E+00
 -0.8570000E+05  0.9999548E+00
 -0.8565000E+05  0.9999549E+00
 -0.8560000E+05  0.9999549E+00
 -0.8555000E+05  0.9999550E+00
 -0.8550000E+05  0.9999551E+00
 -0.8545000E+05  0.9999551E+00
 -0.8540000E+05  0.9999552E+00
 -0.8535000E+05  0.9999553E+00
 -0.8530000E+05  0.9999553E+00
 -0.8525000E+05  0.9999554E+00
 -0.8520000E+05  0.9999555E+00
 -0.8515000E+05  0.9999556E+00
 -0.8510000E+05  0.9999556E+00
 -0.8505000E+05  0.9999557E+00
 -0.8500000E+05  0.9999558E+00
 -0.8495000E+05  0.9999558E+00
 -0.8490000E+05  0.9999559E+00
 -0.8485000E+05  0.9999560E+00
 -0.8480000E+05  0.9999561E+00
 -0.8475000E+05  0.9999561E+00
 -0.8470000E+05  0.9999562E+00
 -0.8465000E+05  0.9999563E+00
 -0.8460000E+05  0.9999563E+00
 -0.8455000E+05  0.9999564E+00
 -0.8450000E+05  0.9999565E+00
 -0.8445000E+05  0.9999565E+00
 -0.8440000E+05  0.9999566E+00
 -0.8435000E+05  0.9999567E+00
 -0.8430000E+05  0.9999567E+00
 -0.8425000E+05  0.9999568E+00
 -0.8420000E+05  0.9999569E+00
 -0.8415000E+05  0.9999569E+00
 -0.8410000E+05  0.9999570E+00
 -0.8405000E+05  0.9999571E+00
 -0.8400000E+05  0.9999571E+00
 -0.8395000E+05  0.9999572E+00
 -0.8390000E+05  0.9999573E+00
 -0.8385000E+05  0.9999573E+00
 -0.8380000E+05  0.9999574E+00
 -0.8375000E+05  0.9999575E+00
 -0.8370000E+05  0.9999575E+00
 -0.8365000E+05  0.9999576E+00
 -0.8360000E+05  0.9999576E+00
 -0.8355000E+05  0.9999577E+00
 -0.8350000E+05  0.9999578E+00
 -0.8345000E+05  0.9999578E+00
 -0.8340000E+05  0.9999579E+00
 -0.8335000E+05  0.9999579E+00
 -0.8330000E+05  0.9999580E+00
 -0.8325000E+05  0.9999581E+00
 -0.8320000E+05  0.9999581E+00
 -0.8315000E+05  0.9999582E+00
 -0.8310000E+05  0.9999582E+00
 -0.8305000E+05  0.9999583E+00
 -0.8300000E+05  0.9999583E+00
 -0.8295000E+05  0.9999584E+00
 -0.8290000E+05  0.9999584E+00
 -0.8285000E+05  0.9999585E+00
 -0.8280000E+05  0.9999585E+00
 -0.8275000E+05  0.9999586E+00
 -0.8270000E+05  0.9999586E+00
 -0.8265000E+05  0.9999587E+00
 -0.8260000E+05  0.9999587E+00
 -0.8255000E+05  0.9999588E+00
 -0.8250000E+05  0.9999588E+00
 -0.8245000E+05  0.9999589E+00
 -0.8240000E+05  0.9999589E+00
 -0.8235000E+05  0.9999590E+00
 -0.8230000E+05  0.9999590E+00
 -0.8225000E+05  0.9999590E+00
 -0.8220000E+05  0.9999591E+00
 -0.8215000E+05  0.9999591E+00
 -0.8210000E+05  0.9999591E+00
 -0.8205000E+05  0.9999592E+00
 -0.8200000E+05  0.9999592E+00
 -0.8195000E+05  0.9999592E+00
 -0.8190000E+05  0.9999593E+00
 -0.8185000E+05  0.9999593E+00
 -0.8180000E+05  0.9999593E+00
