 -0.8267500E+05  0.7825697E+00
 -0.8265000E+05  0.7822695E+00
 -0.8262500E+05  0.7820454E+00
 -0.8260000E+05  0.7815400E+00
 -0.8257500E+05  0.7807550E+00
 -0.8255000E+05  0.7801342E+00
 -0.8252500E+05  0.7797866E+00
 -0.8250000E+05  0.7791506E+00
 -0.8247500E+05  0.7787437E+00
 -0.8245000E+05  0.7783156E+00
 -0.8242500E+05  0.7776105E+00
 -0.8240000E+05  0.7770371E+00
 -0.8237500E+05  0.7764740E+00
 -0.8235000E+05  0.7761531E+00
 -0.8232500E+05  0.7756999E+00
 -0.8230000E+05  0.7751029E+00
 -0.8227500E+05  0.7748007E+00
 -0.8225000E+05  0.7742289E+00
 -0.8222500E+05  0.7735220E+00
 -0.8220000E+05  0.7730324E+00
 -0.8217500E+05  0.7724818E+00
 -0.8215000E+05  0.7723178E+00
 -0.8212500E+05  0.7718002E+00
 -0.8210000E+05  0.7712551E+00
 -0.8207500E+05  0.7709304E+00
 -0.8205000E+05  0.7700900E+00
 -0.8202500E+05  0.7694719E+00
 -0.8200000E+05  0.7690417E+00
 -0.8197500E+05  0.7687047E+00
 -0.8195000E+05  0.7683626E+00
 -0.8192500E+05  0.7676491E+00
 -0.8190000E+05  0.7670757E+00
 -0.8187500E+05  0.7666080E+00
 -0.8185000E+05  0.7662627E+00
 -0.8182500E+05  0.7659422E+00
 -0.8180000E+05  0.7651740E+00
 -0.8432500E+05  0.8175451E+00
 -0.8430000E+05  0.8173543E+00
 -0.8427500E+05  0.8170709E+00
 -0.8425000E+05  0.8163945E+00
 -0.8422500E+05  0.8158959E+00
 -0.8420000E+05  0.8153213E+00
 -0.8417500E+05  0.8146017E+00
 -0.8415000E+05  0.8141443E+00
 -0.8412500E+05  0.8137959E+00
 -0.8410000E+05  0.8132079E+00
 -0.8407500E+05  0.8124721E+00
 -0.8405000E+05  0.8120817E+00
 -0.8402500E+05  0.8116036E+00
 -0.8400000E+05  0.8109982E+00
 -0.8397500E+05  0.8103867E+00
 -0.8395000E+05  0.8098371E+00
 -0.8392500E+05  0.8093707E+00
 -0.8390000E+05  0.8090142E+00
 -0.8387500E+05  0.8085241E+00
 -0.8385000E+05  0.8077433E+00
 -0.8382500E+05  0.8072147E+00
 -0.8380000E+05  0.8066986E+00
 -0.8377500E+05  0.8062055E+00
 -0.8375000E+05  0.8058287E+00
 -0.8372500E+05  0.8052526E+00
 -0.8370000E+05  0.8047013E+00
 -0.8367500E+05  0.8042058E+00
 -0.8365000E+05  0.8034739E+00
 -0.8362500E+05  0.8030288E+00
 -0.8360000E+05  0.8024886E+00
 -0.8357500E+05  0.8018050E+00
 -0.8355000E+05  0.8016530E+00
 -0.8352500E+05  0.8008481E+00
 -0.8350000E+05  0.8003455E+00
 -0.8347500E+05  0.7997504E+00
 -0.8590000E+05  0.8533932E+00
 -0.8587500E+05  0.8523039E+00
 -0.8585000E+05  0.8521098E+00
 -0.8582500E+05  0.8516609E+00
 -0.8580000E+05  0.8509671E+00
 -0.8577500E+05  0.8504080E+00
 -0.8575000E+05  0.8498014E+00
 -0.8572500E+05  0.8494611E+00
 -0.8570000E+05  0.8487404E+00
 -0.8567500E+05  0.8479604E+00
 -0.8565000E+05  0.8474125E+00
 -0.8562500E+05  0.8470229E+00
 -0.8560000E+05  0.8465103E+00
 -0.8557500E+05  0.8459238E+00
 -0.8555000E+05  0.8453062E+00
 -0.8552500E+05  0.8448397E+00
 -0.8550000E+05  0.8444064E+00
 -0.8547500E+05  0.8438449E+00
 -0.8545000E+05  0.8434009E+00
 -0.8542500E+05  0.8426396E+00
 -0.8540000E+05  0.8419140E+00
 -0.8537500E+05  0.8414706E+00
 -0.8535000E+05  0.8409055E+00
 -0.8532500E+05  0.8405605E+00
 -0.8530000E+05  0.8399522E+00
 -0.8527500E+05  0.8392461E+00
 -0.8525000E+05  0.8388686E+00
 -0.8522500E+05  0.8382639E+00
 -0.8520000E+05  0.8376630E+00
 -0.8517500E+05  0.8372218E+00
 -0.8515000E+05  0.8363379E+00
 -0.8512500E+05  0.8357439E+00
 -0.8510000E+05  0.8352323E+00
 -0.8507500E+05  0.8346067E+00
 -0.8740000E+05  0.8884000E+00
 -0.8737500E+05  0.8879182E+00
 -0.8735000E+05  0.8879244E+00
 -0.8732500E+05  0.8870244E+00
 -0.8730000E+05  0.8862061E+00
 -0.8727500E+05  0.8859361E+00
 -0.8725000E+05  0.8851380E+00
 -0.8722500E+05  0.8846261E+00
 -0.8720000E+05  0.8839597E+00
 -0.8717500E+05  0.8831633E+00
 -0.8715000E+05  0.8826517E+00
 -0.8712500E+05  0.8821869E+00
 -0.8710000E+05  0.8816442E+00
 -0.8707500E+05  0.8809726E+00
 -0.8705000E+05  0.8804752E+00
 -0.8702500E+05  0.8800018E+00
 -0.8700000E+05  0.8793497E+00
 -0.8697500E+05  0.8786803E+00
 -0.8695000E+05  0.8780669E+00
 -0.8692500E+05  0.8773098E+00
 -0.8690000E+05  0.8768286E+00
 -0.8687500E+05  0.8764809E+00
 -0.8685000E+05  0.8758599E+00
 -0.8682500E+05  0.8752846E+00
 -0.8680000E+05  0.8744944E+00
 -0.8677500E+05  0.8741293E+00
 -0.8675000E+05  0.8737884E+00
 -0.8672500E+05  0.8727749E+00
 -0.8670000E+05  0.8724937E+00
 -0.8667500E+05  0.8719407E+00
 -0.8665000E+05  0.8709350E+00
 -0.8662500E+05  0.8703813E+00
 -0.8660000E+05  0.8700240E+00
 -0.8657500E+05  0.8700215E+00
 -0.8885000E+05  0.9235073E+00
 -0.8882500E+05  0.9230701E+00
 -0.8880000E+05  0.9222816E+00
 -0.8877500E+05  0.9217050E+00
 -0.8875000E+05  0.9211703E+00
 -0.8872500E+05  0.9204527E+00
 -0.8870000E+05  0.9197974E+00
 -0.8867500E+05  0.9192052E+00
 -0.8865000E+05  0.9187880E+00
 -0.8862500E+05  0.9180696E+00
 -0.8860000E+05  0.9174942E+00
 -0.8857500E+05  0.9170568E+00
 -0.8855000E+05  0.9162725E+00
 -0.8852500E+05  0.9156450E+00
 -0.8850000E+05  0.9152013E+00
 -0.8847500E+05  0.9144552E+00
 -0.8845000E+05  0.9137961E+00
 -0.8842500E+05  0.9132405E+00
 -0.8840000E+05  0.9124397E+00
 -0.8837500E+05  0.9118722E+00
 -0.8835000E+05  0.9114913E+00
 -0.8832500E+05  0.9108809E+00
 -0.8830000E+05  0.9102244E+00
 -0.8827500E+05  0.9095252E+00
 -0.8825000E+05  0.9087893E+00
 -0.8822500E+05  0.9083904E+00
 -0.8820000E+05  0.9079774E+00
 -0.8817500E+05  0.9073119E+00
 -0.8815000E+05  0.9067382E+00
 -0.8812500E+05  0.9061508E+00
 -0.8810000E+05  0.9055151E+00
 -0.8807500E+05  0.9044852E+00
 -0.9022500E+05  0.9587248E+00
 -0.9020000E+05  0.9582525E+00
 -0.9017500E+05  0.9577942E+00
 -0.9015000E+05  0.9570068E+00
 -0.9012500E+05  0.9563215E+00
 -0.9010000E+05  0.9558629E+00
 -0.9007500E+05  0.9551733E+00
 -0.9005000E+05  0.9545293E+00
 -0.9002500E+05  0.9539775E+00
 -0.9000000E+05  0.9532545E+00
 -0.8997500E+05  0.9526301E+00
 -0.8995000E+05  0.9518504E+00
 -0.8992500E+05  0.9510637E+00
 -0.8990000E+05  0.9506286E+00
 -0.8987500E+05  0.9500376E+00
 -0.8985000E+05  0.9493407E+00
 -0.8982500E+05  0.9488178E+00
 -0.8980000E+05  0.9481328E+00
 -0.8977500E+05  0.9475529E+00
 -0.8975000E+05  0.9468133E+00
 -0.8972500E+05  0.9461593E+00
 -0.8970000E+05  0.9457097E+00
 -0.8967500E+05  0.9450468E+00
 -0.8965000E+05  0.9443931E+00
 -0.8962500E+05  0.9436309E+00
 -0.8960000E+05  0.9430153E+00
 -0.8957500E+05  0.9425134E+00
 -0.8955000E+05  0.9420655E+00
 -0.8952500E+05  0.9413926E+00
 -0.8950000E+05  0.9406746E+00
 -0.8947500E+05  0.9398080E+00
 -0.8945000E+05  0.9391630E+00
 -0.9152500E+05  0.9934951E+00
 -0.9150000E+05  0.9925229E+00
 -0.9147500E+05  0.9922497E+00
 -0.9145000E+05  0.9917654E+00
 -0.9142500E+05  0.9907539E+00
 -0.9140000E+05  0.9901826E+00
 -0.9137500E+05  0.9898864E+00
 -0.9135000E+05  0.9892015E+00
 -0.9132500E+05  0.9884165E+00
 -0.9130000E+05  0.9877247E+00
 -0.9127500E+05  0.9870212E+00
 -0.9125000E+05  0.9865919E+00
 -0.9122500E+05  0.9858550E+00
 -0.9120000E+05  0.9851623E+00
 -0.9117500E+05  0.9847387E+00
 -0.9115000E+05  0.9839326E+00
 -0.9112500E+05  0.9830937E+00
 -0.9110000E+05  0.9823851E+00
 -0.9107500E+05  0.9819744E+00
 -0.9105000E+05  0.9813619E+00
 -0.9102500E+05  0.9805533E+00
 -0.9100000E+05  0.9799450E+00
 -0.9097500E+05  0.9793756E+00
 -0.9095000E+05  0.9788174E+00
 -0.9092500E+05  0.9780407E+00
 -0.9090000E+05  0.9773430E+00
 -0.9087500E+05  0.9768884E+00
 -0.9085000E+05  0.9762910E+00
 -0.9082500E+05  0.9756033E+00
 -0.9080000E+05  0.9746777E+00
 -0.9077500E+05  0.9742864E+00
 -0.9282500E+05  0.1028977E+01
 -0.9280000E+05  0.1028448E+01
 -0.9277500E+05  0.1027621E+01
 -0.9275000E+05  0.1026775E+01
 -0.9272500E+05  0.1026180E+01
 -0.9270000E+05  0.1025444E+01
 -0.9267500E+05  0.1024779E+01
 -0.9265000E+05  0.1024205E+01
 -0.9262500E+05  0.1023555E+01
 -0.9260000E+05  0.1022873E+01
 -0.9257500E+05  0.1022111E+01
 -0.9255000E+05  0.1021420E+01
 -0.9252500E+05  0.1020683E+01
 -0.9250000E+05  0.1019988E+01
 -0.9247500E+05  0.1019362E+01
 -0.9245000E+05  0.1018551E+01
 -0.9242500E+05  0.1017885E+01
 -0.9240000E+05  0.1017266E+01
 -0.9237500E+05  0.1016535E+01
 -0.9235000E+05  0.1016056E+01
 -0.9232500E+05  0.1015282E+01
 -0.9230000E+05  0.1014609E+01
 -0.9227500E+05  0.1014063E+01
 -0.9225000E+05  0.1013246E+01
 -0.9222500E+05  0.1012641E+01
 -0.9220000E+05  0.1012087E+01
 -0.9217500E+05  0.1011297E+01
 -0.9215000E+05  0.1010508E+01
 -0.9212500E+05  0.1010285E+01
 -0.9210000E+05  0.1009831E+01
 -0.9207500E+05  0.1008376E+01
 -0.9405000E+05  0.1064496E+01
 -0.9402500E+05  0.1063744E+01
 -0.9400000E+05  0.1063012E+01
 -0.9397500E+05  0.1061964E+01
 -0.9395000E+05  0.1061511E+01
 -0.9392500E+05  0.1061103E+01
 -0.9390000E+05  0.1060082E+01
 -0.9387500E+05  0.1059455E+01
 -0.9385000E+05  0.1058702E+01
 -0.9382500E+05  0.1058035E+01
 -0.9380000E+05  0.1057429E+01
 -0.9377500E+05  0.1056519E+01
 -0.9375000E+05  0.1055684E+01
 -0.9372500E+05  0.1055052E+01
 -0.9370000E+05  0.1054377E+01
 -0.9367500E+05  0.1053653E+01
 -0.9365000E+05  0.1053005E+01
 -0.9362500E+05  0.1052068E+01
 -0.9360000E+05  0.1051484E+01
 -0.9357500E+05  0.1050987E+01
 -0.9355000E+05  0.1050286E+01
 -0.9352500E+05  0.1049613E+01
 -0.9350000E+05  0.1048753E+01
 -0.9347500E+05  0.1048114E+01
 -0.9345000E+05  0.1047455E+01
 -0.9342500E+05  0.1046671E+01
 -0.9340000E+05  0.1046031E+01
 -0.9337500E+05  0.1045209E+01
 -0.9335000E+05  0.1044493E+01
 -0.9332500E+05  0.1043837E+01
 -0.9525000E+05  0.1099862E+01
 -0.9522500E+05  0.1099048E+01
 -0.9520000E+05  0.1098183E+01
 -0.9517500E+05  0.1097628E+01
 -0.9515000E+05  0.1097301E+01
 -0.9512500E+05  0.1096074E+01
 -0.9510000E+05  0.1095089E+01
 -0.9507500E+05  0.1094644E+01
 -0.9505000E+05  0.1093920E+01
 -0.9502500E+05  0.1093245E+01
 -0.9500000E+05  0.1092515E+01
 -0.9497500E+05  0.1091782E+01
 -0.9495000E+05  0.1090972E+01
 -0.9492500E+05  0.1090220E+01
 -0.9490000E+05  0.1089412E+01
 -0.9487500E+05  0.1088737E+01
 -0.9485000E+05  0.1088227E+01
 -0.9482500E+05  0.1087400E+01
 -0.9480000E+05  0.1086590E+01
 -0.9477500E+05  0.1085906E+01
 -0.9475000E+05  0.1085164E+01
 -0.9472500E+05  0.1084506E+01
 -0.9470000E+05  0.1083883E+01
 -0.9467500E+05  0.1083029E+01
 -0.9465000E+05  0.1082148E+01
 -0.9462500E+05  0.1081429E+01
 -0.9460000E+05  0.1080912E+01
 -0.9457500E+05  0.1080225E+01
 -0.9455000E+05  0.1079113E+01
 -0.9452500E+05  0.1078409E+01
 -0.9640000E+05  0.1134508E+01
 -0.9637500E+05  0.1134066E+01
 -0.9635000E+05  0.1133477E+01
 -0.9632500E+05  0.1132912E+01
 -0.9630000E+05  0.1132150E+01
 -0.9627500E+05  0.1131268E+01
 -0.9625000E+05  0.1130386E+01
 -0.9622500E+05  0.1129614E+01
 -0.9620000E+05  0.1128989E+01
 -0.9617500E+05  0.1128245E+01
 -0.9615000E+05  0.1127401E+01
 -0.9612500E+05  0.1126514E+01
 -0.9610000E+05  0.1125827E+01
 -0.9607500E+05  0.1125123E+01
 -0.9605000E+05  0.1124377E+01
 -0.9602500E+05  0.1123662E+01
 -0.9600000E+05  0.1122880E+01
 -0.9597500E+05  0.1122007E+01
 -0.9595000E+05  0.1121174E+01
 -0.9592500E+05  0.1120541E+01
 -0.9590000E+05  0.1120008E+01
 -0.9587500E+05  0.1119108E+01
 -0.9585000E+05  0.1118207E+01
 -0.9582500E+05  0.1117774E+01
 -0.9580000E+05  0.1117003E+01
 -0.9577500E+05  0.1116373E+01
 -0.9575000E+05  0.1115679E+01
 -0.9572500E+05  0.1114576E+01
 -0.9570000E+05  0.1113739E+01
 -0.9567500E+05  0.1112885E+01
 -0.9750000E+05  0.1169468E+01
 -0.9747500E+05  0.1168927E+01
 -0.9745000E+05  0.1168099E+01
 -0.9742500E+05  0.1167478E+01
 -0.9740000E+05  0.1166403E+01
 -0.9737500E+05  0.1165511E+01
 -0.9735000E+05  0.1164924E+01
 -0.9732500E+05  0.1164013E+01
 -0.9730000E+05  0.1163262E+01
 -0.9727500E+05  0.1162882E+01
 -0.9725000E+05  0.1161950E+01
 -0.9722500E+05  0.1160994E+01
 -0.9720000E+05  0.1160276E+01
 -0.9717500E+05  0.1159546E+01
 -0.9715000E+05  0.1158795E+01
 -0.9712500E+05  0.1157890E+01
 -0.9710000E+05  0.1157137E+01
 -0.9707500E+05  0.1156422E+01
 -0.9705000E+05  0.1155672E+01
 -0.9702500E+05  0.1154846E+01
 -0.9700000E+05  0.1154057E+01
 -0.9697500E+05  0.1153178E+01
 -0.9695000E+05  0.1152399E+01
 -0.9692500E+05  0.1151858E+01
 -0.9690000E+05  0.1151155E+01
 -0.9687500E+05  0.1150334E+01
 -0.9685000E+05  0.1149630E+01
 -0.9682500E+05  0.1148628E+01
 -0.9680000E+05  0.1147856E+01
 -0.9857500E+05  0.1204149E+01
 -0.9855000E+05  0.1203774E+01
 -0.9852500E+05  0.1203030E+01
 -0.9850000E+05  0.1202081E+01
 -0.9847500E+05  0.1201587E+01
 -0.9845000E+05  0.1200710E+01
 -0.9842500E+05  0.1199621E+01
 -0.9840000E+05  0.1198967E+01
 -0.9837500E+05  0.1198256E+01
 -0.9835000E+05  0.1197234E+01
 -0.9832500E+05  0.1196604E+01
 -0.9830000E+05  0.1195743E+01
 -0.9827500E+05  0.1194779E+01
 -0.9825000E+05  0.1194267E+01
 -0.9822500E+05  0.1193619E+01
 -0.9820000E+05  0.1192775E+01
 -0.9817500E+05  0.1191961E+01
 -0.9815000E+05  0.1191120E+01
 -0.9812500E+05  0.1190238E+01
 -0.9810000E+05  0.1189602E+01
 -0.9807500E+05  0.1188876E+01
 -0.9805000E+05  0.1188061E+01
 -0.9802500E+05  0.1187039E+01
 -0.9800000E+05  0.1186003E+01
 -0.9797500E+05  0.1185222E+01
 -0.9795000E+05  0.1185016E+01
 -0.9792500E+05  0.1184130E+01
 -0.9790000E+05  0.1183206E+01
 -0.9962500E+05  0.1239547E+01
 -0.9960000E+05  0.1238929E+01
 -0.9957500E+05  0.1238351E+01
 -0.9955000E+05  0.1237627E+01
 -0.9952500E+05  0.1236652E+01
 -0.9950000E+05  0.1235743E+01
 -0.9947500E+05  0.1235108E+01
 -0.9945000E+05  0.1234422E+01
 -0.9942500E+05  0.1233401E+01
 -0.9940000E+05  0.1232526E+01
 -0.9937500E+05  0.1231900E+01
 -0.9935000E+05  0.1230996E+01
 -0.9932500E+05  0.1229913E+01
 -0.9930000E+05  0.1229155E+01
 -0.9927500E+05  0.1228517E+01
 -0.9925000E+05  0.1227603E+01
 -0.9922500E+05  0.1226822E+01
 -0.9920000E+05  0.1226083E+01
 -0.9917500E+05  0.1225272E+01
 -0.9915000E+05  0.1224346E+01
 -0.9912500E+05  0.1223622E+01
 -0.9910000E+05  0.1222671E+01
 -0.9907500E+05  0.1221896E+01
 -0.9905000E+05  0.1221161E+01
 -0.9902500E+05  0.1220478E+01
 -0.9900000E+05  0.1219891E+01
 -0.9897500E+05  0.1218390E+01
 -0.9895000E+05  0.1217761E+01
 -0.1006250E+06  0.1275644E+01
 -0.1006000E+06  0.1274668E+01
 -0.1005750E+06  0.1273131E+01
 -0.1005500E+06  0.1272058E+01
 -0.1005250E+06  0.1271601E+01
 -0.1005000E+06  0.1270918E+01
 -0.1004750E+06  0.1269869E+01
 -0.1004500E+06  0.1268983E+01
 -0.1004250E+06  0.1268377E+01
 -0.1004000E+06  0.1267632E+01
 -0.1003750E+06  0.1266629E+01
 -0.1003500E+06  0.1265663E+01
 -0.1003250E+06  0.1264860E+01
 -0.1003000E+06  0.1263940E+01
 -0.1002750E+06  0.1263263E+01
 -0.1002500E+06  0.1262532E+01
 -0.1002250E+06  0.1261547E+01
 -0.1002000E+06  0.1260724E+01
 -0.1001750E+06  0.1259853E+01
 -0.1001500E+06  0.1258970E+01
 -0.1001250E+06  0.1258197E+01
 -0.1001000E+06  0.1257437E+01
 -0.1000750E+06  0.1256746E+01
 -0.1000500E+06  0.1255662E+01
 -0.1000250E+06  0.1254779E+01
 -0.1000000E+06  0.1254174E+01
 -0.9997500E+05  0.1253199E+01
 -0.1016000E+06  0.1309916E+01
 -0.1015750E+06  0.1309361E+01
 -0.1015500E+06  0.1308488E+01
 -0.1015250E+06  0.1307469E+01
 -0.1015000E+06  0.1306397E+01
 -0.1014750E+06  0.1305591E+01
 -0.1014500E+06  0.1304747E+01
 -0.1014250E+06  0.1303953E+01
 -0.1014000E+06  0.1303224E+01
 -0.1013750E+06  0.1302137E+01
 -0.1013500E+06  0.1301309E+01
 -0.1013250E+06  0.1300572E+01
 -0.1013000E+06  0.1299671E+01
 -0.1012750E+06  0.1298850E+01
 -0.1012500E+06  0.1298004E+01
 -0.1012250E+06  0.1297079E+01
 -0.1012000E+06  0.1296277E+01
 -0.1011750E+06  0.1295479E+01
 -0.1011500E+06  0.1294638E+01
 -0.1011250E+06  0.1293875E+01
 -0.1011000E+06  0.1292985E+01
 -0.1010750E+06  0.1292076E+01
 -0.1010500E+06  0.1291101E+01
 -0.1010250E+06  0.1290094E+01
 -0.1010000E+06  0.1289492E+01
 -0.1009750E+06  0.1288791E+01
 -0.1009500E+06  0.1288045E+01
 -0.1025750E+06  0.1345934E+01
 -0.1025500E+06  0.1344762E+01
 -0.1025250E+06  0.1343779E+01
 -0.1025000E+06  0.1342831E+01
 -0.1024750E+06  0.1342056E+01
 -0.1024500E+06  0.1341071E+01
 -0.1024250E+06  0.1340186E+01
 -0.1024000E+06  0.1339492E+01
 -0.1023750E+06  0.1338435E+01
 -0.1023500E+06  0.1337582E+01
 -0.1023250E+06  0.1336799E+01
 -0.1023000E+06  0.1335769E+01
 -0.1022750E+06  0.1334800E+01
 -0.1022500E+06  0.1334006E+01
 -0.1022250E+06  0.1333144E+01
 -0.1022000E+06  0.1332107E+01
 -0.1021750E+06  0.1331137E+01
 -0.1021500E+06  0.1330293E+01
 -0.1021250E+06  0.1329594E+01
 -0.1021000E+06  0.1328738E+01
 -0.1020750E+06  0.1327733E+01
 -0.1020500E+06  0.1326949E+01
 -0.1020250E+06  0.1325993E+01
 -0.1020000E+06  0.1324890E+01
 -0.1019750E+06  0.1324123E+01
 -0.1019500E+06  0.1323566E+01
 -0.1019250E+06  0.1322676E+01
 -0.1035000E+06  0.1380674E+01
 -0.1034750E+06  0.1379543E+01
 -0.1034500E+06  0.1378604E+01
 -0.1034250E+06  0.1377587E+01
 -0.1034000E+06  0.1376764E+01
 -0.1033750E+06  0.1375758E+01
 -0.1033500E+06  0.1374969E+01
 -0.1033250E+06  0.1374148E+01
 -0.1033000E+06  0.1373067E+01
 -0.1032750E+06  0.1372154E+01
 -0.1032500E+06  0.1371179E+01
 -0.1032250E+06  0.1370254E+01
 -0.1032000E+06  0.1369428E+01
 -0.1031750E+06  0.1368465E+01
 -0.1031500E+06  0.1367498E+01
 -0.1031250E+06  0.1366742E+01
 -0.1031000E+06  0.1365942E+01
 -0.1030750E+06  0.1365037E+01
 -0.1030500E+06  0.1363932E+01
 -0.1030250E+06  0.1362965E+01
 -0.1030000E+06  0.1362261E+01
 -0.1029750E+06  0.1361385E+01
 -0.1029500E+06  0.1360169E+01
 -0.1029250E+06  0.1359611E+01
 -0.1029000E+06  0.1359223E+01
 -0.1028750E+06  0.1357783E+01
 -0.1044000E+06  0.1416119E+01
 -0.1043750E+06  0.1415045E+01
 -0.1043500E+06  0.1414396E+01
 -0.1043250E+06  0.1413280E+01
 -0.1043000E+06  0.1412184E+01
 -0.1042750E+06  0.1411377E+01
 -0.1042500E+06  0.1410316E+01
 -0.1042250E+06  0.1409385E+01
 -0.1042000E+06  0.1408771E+01
 -0.1041750E+06  0.1407808E+01
 -0.1041500E+06  0.1406594E+01
 -0.1041250E+06  0.1405648E+01
 -0.1041000E+06  0.1404978E+01
 -0.1040750E+06  0.1403994E+01
 -0.1040500E+06  0.1402834E+01
 -0.1040250E+06  0.1402010E+01
 -0.1040000E+06  0.1401083E+01
 -0.1039750E+06  0.1400200E+01
 -0.1039500E+06  0.1399256E+01
 -0.1039250E+06  0.1398230E+01
 -0.1039000E+06  0.1397475E+01
 -0.1038750E+06  0.1396468E+01
 -0.1038500E+06  0.1395580E+01
 -0.1038250E+06  0.1394773E+01
 -0.1038000E+06  0.1393761E+01
 -0.1037750E+06  0.1392952E+01
 -0.1037500E+06  0.1392143E+01
 -0.1053000E+06  0.1451280E+01
 -0.1052750E+06  0.1450477E+01
 -0.1052500E+06  0.1449416E+01
 -0.1052250E+06  0.1448254E+01
 -0.1052000E+06  0.1447382E+01
 -0.1051750E+06  0.1446226E+01
 -0.1051500E+06  0.1445178E+01
 -0.1051250E+06  0.1444305E+01
 -0.1051000E+06  0.1443396E+01
 -0.1050750E+06  0.1442392E+01
 -0.1050500E+06  0.1441394E+01
 -0.1050250E+06  0.1440654E+01
 -0.1050000E+06  0.1439660E+01
 -0.1049750E+06  0.1438568E+01
 -0.1049500E+06  0.1437595E+01
 -0.1049250E+06  0.1436735E+01
 -0.1049000E+06  0.1435870E+01
 -0.1048750E+06  0.1434925E+01
 -0.1048500E+06  0.1433887E+01
 -0.1048250E+06  0.1432913E+01
 -0.1048000E+06  0.1431922E+01
 -0.1047750E+06  0.1431315E+01
 -0.1047500E+06  0.1430439E+01
 -0.1047250E+06  0.1429281E+01
 -0.1047000E+06  0.1428423E+01
 -0.1046750E+06  0.1427402E+01
 -0.1061500E+06  0.1485766E+01
 -0.1061250E+06  0.1484983E+01
 -0.1061000E+06  0.1484003E+01
 -0.1060750E+06  0.1482856E+01
 -0.1060500E+06  0.1482012E+01
 -0.1060250E+06  0.1480878E+01
 -0.1060000E+06  0.1479991E+01
 -0.1059750E+06  0.1479017E+01
 -0.1059500E+06  0.1478041E+01
 -0.1059250E+06  0.1477142E+01
 -0.1059000E+06  0.1476098E+01
 -0.1058750E+06  0.1475169E+01
 -0.1058500E+06  0.1474106E+01
 -0.1058250E+06  0.1473107E+01
 -0.1058000E+06  0.1472202E+01
 -0.1057750E+06  0.1471294E+01
 -0.1057500E+06  0.1470477E+01
 -0.1057250E+06  0.1469651E+01
 -0.1057000E+06  0.1468580E+01
 -0.1056750E+06  0.1467664E+01
 -0.1056500E+06  0.1466437E+01
 -0.1056250E+06  0.1465184E+01
 -0.1056000E+06  0.1464643E+01
 -0.1055750E+06  0.1463882E+01
 -0.1055500E+06  0.1462979E+01
 -0.1055250E+06  0.1462129E+01
 -0.1070000E+06  0.1520674E+01
 -0.1069750E+06  0.1519394E+01
 -0.1069500E+06  0.1518604E+01
 -0.1069250E+06  0.1517681E+01
 -0.1069000E+06  0.1516614E+01
 -0.1068750E+06  0.1515719E+01
 -0.1068500E+06  0.1514820E+01
 -0.1068250E+06  0.1513927E+01
 -0.1068000E+06  0.1512804E+01
 -0.1067750E+06  0.1511649E+01
 -0.1067500E+06  0.1510851E+01
 -0.1067250E+06  0.1509845E+01
 -0.1067000E+06  0.1508925E+01
 -0.1066750E+06  0.1508268E+01
 -0.1066500E+06  0.1507308E+01
 -0.1066250E+06  0.1506268E+01
 -0.1066000E+06  0.1505389E+01
 -0.1065750E+06  0.1504154E+01
 -0.1065500E+06  0.1503167E+01
 -0.1065250E+06  0.1502539E+01
 -0.1065000E+06  0.1501414E+01
 -0.1064750E+06  0.1500110E+01
 -0.1064500E+06  0.1499320E+01
 -0.1064250E+06  0.1498394E+01
 -0.1064000E+06  0.1497581E+01
 -0.1078250E+06  0.1556819E+01
 -0.1078000E+06  0.1555397E+01
 -0.1077750E+06  0.1554047E+01
 -0.1077500E+06  0.1553021E+01
 -0.1077250E+06  0.1551997E+01
 -0.1077000E+06  0.1551112E+01
 -0.1076750E+06  0.1549987E+01
 -0.1076500E+06  0.1548882E+01
 -0.1076250E+06  0.1547868E+01
 -0.1076000E+06  0.1546791E+01
 -0.1075750E+06  0.1545780E+01
 -0.1075500E+06  0.1544896E+01
 -0.1075250E+06  0.1543815E+01
 -0.1075000E+06  0.1542574E+01
 -0.1074750E+06  0.1541653E+01
 -0.1074500E+06  0.1540656E+01
 -0.1074250E+06  0.1539490E+01
 -0.1074000E+06  0.1538844E+01
 -0.1073750E+06  0.1537639E+01
 -0.1073500E+06  0.1536526E+01
 -0.1073250E+06  0.1535834E+01
 -0.1073000E+06  0.1534565E+01
 -0.1072750E+06  0.1533611E+01
 -0.1072500E+06  0.1532694E+01
 -0.1072250E+06  0.1531343E+01
 -0.1086250E+06  0.1591933E+01
 -0.1086000E+06  0.1590960E+01
 -0.1085750E+06  0.1589538E+01
 -0.1085500E+06  0.1588404E+01
 -0.1085250E+06  0.1587477E+01
 -0.1085000E+06  0.1586298E+01
 -0.1084750E+06  0.1585435E+01
 -0.1084500E+06  0.1584235E+01
 -0.1084250E+06  0.1582978E+01
 -0.1084000E+06  0.1582039E+01
 -0.1083750E+06  0.1580951E+01
 -0.1083500E+06  0.1579876E+01
 -0.1083250E+06  0.1578939E+01
 -0.1083000E+06  0.1577905E+01
 -0.1082750E+06  0.1576907E+01
 -0.1082500E+06  0.1575908E+01
 -0.1082250E+06  0.1574745E+01
 -0.1082000E+06  0.1573527E+01
 -0.1081750E+06  0.1572633E+01
 -0.1081500E+06  0.1571877E+01
 -0.1081250E+06  0.1570498E+01
 -0.1081000E+06  0.1569022E+01
 -0.1080750E+06  0.1568189E+01
 -0.1080500E+06  0.1567378E+01
 -0.1080250E+06  0.1566291E+01
 -0.1094250E+06  0.1627217E+01
 -0.1094000E+06  0.1625950E+01
 -0.1093750E+06  0.1624580E+01
 -0.1093500E+06  0.1623597E+01
 -0.1093250E+06  0.1622773E+01
 -0.1093000E+06  0.1621498E+01
 -0.1092750E+06  0.1620353E+01
 -0.1092500E+06  0.1619482E+01
 -0.1092250E+06  0.1618441E+01
 -0.1092000E+06  0.1617245E+01
 -0.1091750E+06  0.1616335E+01
 -0.1091500E+06  0.1615231E+01
 -0.1091250E+06  0.1614029E+01
 -0.1091000E+06  0.1613023E+01
 -0.1090750E+06  0.1612120E+01
 -0.1090500E+06  0.1611079E+01
 -0.1090250E+06  0.1609948E+01
 -0.1090000E+06  0.1608776E+01
 -0.1089750E+06  0.1607785E+01
 -0.1089500E+06  0.1606846E+01
 -0.1089250E+06  0.1605588E+01
 -0.1089000E+06  0.1604540E+01
 -0.1088750E+06  0.1603567E+01
 -0.1088500E+06  0.1602647E+01
 -0.1088250E+06  0.1601826E+01
 -0.1101750E+06  0.1661161E+01
 -0.1101500E+06  0.1660048E+01
 -0.1101250E+06  0.1658919E+01
 -0.1101000E+06  0.1657844E+01
 -0.1100750E+06  0.1656804E+01
 -0.1100500E+06  0.1655756E+01
 -0.1100250E+06  0.1654541E+01
 -0.1100000E+06  0.1653479E+01
 -0.1099750E+06  0.1652490E+01
 -0.1099500E+06  0.1651458E+01
 -0.1099250E+06  0.1650348E+01
 -0.1099000E+06  0.1649147E+01
 -0.1098750E+06  0.1648094E+01
 -0.1098500E+06  0.1647013E+01
 -0.1098250E+06  0.1645951E+01
 -0.1098000E+06  0.1645089E+01
 -0.1097750E+06  0.1643970E+01
 -0.1097500E+06  0.1642693E+01
 -0.1097250E+06  0.1641481E+01
 -0.1097000E+06  0.1640491E+01
 -0.1096750E+06  0.1639441E+01
 -0.1096500E+06  0.1638274E+01
 -0.1096250E+06  0.1637105E+01
 -0.1096000E+06  0.1636184E+01
 -0.1109500E+06  0.1697499E+01
 -0.1109250E+06  0.1695834E+01
 -0.1109000E+06  0.1694929E+01
 -0.1108750E+06  0.1694181E+01
 -0.1108500E+06  0.1692936E+01
 -0.1108250E+06  0.1691828E+01
 -0.1108000E+06  0.1690706E+01
 -0.1107750E+06  0.1689434E+01
 -0.1107500E+06  0.1688404E+01
 -0.1107250E+06  0.1687355E+01
 -0.1107000E+06  0.1686254E+01
 -0.1106750E+06  0.1685067E+01
 -0.1106500E+06  0.1683865E+01
 -0.1106250E+06  0.1682853E+01
 -0.1106000E+06  0.1681803E+01
 -0.1105750E+06  0.1680600E+01
 -0.1105500E+06  0.1679474E+01
 -0.1105250E+06  0.1678491E+01
 -0.1105000E+06  0.1677448E+01
 -0.1104750E+06  0.1676281E+01
 -0.1104500E+06  0.1675159E+01
 -0.1104250E+06  0.1674184E+01
 -0.1104000E+06  0.1673210E+01
 -0.1103750E+06  0.1672296E+01
 -0.1103500E+06  0.1671132E+01
 -0.1116750E+06  0.1731822E+01
 -0.1116500E+06  0.1730809E+01
 -0.1116250E+06  0.1729527E+01
 -0.1116000E+06  0.1728653E+01
 -0.1115750E+06  0.1727713E+01
 -0.1115500E+06  0.1726328E+01
 -0.1115250E+06  0.1725190E+01
 -0.1115000E+06  0.1724048E+01
 -0.1114750E+06  0.1723013E+01
 -0.1114500E+06  0.1722005E+01
 -0.1114250E+06  0.1720825E+01
 -0.1114000E+06  0.1719477E+01
 -0.1113750E+06  0.1718364E+01
 -0.1113500E+06  0.1717247E+01
 -0.1113250E+06  0.1716140E+01
 -0.1113000E+06  0.1715225E+01
 -0.1112750E+06  0.1714075E+01
 -0.1112500E+06  0.1712831E+01
 -0.1112250E+06  0.1711673E+01
 -0.1112000E+06  0.1710710E+01
 -0.1111750E+06  0.1709793E+01
 -0.1111500E+06  0.1708389E+01
 -0.1111250E+06  0.1707247E+01
 -0.1111000E+06  0.1706365E+01
 -0.1124000E+06  0.1767512E+01
 -0.1123750E+06  0.1766263E+01
 -0.1123500E+06  0.1764766E+01
 -0.1123250E+06  0.1763544E+01
 -0.1123000E+06  0.1762682E+01
 -0.1122750E+06  0.1761402E+01
 -0.1122500E+06  0.1760006E+01
 -0.1122250E+06  0.1758931E+01
 -0.1122000E+06  0.1757902E+01
 -0.1121750E+06  0.1756701E+01
 -0.1121500E+06  0.1755517E+01
 -0.1121250E+06  0.1754347E+01
 -0.1121000E+06  0.1753302E+01
 -0.1120750E+06  0.1751943E+01
 -0.1120500E+06  0.1750726E+01
 -0.1120250E+06  0.1749767E+01
 -0.1120000E+06  0.1748554E+01
 -0.1119750E+06  0.1747558E+01
 -0.1119500E+06  0.1746516E+01
 -0.1119250E+06  0.1745305E+01
 -0.1119000E+06  0.1744057E+01
 -0.1118750E+06  0.1743256E+01
 -0.1118500E+06  0.1742194E+01
 -0.1118250E+06  0.1740486E+01
 -0.1131000E+06  0.1802452E+01
 -0.1130750E+06  0.1800996E+01
 -0.1130500E+06  0.1799578E+01
 -0.1130250E+06  0.1798482E+01
 -0.1130000E+06  0.1796976E+01
 -0.1129750E+06  0.1796050E+01
 -0.1129500E+06  0.1795090E+01
 -0.1129250E+06  0.1793874E+01
 -0.1129000E+06  0.1792515E+01
 -0.1128750E+06  0.1791358E+01
 -0.1128500E+06  0.1790171E+01
 -0.1128250E+06  0.1788910E+01
 -0.1128000E+06  0.1787840E+01
 -0.1127750E+06  0.1786569E+01
 -0.1127500E+06  0.1785453E+01
 -0.1127250E+06  0.1784209E+01
 -0.1127000E+06  0.1783170E+01
 -0.1126750E+06  0.1782141E+01
 -0.1126500E+06  0.1780821E+01
 -0.1126250E+06  0.1779574E+01
 -0.1126000E+06  0.1778558E+01
 -0.1125750E+06  0.1777443E+01
 -0.1125500E+06  0.1776788E+01
