 -0.8717500E+05  0.8088253E+00
 -0.8715000E+05  0.8083425E+00
 -0.8712500E+05  0.8078904E+00
 -0.8710000E+05  0.8071194E+00
 -0.8707500E+05  0.8065566E+00
 -0.8705000E+05  0.8062300E+00
 -0.8702500E+05  0.8058236E+00
 -0.8700000E+05  0.8051950E+00
 -0.8697500E+05  0.8045000E+00
 -0.8695000E+05  0.8039625E+00
 -0.8692500E+05  0.8035244E+00
 -0.8690000E+05  0.8029654E+00
 -0.8687500E+05  0.8023606E+00
 -0.8685000E+05  0.8018674E+00
 -0.8682500E+05  0.8012225E+00
 -0.8680000E+05  0.8007322E+00
 -0.8677500E+05  0.8003396E+00
 -0.8675000E+05  0.7996033E+00
 -0.8672500E+05  0.7990800E+00
 -0.8670000E+05  0.7985876E+00
 -0.8667500E+05  0.7980008E+00
 -0.8665000E+05  0.7974827E+00
 -0.8662500E+05  0.7971051E+00
 -0.8660000E+05  0.7965706E+00
 -0.8657500E+05  0.7959951E+00
 -0.8655000E+05  0.7952917E+00
 -0.8652500E+05  0.7948635E+00
 -0.8650000E+05  0.7945352E+00
 -0.8647500E+05  0.7936158E+00
 -0.8645000E+05  0.7928736E+00
 -0.8642500E+05  0.7927283E+00
 -0.8640000E+05  0.7923223E+00
 -0.8637500E+05  0.7913824E+00
 -0.8635000E+05  0.7912851E+00
 -0.8942500E+05  0.8594558E+00
 -0.8940000E+05  0.8588490E+00
 -0.8937500E+05  0.8580001E+00
 -0.8935000E+05  0.8575809E+00
 -0.8932500E+05  0.8571585E+00
 -0.8930000E+05  0.8563688E+00
 -0.8927500E+05  0.8560714E+00
 -0.8925000E+05  0.8555590E+00
 -0.8922500E+05  0.8548344E+00
 -0.8920000E+05  0.8542435E+00
 -0.8917500E+05  0.8536664E+00
 -0.8915000E+05  0.8531427E+00
 -0.8912500E+05  0.8525617E+00
 -0.8910000E+05  0.8519758E+00
 -0.8907500E+05  0.8512468E+00
 -0.8905000E+05  0.8507609E+00
 -0.8902500E+05  0.8503589E+00
 -0.8900000E+05  0.8497269E+00
 -0.8897500E+05  0.8491649E+00
 -0.8895000E+05  0.8485832E+00
 -0.8892500E+05  0.8479266E+00
 -0.8890000E+05  0.8473514E+00
 -0.8887500E+05  0.8468588E+00
 -0.8885000E+05  0.8462109E+00
 -0.8882500E+05  0.8456113E+00
 -0.8880000E+05  0.8451547E+00
 -0.8877500E+05  0.8445213E+00
 -0.8875000E+05  0.8439860E+00
 -0.8872500E+05  0.8434265E+00
 -0.8870000E+05  0.8427857E+00
 -0.8867500E+05  0.8421550E+00
 -0.8865000E+05  0.8415788E+00
 -0.8862500E+05  0.8413156E+00
 -0.8860000E+05  0.8407459E+00
 -0.9152500E+05  0.9096226E+00
 -0.9150000E+05  0.9093375E+00
 -0.9147500E+05  0.9086009E+00
 -0.9145000E+05  0.9078146E+00
 -0.9142500E+05  0.9073151E+00
 -0.9140000E+05  0.9068059E+00
 -0.9137500E+05  0.9062496E+00
 -0.9135000E+05  0.9054321E+00
 -0.9132500E+05  0.9046675E+00
 -0.9130000E+05  0.9043476E+00
 -0.9127500E+05  0.9038811E+00
 -0.9125000E+05  0.9030805E+00
 -0.9122500E+05  0.9025087E+00
 -0.9120000E+05  0.9020177E+00
 -0.9117500E+05  0.9012194E+00
 -0.9115000E+05  0.9004763E+00
 -0.9112500E+05  0.9000308E+00
 -0.9110000E+05  0.8994957E+00
 -0.9107500E+05  0.8988664E+00
 -0.9105000E+05  0.8980809E+00
 -0.9102500E+05  0.8973896E+00
 -0.9100000E+05  0.8969969E+00
 -0.9097500E+05  0.8964591E+00
 -0.9095000E+05  0.8956809E+00
 -0.9092500E+05  0.8951197E+00
 -0.9090000E+05  0.8947004E+00
 -0.9087500E+05  0.8939634E+00
 -0.9085000E+05  0.8933364E+00
 -0.9082500E+05  0.8927279E+00
 -0.9080000E+05  0.8919100E+00
 -0.9077500E+05  0.8915282E+00
 -0.9075000E+05  0.8909087E+00
 -0.9072500E+05  0.8900865E+00
 -0.9350000E+05  0.9603651E+00
 -0.9347500E+05  0.9596857E+00
 -0.9345000E+05  0.9588426E+00
 -0.9342500E+05  0.9580803E+00
 -0.9340000E+05  0.9573177E+00
 -0.9337500E+05  0.9567969E+00
 -0.9335000E+05  0.9562280E+00
 -0.9332500E+05  0.9555543E+00
 -0.9330000E+05  0.9549159E+00
 -0.9327500E+05  0.9542419E+00
 -0.9325000E+05  0.9536464E+00
 -0.9322500E+05  0.9530692E+00
 -0.9320000E+05  0.9522951E+00
 -0.9317500E+05  0.9515114E+00
 -0.9315000E+05  0.9509812E+00
 -0.9312500E+05  0.9504369E+00
 -0.9310000E+05  0.9497585E+00
 -0.9307500E+05  0.9491076E+00
 -0.9305000E+05  0.9485699E+00
 -0.9302500E+05  0.9478741E+00
 -0.9300000E+05  0.9471985E+00
 -0.9297500E+05  0.9464831E+00
 -0.9295000E+05  0.9458615E+00
 -0.9292500E+05  0.9453066E+00
 -0.9290000E+05  0.9447026E+00
 -0.9287500E+05  0.9439177E+00
 -0.9285000E+05  0.9430843E+00
 -0.9282500E+05  0.9426359E+00
 -0.9280000E+05  0.9422055E+00
 -0.9277500E+05  0.9411818E+00
 -0.9275000E+05  0.9405156E+00
 -0.9272500E+05  0.9405090E+00
 -0.9535000E+05  0.1010107E+01
 -0.9532500E+05  0.1009074E+01
 -0.9530000E+05  0.1008980E+01
 -0.9527500E+05  0.1008260E+01
 -0.9525000E+05  0.1007230E+01
 -0.9522500E+05  0.1006431E+01
 -0.9520000E+05  0.1005880E+01
 -0.9517500E+05  0.1005547E+01
 -0.9515000E+05  0.1004753E+01
 -0.9512500E+05  0.1003952E+01
 -0.9510000E+05  0.1003279E+01
 -0.9507500E+05  0.1002530E+01
 -0.9505000E+05  0.1001837E+01
 -0.9502500E+05  0.1001145E+01
 -0.9500000E+05  0.1000504E+01
 -0.9497500E+05  0.9998496E+00
 -0.9495000E+05  0.9991230E+00
 -0.9492500E+05  0.9985371E+00
 -0.9490000E+05  0.9977589E+00
 -0.9487500E+05  0.9969344E+00
 -0.9485000E+05  0.9964106E+00
 -0.9482500E+05  0.9957171E+00
 -0.9480000E+05  0.9949274E+00
 -0.9477500E+05  0.9944104E+00
 -0.9475000E+05  0.9937555E+00
 -0.9472500E+05  0.9928610E+00
 -0.9470000E+05  0.9924116E+00
 -0.9467500E+05  0.9917200E+00
 -0.9465000E+05  0.9909600E+00
 -0.9462500E+05  0.9901825E+00
 -0.9460000E+05  0.9895499E+00
 -0.9712500E+05  0.1059965E+01
 -0.9710000E+05  0.1059348E+01
 -0.9707500E+05  0.1058851E+01
 -0.9705000E+05  0.1057910E+01
 -0.9702500E+05  0.1057154E+01
 -0.9700000E+05  0.1056583E+01
 -0.9697500E+05  0.1055735E+01
 -0.9695000E+05  0.1055043E+01
 -0.9692500E+05  0.1054383E+01
 -0.9690000E+05  0.1053627E+01
 -0.9687500E+05  0.1052821E+01
 -0.9685000E+05  0.1052107E+01
 -0.9682500E+05  0.1051509E+01
 -0.9680000E+05  0.1050871E+01
 -0.9677500E+05  0.1050273E+01
 -0.9675000E+05  0.1049545E+01
 -0.9672500E+05  0.1048710E+01
 -0.9670000E+05  0.1047940E+01
 -0.9667500E+05  0.1047298E+01
 -0.9665000E+05  0.1046515E+01
 -0.9662500E+05  0.1045701E+01
 -0.9660000E+05  0.1045034E+01
 -0.9657500E+05  0.1044402E+01
 -0.9655000E+05  0.1043742E+01
 -0.9652500E+05  0.1042742E+01
 -0.9650000E+05  0.1042003E+01
 -0.9647500E+05  0.1041698E+01
 -0.9645000E+05  0.1041013E+01
 -0.9642500E+05  0.1040153E+01
 -0.9640000E+05  0.1039515E+01
 -0.9882500E+05  0.1110908E+01
 -0.9880000E+05  0.1110219E+01
 -0.9877500E+05  0.1109594E+01
 -0.9875000E+05  0.1108557E+01
 -0.9872500E+05  0.1107686E+01
 -0.9870000E+05  0.1106831E+01
 -0.9867500E+05  0.1106157E+01
 -0.9865000E+05  0.1105699E+01
 -0.9862500E+05  0.1104891E+01
 -0.9860000E+05  0.1103943E+01
 -0.9857500E+05  0.1103321E+01
 -0.9855000E+05  0.1102732E+01
 -0.9852500E+05  0.1101799E+01
 -0.9850000E+05  0.1101027E+01
 -0.9847500E+05  0.1100252E+01
 -0.9845000E+05  0.1099432E+01
 -0.9842500E+05  0.1098755E+01
 -0.9840000E+05  0.1098108E+01
 -0.9837500E+05  0.1097354E+01
 -0.9835000E+05  0.1096678E+01
 -0.9832500E+05  0.1095917E+01
 -0.9830000E+05  0.1095019E+01
 -0.9827500E+05  0.1094361E+01
 -0.9825000E+05  0.1093766E+01
 -0.9822500E+05  0.1092858E+01
 -0.9820000E+05  0.1092093E+01
 -0.9817500E+05  0.1091548E+01
 -0.9815000E+05  0.1090735E+01
 -0.9812500E+05  0.1089659E+01
 -0.9810000E+05  0.1089239E+01
 -0.1004250E+06  0.1160713E+01
 -0.1004000E+06  0.1160074E+01
 -0.1003750E+06  0.1159372E+01
 -0.1003500E+06  0.1158403E+01
 -0.1003250E+06  0.1157656E+01
 -0.1003000E+06  0.1157013E+01
 -0.1002750E+06  0.1156264E+01
 -0.1002500E+06  0.1155504E+01
 -0.1002250E+06  0.1154334E+01
 -0.1002000E+06  0.1153494E+01
 -0.1001750E+06  0.1152926E+01
 -0.1001500E+06  0.1152168E+01
 -0.1001250E+06  0.1151355E+01
 -0.1001000E+06  0.1150484E+01
 -0.1000750E+06  0.1149680E+01
 -0.1000500E+06  0.1148999E+01
 -0.1000250E+06  0.1148305E+01
 -0.1000000E+06  0.1147539E+01
 -0.9997500E+05  0.1146647E+01
 -0.9995000E+05  0.1145744E+01
 -0.9992500E+05  0.1145140E+01
 -0.9990000E+05  0.1144337E+01
 -0.9987500E+05  0.1143528E+01
 -0.9985000E+05  0.1143067E+01
 -0.9982500E+05  0.1142097E+01
 -0.9980000E+05  0.1141053E+01
 -0.9977500E+05  0.1140355E+01
 -0.9975000E+05  0.1139956E+01
 -0.9972500E+05  0.1139180E+01
 -0.1019500E+06  0.1210641E+01
 -0.1019250E+06  0.1209775E+01
 -0.1019000E+06  0.1209067E+01
 -0.1018750E+06  0.1208274E+01
 -0.1018500E+06  0.1207500E+01
 -0.1018250E+06  0.1206619E+01
 -0.1018000E+06  0.1205712E+01
 -0.1017750E+06  0.1204767E+01
 -0.1017500E+06  0.1204025E+01
 -0.1017250E+06  0.1203287E+01
 -0.1017000E+06  0.1202374E+01
 -0.1016750E+06  0.1201529E+01
 -0.1016500E+06  0.1200749E+01
 -0.1016250E+06  0.1199911E+01
 -0.1016000E+06  0.1199113E+01
 -0.1015750E+06  0.1198318E+01
 -0.1015500E+06  0.1197498E+01
 -0.1015250E+06  0.1196688E+01
 -0.1015000E+06  0.1195950E+01
 -0.1014750E+06  0.1195102E+01
 -0.1014500E+06  0.1194276E+01
 -0.1014250E+06  0.1193434E+01
 -0.1014000E+06  0.1192594E+01
 -0.1013750E+06  0.1191788E+01
 -0.1013500E+06  0.1190884E+01
 -0.1013250E+06  0.1190157E+01
 -0.1013000E+06  0.1189399E+01
 -0.1034500E+06  0.1261707E+01
 -0.1034250E+06  0.1260873E+01
 -0.1034000E+06  0.1259946E+01
 -0.1033750E+06  0.1259239E+01
 -0.1033500E+06  0.1258158E+01
 -0.1033250E+06  0.1257128E+01
 -0.1033000E+06  0.1256355E+01
 -0.1032750E+06  0.1255530E+01
 -0.1032500E+06  0.1254756E+01
 -0.1032250E+06  0.1253772E+01
 -0.1032000E+06  0.1252933E+01
 -0.1031750E+06  0.1252151E+01
 -0.1031500E+06  0.1251215E+01
 -0.1031250E+06  0.1250393E+01
 -0.1031000E+06  0.1249476E+01
 -0.1030750E+06  0.1248499E+01
 -0.1030500E+06  0.1247676E+01
 -0.1030250E+06  0.1246999E+01
 -0.1030000E+06  0.1246203E+01
 -0.1029750E+06  0.1245493E+01
 -0.1029500E+06  0.1244532E+01
 -0.1029250E+06  0.1243428E+01
 -0.1029000E+06  0.1242833E+01
 -0.1028750E+06  0.1241881E+01
 -0.1028500E+06  0.1240902E+01
 -0.1028250E+06  0.1240219E+01
 -0.1028000E+06  0.1239508E+01
 -0.1027750E+06  0.1238528E+01
 -0.1048750E+06  0.1312076E+01
 -0.1048500E+06  0.1311114E+01
 -0.1048250E+06  0.1310027E+01
 -0.1048000E+06  0.1309179E+01
 -0.1047750E+06  0.1308230E+01
 -0.1047500E+06  0.1307345E+01
 -0.1047250E+06  0.1306449E+01
 -0.1047000E+06  0.1305632E+01
 -0.1046750E+06  0.1304807E+01
 -0.1046500E+06  0.1303930E+01
 -0.1046250E+06  0.1302995E+01
 -0.1046000E+06  0.1302120E+01
 -0.1045750E+06  0.1301235E+01
 -0.1045500E+06  0.1300352E+01
 -0.1045250E+06  0.1299431E+01
 -0.1045000E+06  0.1298498E+01
 -0.1044750E+06  0.1297607E+01
 -0.1044500E+06  0.1296804E+01
 -0.1044250E+06  0.1295916E+01
 -0.1044000E+06  0.1294979E+01
 -0.1043750E+06  0.1294204E+01
 -0.1043500E+06  0.1293367E+01
 -0.1043250E+06  0.1292382E+01
 -0.1043000E+06  0.1291316E+01
 -0.1042750E+06  0.1290701E+01
 -0.1042500E+06  0.1290025E+01
 -0.1042250E+06  0.1288808E+01
 -0.1062250E+06  0.1362076E+01
 -0.1062000E+06  0.1361010E+01
 -0.1061750E+06  0.1359794E+01
 -0.1061500E+06  0.1358876E+01
 -0.1061250E+06  0.1357902E+01
 -0.1061000E+06  0.1356971E+01
 -0.1060750E+06  0.1356257E+01
 -0.1060500E+06  0.1355477E+01
 -0.1060250E+06  0.1354535E+01
 -0.1060000E+06  0.1353388E+01
 -0.1059750E+06  0.1352375E+01
 -0.1059500E+06  0.1351645E+01
 -0.1059250E+06  0.1350650E+01
 -0.1059000E+06  0.1349694E+01
 -0.1058750E+06  0.1348810E+01
 -0.1058500E+06  0.1347989E+01
 -0.1058250E+06  0.1347085E+01
 -0.1058000E+06  0.1346069E+01
 -0.1057750E+06  0.1345298E+01
 -0.1057500E+06  0.1344337E+01
 -0.1057250E+06  0.1343102E+01
 -0.1057000E+06  0.1342225E+01
 -0.1056750E+06  0.1341416E+01
 -0.1056500E+06  0.1340579E+01
 -0.1056250E+06  0.1339467E+01
 -0.1056000E+06  0.1338489E+01
 -0.1075500E+06  0.1411989E+01
 -0.1075250E+06  0.1411245E+01
 -0.1075000E+06  0.1410122E+01
 -0.1074750E+06  0.1409393E+01
 -0.1074500E+06  0.1408323E+01
 -0.1074250E+06  0.1407217E+01
 -0.1074000E+06  0.1406275E+01
 -0.1073750E+06  0.1405214E+01
 -0.1073500E+06  0.1404360E+01
 -0.1073250E+06  0.1403583E+01
 -0.1073000E+06  0.1402545E+01
 -0.1072750E+06  0.1401563E+01
 -0.1072500E+06  0.1400699E+01
 -0.1072250E+06  0.1399705E+01
 -0.1072000E+06  0.1398765E+01
 -0.1071750E+06  0.1397863E+01
 -0.1071500E+06  0.1396948E+01
 -0.1071250E+06  0.1395905E+01
 -0.1071000E+06  0.1394843E+01
 -0.1070750E+06  0.1394077E+01
 -0.1070500E+06  0.1393292E+01
 -0.1070250E+06  0.1392314E+01
 -0.1070000E+06  0.1391265E+01
 -0.1069750E+06  0.1390312E+01
 -0.1069500E+06  0.1389082E+01
 -0.1069250E+06  0.1388064E+01
 -0.1088250E+06  0.1462613E+01
 -0.1088000E+06  0.1461570E+01
 -0.1087750E+06  0.1460448E+01
 -0.1087500E+06  0.1459540E+01
 -0.1087250E+06  0.1458478E+01
 -0.1087000E+06  0.1457676E+01
 -0.1086750E+06  0.1456615E+01
 -0.1086500E+06  0.1455593E+01
 -0.1086250E+06  0.1454607E+01
 -0.1086000E+06  0.1453546E+01
 -0.1085750E+06  0.1452600E+01
 -0.1085500E+06  0.1451571E+01
 -0.1085250E+06  0.1450538E+01
 -0.1085000E+06  0.1449524E+01
 -0.1084750E+06  0.1448626E+01
 -0.1084500E+06  0.1447715E+01
 -0.1084250E+06  0.1446779E+01
 -0.1084000E+06  0.1445861E+01
 -0.1083750E+06  0.1444646E+01
 -0.1083500E+06  0.1443693E+01
 -0.1083250E+06  0.1442922E+01
 -0.1083000E+06  0.1441863E+01
 -0.1082750E+06  0.1440847E+01
 -0.1082500E+06  0.1439979E+01
 -0.1082250E+06  0.1438971E+01
 -0.1082000E+06  0.1437904E+01
 -0.1100500E+06  0.1512481E+01
 -0.1100250E+06  0.1511588E+01
 -0.1100000E+06  0.1510368E+01
 -0.1099750E+06  0.1509388E+01
 -0.1099500E+06  0.1508527E+01
 -0.1099250E+06  0.1507484E+01
 -0.1099000E+06  0.1506311E+01
 -0.1098750E+06  0.1505254E+01
 -0.1098500E+06  0.1504266E+01
 -0.1098250E+06  0.1503219E+01
 -0.1098000E+06  0.1502280E+01
 -0.1097750E+06  0.1501178E+01
 -0.1097500E+06  0.1500143E+01
 -0.1097250E+06  0.1499311E+01
 -0.1097000E+06  0.1498255E+01
 -0.1096750E+06  0.1497242E+01
 -0.1096500E+06  0.1496183E+01
 -0.1096250E+06  0.1495026E+01
 -0.1096000E+06  0.1494093E+01
 -0.1095750E+06  0.1493058E+01
 -0.1095500E+06  0.1492152E+01
 -0.1095250E+06  0.1491204E+01
 -0.1095000E+06  0.1490103E+01
 -0.1094750E+06  0.1489192E+01
 -0.1094500E+06  0.1487877E+01
 -0.1112250E+06  0.1562263E+01
 -0.1112000E+06  0.1561426E+01
 -0.1111750E+06  0.1560275E+01
 -0.1111500E+06  0.1558899E+01
 -0.1111250E+06  0.1557945E+01
 -0.1111000E+06  0.1557137E+01
 -0.1110750E+06  0.1556000E+01
 -0.1110500E+06  0.1554769E+01
 -0.1110250E+06  0.1553776E+01
 -0.1110000E+06  0.1552822E+01
 -0.1109750E+06  0.1551738E+01
 -0.1109500E+06  0.1550592E+01
 -0.1109250E+06  0.1549649E+01
 -0.1109000E+06  0.1548618E+01
 -0.1108750E+06  0.1547602E+01
 -0.1108500E+06  0.1546559E+01
 -0.1108250E+06  0.1545408E+01
 -0.1108000E+06  0.1544314E+01
 -0.1107750E+06  0.1543150E+01
 -0.1107500E+06  0.1542157E+01
 -0.1107250E+06  0.1541249E+01
 -0.1107000E+06  0.1540025E+01
 -0.1106750E+06  0.1538928E+01
 -0.1106500E+06  0.1538005E+01
 -0.1123750E+06  0.1612550E+01
 -0.1123500E+06  0.1611294E+01
 -0.1123250E+06  0.1610255E+01
 -0.1123000E+06  0.1609222E+01
 -0.1122750E+06  0.1607793E+01
 -0.1122500E+06  0.1606810E+01
 -0.1122250E+06  0.1605914E+01
 -0.1122000E+06  0.1604735E+01
 -0.1121750E+06  0.1603634E+01
 -0.1121500E+06  0.1602520E+01
 -0.1121250E+06  0.1601422E+01
 -0.1121000E+06  0.1600371E+01
 -0.1120750E+06  0.1599191E+01
 -0.1120500E+06  0.1598189E+01
 -0.1120250E+06  0.1597268E+01
 -0.1120000E+06  0.1596244E+01
 -0.1119750E+06  0.1595060E+01
 -0.1119500E+06  0.1593818E+01
 -0.1119250E+06  0.1592917E+01
 -0.1119000E+06  0.1591924E+01
 -0.1118750E+06  0.1590731E+01
 -0.1118500E+06  0.1589714E+01
 -0.1118250E+06  0.1588832E+01
 -0.1118000E+06  0.1587630E+01
 -0.1135000E+06  0.1662759E+01
 -0.1134750E+06  0.1661558E+01
 -0.1134500E+06  0.1660317E+01
 -0.1134250E+06  0.1659168E+01
 -0.1134000E+06  0.1658022E+01
 -0.1133750E+06  0.1656978E+01
 -0.1133500E+06  0.1655831E+01
 -0.1133250E+06  0.1654633E+01
 -0.1133000E+06  0.1653576E+01
 -0.1132750E+06  0.1652493E+01
 -0.1132500E+06  0.1651452E+01
 -0.1132250E+06  0.1650419E+01
 -0.1132000E+06  0.1649134E+01
 -0.1131750E+06  0.1648023E+01
 -0.1131500E+06  0.1646964E+01
 -0.1131250E+06  0.1645764E+01
 -0.1131000E+06  0.1644702E+01
 -0.1130750E+06  0.1643798E+01
 -0.1130500E+06  0.1642570E+01
 -0.1130250E+06  0.1641322E+01
 -0.1130000E+06  0.1640364E+01
 -0.1129750E+06  0.1639256E+01
 -0.1129500E+06  0.1638014E+01
 -0.1129250E+06  0.1636895E+01
 -0.1146000E+06  0.1713666E+01
 -0.1145750E+06  0.1712452E+01
 -0.1145500E+06  0.1710953E+01
 -0.1145250E+06  0.1710111E+01
 -0.1145000E+06  0.1709065E+01
 -0.1144750E+06  0.1707846E+01
 -0.1144500E+06  0.1706605E+01
 -0.1144250E+06  0.1705344E+01
 -0.1144000E+06  0.1704195E+01
 -0.1143750E+06  0.1703202E+01
 -0.1143500E+06  0.1702189E+01
 -0.1143250E+06  0.1700833E+01
 -0.1143000E+06  0.1699638E+01
 -0.1142750E+06  0.1698532E+01
 -0.1142500E+06  0.1697372E+01
 -0.1142250E+06  0.1696261E+01
 -0.1142000E+06  0.1695201E+01
 -0.1141750E+06  0.1694116E+01
 -0.1141500E+06  0.1692974E+01
 -0.1141250E+06  0.1691811E+01
 -0.1141000E+06  0.1690502E+01
 -0.1140750E+06  0.1689556E+01
 -0.1140500E+06  0.1688458E+01
 -0.1140250E+06  0.1686858E+01
 -0.1156500E+06  0.1763622E+01
 -0.1156250E+06  0.1762571E+01
 -0.1156000E+06  0.1761031E+01
 -0.1155750E+06  0.1759627E+01
 -0.1155500E+06  0.1758675E+01
 -0.1155250E+06  0.1757489E+01
 -0.1155000E+06  0.1756297E+01
 -0.1154750E+06  0.1755302E+01
 -0.1154500E+06  0.1754048E+01
 -0.1154250E+06  0.1752779E+01
 -0.1154000E+06  0.1751537E+01
 -0.1153750E+06  0.1750209E+01
 -0.1153500E+06  0.1749214E+01
 -0.1153250E+06  0.1748183E+01
 -0.1153000E+06  0.1746914E+01
 -0.1152750E+06  0.1745604E+01
 -0.1152500E+06  0.1744409E+01
 -0.1152250E+06  0.1743246E+01
 -0.1152000E+06  0.1742077E+01
 -0.1151750E+06  0.1740871E+01
 -0.1151500E+06  0.1739697E+01
 -0.1151250E+06  0.1738695E+01
 -0.1151000E+06  0.1737589E+01
