 -0.1156500E+06  0.1763565E+01
 -0.1156000E+06  0.1761160E+01
 -0.1155500E+06  0.1758758E+01
 -0.1155000E+06  0.1756360E+01
 -0.1154500E+06  0.1753964E+01
 -0.1154000E+06  0.1751572E+01
 -0.1153500E+06  0.1749183E+01
 -0.1153000E+06  0.1746796E+01
 -0.1152500E+06  0.1744413E+01
 -0.1152000E+06  0.1742033E+01
 -0.1151500E+06  0.1739656E+01
 -0.1151000E+06  0.1737282E+01
 -0.1150500E+06  0.1734911E+01
 -0.1150000E+06  0.1732543E+01
 -0.1149500E+06  0.1730178E+01
 -0.1149000E+06  0.1727816E+01
 -0.1148500E+06  0.1725457E+01
 -0.1148000E+06  0.1723101E+01
 -0.1147500E+06  0.1720748E+01
 -0.1147000E+06  0.1718398E+01
 -0.1146500E+06  0.1716051E+01
 -0.1146000E+06  0.1713707E+01
 -0.1145500E+06  0.1711367E+01
 -0.1145000E+06  0.1709029E+01
 -0.1144500E+06  0.1706694E+01
 -0.1144000E+06  0.1704362E+01
 -0.1143500E+06  0.1702033E+01
 -0.1143000E+06  0.1699708E+01
 -0.1142500E+06  0.1697385E+01
 -0.1142000E+06  0.1695065E+01
 -0.1141500E+06  0.1692748E+01
 -0.1141000E+06  0.1690434E+01
 -0.1140500E+06  0.1688124E+01
 -0.1140000E+06  0.1685816E+01
 -0.1139500E+06  0.1683511E+01
 -0.1139000E+06  0.1681209E+01
 -0.1138500E+06  0.1678910E+01
 -0.1138000E+06  0.1676615E+01
 -0.1137500E+06  0.1674322E+01
 -0.1137000E+06  0.1672032E+01
 -0.1136500E+06  0.1669745E+01
 -0.1136000E+06  0.1667461E+01
 -0.1135500E+06  0.1665180E+01
 -0.1135000E+06  0.1662902E+01
 -0.1134500E+06  0.1660627E+01
 -0.1134000E+06  0.1658355E+01
 -0.1133500E+06  0.1656086E+01
 -0.1133000E+06  0.1653819E+01
 -0.1132500E+06  0.1651556E+01
 -0.1132000E+06  0.1649296E+01
 -0.1131500E+06  0.1647039E+01
 -0.1131000E+06  0.1644784E+01
 -0.1130500E+06  0.1642533E+01
 -0.1130000E+06  0.1640284E+01
 -0.1129500E+06  0.1638039E+01
 -0.1129000E+06  0.1635796E+01
 -0.1128500E+06  0.1633557E+01
 -0.1128000E+06  0.1631320E+01
 -0.1127500E+06  0.1629086E+01
 -0.1127000E+06  0.1626855E+01
 -0.1126500E+06  0.1624627E+01
 -0.1126000E+06  0.1622402E+01
 -0.1125500E+06  0.1620180E+01
 -0.1125000E+06  0.1617961E+01
 -0.1124500E+06  0.1615745E+01
 -0.1124000E+06  0.1613532E+01
 -0.1123500E+06  0.1611321E+01
 -0.1123000E+06  0.1609114E+01
 -0.1122500E+06  0.1606909E+01
 -0.1122000E+06  0.1604707E+01
 -0.1121500E+06  0.1602509E+01
 -0.1121000E+06  0.1600313E+01
 -0.1120500E+06  0.1598120E+01
 -0.1120000E+06  0.1595930E+01
 -0.1119500E+06  0.1593743E+01
 -0.1119000E+06  0.1591558E+01
 -0.1118500E+06  0.1589377E+01
 -0.1118000E+06  0.1587198E+01
 -0.1117500E+06  0.1585023E+01
 -0.1117000E+06  0.1582850E+01
 -0.1116500E+06  0.1580680E+01
 -0.1116000E+06  0.1578513E+01
 -0.1115500E+06  0.1576349E+01
 -0.1115000E+06  0.1574188E+01
 -0.1114500E+06  0.1572029E+01
 -0.1114000E+06  0.1569874E+01
 -0.1113500E+06  0.1567721E+01
 -0.1113000E+06  0.1565571E+01
 -0.1112500E+06  0.1563424E+01
 -0.1112000E+06  0.1561280E+01
 -0.1111500E+06  0.1559139E+01
 -0.1111000E+06  0.1557001E+01
 -0.1110500E+06  0.1554865E+01
 -0.1110000E+06  0.1552732E+01
 -0.1109500E+06  0.1550603E+01
 -0.1109000E+06  0.1548476E+01
 -0.1108500E+06  0.1546351E+01
 -0.1108000E+06  0.1544230E+01
 -0.1107500E+06  0.1542112E+01
 -0.1107000E+06  0.1539996E+01
 -0.1106500E+06  0.1537883E+01
 -0.1106000E+06  0.1535773E+01
 -0.1105500E+06  0.1533666E+01
 -0.1105000E+06  0.1531561E+01
 -0.1104500E+06  0.1529460E+01
 -0.1104000E+06  0.1527361E+01
 -0.1103500E+06  0.1525265E+01
 -0.1103000E+06  0.1523172E+01
 -0.1102500E+06  0.1521082E+01
 -0.1102000E+06  0.1518994E+01
 -0.1101500E+06  0.1516909E+01
 -0.1101000E+06  0.1514827E+01
 -0.1100500E+06  0.1512748E+01
 -0.1100000E+06  0.1510672E+01
 -0.1099500E+06  0.1508598E+01
 -0.1099000E+06  0.1506528E+01
 -0.1098500E+06  0.1504460E+01
 -0.1098000E+06  0.1502394E+01
 -0.1097500E+06  0.1500332E+01
 -0.1097000E+06  0.1498272E+01
 -0.1096500E+06  0.1496215E+01
 -0.1096000E+06  0.1494161E+01
 -0.1095500E+06  0.1492110E+01
 -0.1095000E+06  0.1490061E+01
 -0.1094500E+06  0.1488015E+01
 -0.1094000E+06  0.1485972E+01
 -0.1093500E+06  0.1483932E+01
 -0.1093000E+06  0.1481894E+01
 -0.1092500E+06  0.1479860E+01
 -0.1092000E+06  0.1477828E+01
 -0.1091500E+06  0.1475798E+01
 -0.1091000E+06  0.1473772E+01
 -0.1090500E+06  0.1471748E+01
 -0.1090000E+06  0.1469727E+01
 -0.1089500E+06  0.1467708E+01
 -0.1089000E+06  0.1465693E+01
 -0.1088500E+06  0.1463680E+01
 -0.1088000E+06  0.1461669E+01
 -0.1087500E+06  0.1459662E+01
 -0.1087000E+06  0.1457657E+01
 -0.1086500E+06  0.1455655E+01
 -0.1086000E+06  0.1453656E+01
 -0.1085500E+06  0.1451659E+01
 -0.1085000E+06  0.1449665E+01
 -0.1084500E+06  0.1447674E+01
 -0.1084000E+06  0.1445685E+01
 -0.1083500E+06  0.1443699E+01
 -0.1083000E+06  0.1441716E+01
 -0.1082500E+06  0.1439736E+01
 -0.1082000E+06  0.1437758E+01
 -0.1081500E+06  0.1435783E+01
 -0.1081000E+06  0.1433810E+01
 -0.1080500E+06  0.1431840E+01
 -0.1080000E+06  0.1429873E+01
 -0.1079500E+06  0.1427909E+01
 -0.1079000E+06  0.1425947E+01
 -0.1078500E+06  0.1423988E+01
 -0.1078000E+06  0.1422032E+01
 -0.1077500E+06  0.1420078E+01
 -0.1077000E+06  0.1418127E+01
 -0.1076500E+06  0.1416178E+01
 -0.1076000E+06  0.1414232E+01
 -0.1075500E+06  0.1412289E+01
 -0.1075000E+06  0.1410349E+01
 -0.1074500E+06  0.1408411E+01
 -0.1074000E+06  0.1406475E+01
 -0.1073500E+06  0.1404543E+01
 -0.1073000E+06  0.1402613E+01
 -0.1072500E+06  0.1400685E+01
 -0.1072000E+06  0.1398761E+01
 -0.1071500E+06  0.1396839E+01
 -0.1071000E+06  0.1394919E+01
 -0.1070500E+06  0.1393002E+01
 -0.1070000E+06  0.1391088E+01
 -0.1069500E+06  0.1389176E+01
 -0.1069000E+06  0.1387267E+01
 -0.1068500E+06  0.1385361E+01
 -0.1068000E+06  0.1383457E+01
 -0.1067500E+06  0.1381556E+01
 -0.1067000E+06  0.1379657E+01
 -0.1066500E+06  0.1377761E+01
 -0.1066000E+06  0.1375867E+01
 -0.1065500E+06  0.1373976E+01
 -0.1065000E+06  0.1372088E+01
 -0.1064500E+06  0.1370202E+01
 -0.1064000E+06  0.1368319E+01
 -0.1063500E+06  0.1366439E+01
 -0.1063000E+06  0.1364561E+01
 -0.1062500E+06  0.1362685E+01
 -0.1062000E+06  0.1360812E+01
 -0.1061500E+06  0.1358942E+01
 -0.1061000E+06  0.1357074E+01
 -0.1060500E+06  0.1355209E+01
 -0.1060000E+06  0.1353346E+01
 -0.1059500E+06  0.1351486E+01
 -0.1059000E+06  0.1349628E+01
 -0.1058500E+06  0.1347773E+01
 -0.1058000E+06  0.1345921E+01
 -0.1057500E+06  0.1344071E+01
 -0.1057000E+06  0.1342223E+01
 -0.1056500E+06  0.1340378E+01
 -0.1056000E+06  0.1338536E+01
 -0.1055500E+06  0.1336696E+01
 -0.1055000E+06  0.1334859E+01
 -0.1054500E+06  0.1333024E+01
 -0.1054000E+06  0.1331191E+01
 -0.1053500E+06  0.1329362E+01
 -0.1053000E+06  0.1327534E+01
 -0.1052500E+06  0.1325710E+01
 -0.1052000E+06  0.1323887E+01
 -0.1051500E+06  0.1322067E+01
 -0.1051000E+06  0.1320250E+01
 -0.1050500E+06  0.1318435E+01
 -0.1050000E+06  0.1316623E+01
 -0.1049500E+06  0.1314813E+01
 -0.1049000E+06  0.1313006E+01
 -0.1048500E+06  0.1311201E+01
 -0.1048000E+06  0.1309398E+01
 -0.1047500E+06  0.1307598E+01
 -0.1047000E+06  0.1305801E+01
 -0.1046500E+06  0.1304006E+01
 -0.1046000E+06  0.1302213E+01
 -0.1045500E+06  0.1300423E+01
 -0.1045000E+06  0.1298635E+01
 -0.1044500E+06  0.1296850E+01
 -0.1044000E+06  0.1295068E+01
 -0.1043500E+06  0.1293287E+01
 -0.1043000E+06  0.1291509E+01
 -0.1042500E+06  0.1289734E+01
 -0.1042000E+06  0.1287961E+01
 -0.1041500E+06  0.1286191E+01
 -0.1041000E+06  0.1284422E+01
 -0.1040500E+06  0.1282657E+01
 -0.1040000E+06  0.1280894E+01
 -0.1039500E+06  0.1279133E+01
 -0.1039000E+06  0.1277374E+01
 -0.1038500E+06  0.1275618E+01
 -0.1038000E+06  0.1273865E+01
 -0.1037500E+06  0.1272114E+01
 -0.1037000E+06  0.1270365E+01
 -0.1036500E+06  0.1268619E+01
 -0.1036000E+06  0.1266875E+01
 -0.1035500E+06  0.1265133E+01
 -0.1035000E+06  0.1263394E+01
 -0.1034500E+06  0.1261657E+01
 -0.1034000E+06  0.1259923E+01
 -0.1033500E+06  0.1258191E+01
 -0.1033000E+06  0.1256462E+01
 -0.1032500E+06  0.1254734E+01
 -0.1032000E+06  0.1253010E+01
 -0.1031500E+06  0.1251287E+01
 -0.1031000E+06  0.1249567E+01
 -0.1030500E+06  0.1247849E+01
 -0.1030000E+06  0.1246134E+01
 -0.1029500E+06  0.1244421E+01
 -0.1029000E+06  0.1242711E+01
 -0.1028500E+06  0.1241002E+01
 -0.1028000E+06  0.1239297E+01
 -0.1027500E+06  0.1237593E+01
 -0.1027000E+06  0.1235892E+01
 -0.1026500E+06  0.1234193E+01
 -0.1026000E+06  0.1232497E+01
 -0.1025500E+06  0.1230803E+01
 -0.1025000E+06  0.1229111E+01
 -0.1024500E+06  0.1227421E+01
 -0.1024000E+06  0.1225734E+01
 -0.1023500E+06  0.1224050E+01
 -0.1023000E+06  0.1222367E+01
 -0.1022500E+06  0.1220687E+01
 -0.1022000E+06  0.1219009E+01
 -0.1021500E+06  0.1217334E+01
 -0.1021000E+06  0.1215661E+01
 -0.1020500E+06  0.1213990E+01
 -0.1020000E+06  0.1212321E+01
 -0.1019500E+06  0.1210655E+01
 -0.1019000E+06  0.1208991E+01
 -0.1018500E+06  0.1207329E+01
 -0.1018000E+06  0.1205670E+01
 -0.1017500E+06  0.1204013E+01
 -0.1017000E+06  0.1202358E+01
 -0.1016500E+06  0.1200706E+01
 -0.1016000E+06  0.1199056E+01
 -0.1015500E+06  0.1197408E+01
 -0.1015000E+06  0.1195763E+01
 -0.1014500E+06  0.1194119E+01
 -0.1014000E+06  0.1192478E+01
 -0.1013500E+06  0.1190840E+01
 -0.1013000E+06  0.1189203E+01
 -0.1012500E+06  0.1187569E+01
 -0.1012000E+06  0.1185937E+01
 -0.1011500E+06  0.1184307E+01
 -0.1011000E+06  0.1182680E+01
 -0.1010500E+06  0.1181055E+01
 -0.1010000E+06  0.1179432E+01
 -0.1009500E+06  0.1177812E+01
 -0.1009000E+06  0.1176193E+01
 -0.1008500E+06  0.1174577E+01
 -0.1008000E+06  0.1172963E+01
 -0.1007500E+06  0.1171352E+01
 -0.1007000E+06  0.1169742E+01
 -0.1006500E+06  0.1168135E+01
 -0.1006000E+06  0.1166530E+01
 -0.1005500E+06  0.1164928E+01
 -0.1005000E+06  0.1163327E+01
 -0.1004500E+06  0.1161729E+01
 -0.1004000E+06  0.1160133E+01
 -0.1003500E+06  0.1158540E+01
 -0.1003000E+06  0.1156948E+01
 -0.1002500E+06  0.1155359E+01
 -0.1002000E+06  0.1153772E+01
 -0.1001500E+06  0.1152187E+01
 -0.1001000E+06  0.1150604E+01
 -0.1000500E+06  0.1149024E+01
 -0.1000000E+06  0.1147446E+01
 -0.9995000E+05  0.1145870E+01
 -0.9990000E+05  0.1144296E+01
 -0.9985000E+05  0.1142724E+01
 -0.9980000E+05  0.1141155E+01
 -0.9975000E+05  0.1139588E+01
 -0.9970000E+05  0.1138023E+01
 -0.9965000E+05  0.1136460E+01
 -0.9960000E+05  0.1134899E+01
 -0.9955000E+05  0.1133341E+01
 -0.9950000E+05  0.1131784E+01
 -0.9945000E+05  0.1130230E+01
 -0.9940000E+05  0.1128678E+01
 -0.9935000E+05  0.1127129E+01
 -0.9930000E+05  0.1125581E+01
 -0.9925000E+05  0.1124036E+01
 -0.9920000E+05  0.1122492E+01
 -0.9915000E+05  0.1120951E+01
 -0.9910000E+05  0.1119412E+01
 -0.9905000E+05  0.1117876E+01
 -0.9900000E+05  0.1116341E+01
 -0.9895000E+05  0.1114809E+01
 -0.9890000E+05  0.1113278E+01
 -0.9885000E+05  0.1111750E+01
 -0.9880000E+05  0.1110224E+01
 -0.9875000E+05  0.1108701E+01
 -0.9870000E+05  0.1107179E+01
 -0.9865000E+05  0.1105659E+01
 -0.9860000E+05  0.1104142E+01
 -0.9855000E+05  0.1102627E+01
 -0.9850000E+05  0.1101113E+01
 -0.9845000E+05  0.1099602E+01
 -0.9840000E+05  0.1098094E+01
 -0.9835000E+05  0.1096587E+01
 -0.9830000E+05  0.1095082E+01
 -0.9825000E+05  0.1093580E+01
 -0.9820000E+05  0.1092079E+01
 -0.9815000E+05  0.1090581E+01
 -0.9810000E+05  0.1089085E+01
 -0.9805000E+05  0.1087591E+01
 -0.9800000E+05  0.1086099E+01
 -0.9795000E+05  0.1084609E+01
 -0.9790000E+05  0.1083121E+01
 -0.9785000E+05  0.1081636E+01
 -0.9780000E+05  0.1080152E+01
 -0.9775000E+05  0.1078671E+01
 -0.9770000E+05  0.1077192E+01
 -0.9765000E+05  0.1075714E+01
 -0.9760000E+05  0.1074239E+01
 -0.9755000E+05  0.1072766E+01
 -0.9750000E+05  0.1071295E+01
 -0.9745000E+05  0.1069826E+01
 -0.9740000E+05  0.1068360E+01
 -0.9735000E+05  0.1066895E+01
 -0.9730000E+05  0.1065432E+01
 -0.9725000E+05  0.1063972E+01
 -0.9720000E+05  0.1062513E+01
 -0.9715000E+05  0.1061057E+01
 -0.9710000E+05  0.1059603E+01
 -0.9705000E+05  0.1058150E+01
 -0.9700000E+05  0.1056700E+01
 -0.9695000E+05  0.1055252E+01
 -0.9690000E+05  0.1053806E+01
 -0.9685000E+05  0.1052362E+01
 -0.9680000E+05  0.1050920E+01
 -0.9675000E+05  0.1049480E+01
 -0.9670000E+05  0.1048042E+01
 -0.9665000E+05  0.1046606E+01
 -0.9660000E+05  0.1045173E+01
 -0.9655000E+05  0.1043741E+01
 -0.9650000E+05  0.1042311E+01
 -0.9645000E+05  0.1040884E+01
 -0.9640000E+05  0.1039458E+01
 -0.9635000E+05  0.1038035E+01
 -0.9630000E+05  0.1036613E+01
 -0.9625000E+05  0.1035193E+01
 -0.9620000E+05  0.1033776E+01
 -0.9615000E+05  0.1032361E+01
 -0.9610000E+05  0.1030947E+01
 -0.9605000E+05  0.1029536E+01
 -0.9600000E+05  0.1028126E+01
 -0.9595000E+05  0.1026719E+01
 -0.9590000E+05  0.1025314E+01
 -0.9585000E+05  0.1023910E+01
 -0.9580000E+05  0.1022509E+01
 -0.9575000E+05  0.1021110E+01
 -0.9570000E+05  0.1019712E+01
 -0.9565000E+05  0.1018317E+01
 -0.9560000E+05  0.1016924E+01
 -0.9555000E+05  0.1015532E+01
 -0.9550000E+05  0.1014143E+01
 -0.9545000E+05  0.1012756E+01
 -0.9540000E+05  0.1011370E+01
 -0.9535000E+05  0.1009987E+01
 -0.9530000E+05  0.1008606E+01
 -0.9525000E+05  0.1007226E+01
 -0.9520000E+05  0.1005849E+01
 -0.9515000E+05  0.1004473E+01
 -0.9510000E+05  0.1003100E+01
 -0.9505000E+05  0.1001728E+01
 -0.9500000E+05  0.1000359E+01
 -0.9495000E+05  0.9989914E+00
 -0.9490000E+05  0.9976258E+00
 -0.9485000E+05  0.9962623E+00
 -0.9480000E+05  0.9949006E+00
 -0.9475000E+05  0.9935409E+00
 -0.9470000E+05  0.9921832E+00
 -0.9465000E+05  0.9908275E+00
 -0.9460000E+05  0.9894737E+00
 -0.9455000E+05  0.9881218E+00
 -0.9450000E+05  0.9867719E+00
 -0.9445000E+05  0.9854240E+00
 -0.9440000E+05  0.9840780E+00
 -0.9435000E+05  0.9827339E+00
 -0.9430000E+05  0.9813918E+00
 -0.9425000E+05  0.9800516E+00
 -0.9420000E+05  0.9787133E+00
 -0.9415000E+05  0.9773770E+00
 -0.9410000E+05  0.9760426E+00
 -0.9405000E+05  0.9747102E+00
 -0.9400000E+05  0.9733796E+00
 -0.9395000E+05  0.9720510E+00
 -0.9390000E+05  0.9707243E+00
 -0.9385000E+05  0.9693996E+00
 -0.9380000E+05  0.9680767E+00
 -0.9375000E+05  0.9667558E+00
 -0.9370000E+05  0.9654367E+00
 -0.9365000E+05  0.9641196E+00
 -0.9360000E+05  0.9628044E+00
 -0.9355000E+05  0.9614911E+00
 -0.9350000E+05  0.9601797E+00
 -0.9345000E+05  0.9588702E+00
 -0.9340000E+05  0.9575626E+00
 -0.9335000E+05  0.9562569E+00
 -0.9330000E+05  0.9549531E+00
 -0.9325000E+05  0.9536511E+00
 -0.9320000E+05  0.9523511E+00
 -0.9315000E+05  0.9510530E+00
 -0.9310000E+05  0.9497567E+00
 -0.9305000E+05  0.9484623E+00
 -0.9300000E+05  0.9471698E+00
 -0.9295000E+05  0.9458792E+00
 -0.9290000E+05  0.9445904E+00
 -0.9285000E+05  0.9433035E+00
 -0.9280000E+05  0.9420185E+00
 -0.9275000E+05  0.9407354E+00
 -0.9270000E+05  0.9394541E+00
 -0.9265000E+05  0.9381747E+00
 -0.9260000E+05  0.9368971E+00
 -0.9255000E+05  0.9356214E+00
 -0.9250000E+05  0.9343476E+00
 -0.9245000E+05  0.9330756E+00
 -0.9240000E+05  0.9318054E+00
 -0.9235000E+05  0.9305372E+00
 -0.9230000E+05  0.9292707E+00
 -0.9225000E+05  0.9280061E+00
 -0.9220000E+05  0.9267433E+00
 -0.9215000E+05  0.9254824E+00
 -0.9210000E+05  0.9242233E+00
 -0.9205000E+05  0.9229661E+00
 -0.9200000E+05  0.9217107E+00
 -0.9195000E+05  0.9204571E+00
 -0.9190000E+05  0.9192053E+00
 -0.9185000E+05  0.9179554E+00
 -0.9180000E+05  0.9167073E+00
 -0.9175000E+05  0.9154610E+00
 -0.9170000E+05  0.9142165E+00
 -0.9165000E+05  0.9129739E+00
 -0.9160000E+05  0.9117330E+00
 -0.9155000E+05  0.9104940E+00
 -0.9150000E+05  0.9092568E+00
 -0.9145000E+05  0.9080213E+00
 -0.9140000E+05  0.9067877E+00
 -0.9135000E+05  0.9055559E+00
 -0.9130000E+05  0.9043259E+00
 -0.9125000E+05  0.9030977E+00
 -0.9120000E+05  0.9018713E+00
 -0.9115000E+05  0.9006466E+00
 -0.9110000E+05  0.8994238E+00
 -0.9105000E+05  0.8982028E+00
 -0.9100000E+05  0.8969835E+00
 -0.9095000E+05  0.8957660E+00
 -0.9090000E+05  0.8945503E+00
 -0.9085000E+05  0.8933364E+00
 -0.9080000E+05  0.8921243E+00
 -0.9075000E+05  0.8909139E+00
 -0.9070000E+05  0.8897053E+00
 -0.9065000E+05  0.8884985E+00
 -0.9060000E+05  0.8872935E+00
 -0.9055000E+05  0.8860902E+00
 -0.9050000E+05  0.8848887E+00
 -0.9045000E+05  0.8836889E+00
 -0.9040000E+05  0.8824909E+00
 -0.9035000E+05  0.8812947E+00
 -0.9030000E+05  0.8801002E+00
 -0.9025000E+05  0.8789074E+00
 -0.9020000E+05  0.8777165E+00
 -0.9015000E+05  0.8765272E+00
 -0.9010000E+05  0.8753398E+00
 -0.9005000E+05  0.8741540E+00
 -0.9000000E+05  0.8729700E+00
 -0.8995000E+05  0.8717878E+00
 -0.8990000E+05  0.8706073E+00
 -0.8985000E+05  0.8694285E+00
 -0.8980000E+05  0.8682515E+00
 -0.8975000E+05  0.8670762E+00
 -0.8970000E+05  0.8659026E+00
 -0.8965000E+05  0.8647308E+00
 -0.8960000E+05  0.8635606E+00
 -0.8955000E+05  0.8623923E+00
 -0.8950000E+05  0.8612256E+00
 -0.8945000E+05  0.8600607E+00
 -0.8940000E+05  0.8588974E+00
 -0.8935000E+05  0.8577359E+00
 -0.8930000E+05  0.8565762E+00
 -0.8925000E+05  0.8554181E+00
 -0.8920000E+05  0.8542618E+00
 -0.8915000E+05  0.8531071E+00
 -0.8910000E+05  0.8519542E+00
 -0.8905000E+05  0.8508030E+00
 -0.8900000E+05  0.8496535E+00
 -0.8895000E+05  0.8485057E+00
 -0.8890000E+05  0.8473596E+00
 -0.8885000E+05  0.8462152E+00
 -0.8880000E+05  0.8450725E+00
 -0.8875000E+05  0.8439315E+00
 -0.8870000E+05  0.8427922E+00
 -0.8865000E+05  0.8416546E+00
 -0.8860000E+05  0.8405187E+00
 -0.8855000E+05  0.8393845E+00
 -0.8850000E+05  0.8382520E+00
 -0.8845000E+05  0.8371211E+00
 -0.8840000E+05  0.8359920E+00
 -0.8835000E+05  0.8348646E+00
 -0.8830000E+05  0.8337388E+00
 -0.8825000E+05  0.8326147E+00
 -0.8820000E+05  0.8314924E+00
 -0.8815000E+05  0.8303717E+00
 -0.8810000E+05  0.8292527E+00
 -0.8805000E+05  0.8281353E+00
 -0.8800000E+05  0.8270197E+00
 -0.8795000E+05  0.8259057E+00
 -0.8790000E+05  0.8247935E+00
 -0.8785000E+05  0.8236829E+00
 -0.8780000E+05  0.8225740E+00
 -0.8775000E+05  0.8214667E+00
 -0.8770000E+05  0.8203612E+00
 -0.8765000E+05  0.8192573E+00
 -0.8760000E+05  0.8181551E+00
 -0.8755000E+05  0.8170546E+00
 -0.8750000E+05  0.8159557E+00
 -0.8745000E+05  0.8148585E+00
 -0.8740000E+05  0.8137630E+00
 -0.8735000E+05  0.8126692E+00
 -0.8730000E+05  0.8115771E+00
 -0.8725000E+05  0.8104866E+00
 -0.8720000E+05  0.8093978E+00
 -0.8715000E+05  0.8083107E+00
 -0.8710000E+05  0.8072253E+00
 -0.8705000E+05  0.8061415E+00
 -0.8700000E+05  0.8050594E+00
 -0.8695000E+05  0.8039790E+00
 -0.8690000E+05  0.8029002E+00
 -0.8685000E+05  0.8018232E+00
 -0.8680000E+05  0.8007478E+00
 -0.8675000E+05  0.7996741E+00
 -0.8670000E+05  0.7986021E+00
 -0.8665000E+05  0.7975317E+00
 -0.8660000E+05  0.7964631E+00
 -0.8655000E+05  0.7953961E+00
 -0.8650000E+05  0.7943308E+00
 -0.8645000E+05  0.7932671E+00
 -0.8640000E+05  0.7922052E+00
 -0.8635000E+05  0.7911450E+00
