  -115650.000000000        1.76273474376649       -73793100693.3105     
  -115640.000000000        1.76225016824901       -73793100675.6875     
  -115630.000000000        1.76176570542157       -73793100658.0684     
  -115620.000000000        1.76128129567951       -73793100640.4531     
  -115610.000000000        1.76079706288874       -73793100622.8418     
  -115600.000000000        1.76031304150820       -73793100605.2344     
  -115590.000000000        1.75982913002372       -73793100587.6328     
  -115580.000000000        1.75934530608356       -73793100570.0391     
  -115570.000000000        1.75886168051511       -73793100552.4473     
  -115560.000000000        1.75837818533182       -73793100534.8613     
  -115550.000000000        1.75789480097592       -73793100517.2812     
  -115540.000000000        1.75741154607385       -73793100499.7012     
  -115530.000000000        1.75692848768085       -73793100482.1328     
  -115520.000000000        1.75644555594772       -73793100464.5645     
  -115510.000000000        1.75596273876727       -73793100447.0039     
  -115500.000000000        1.75548009760678       -73793100429.4473     
  -115490.000000000        1.75499757565558       -73793100411.8945     
  -115480.000000000        1.75451518129557       -73793100394.3477     
  -115470.000000000        1.75403293780982       -73793100376.8027     
  -115460.000000000        1.75355090480298       -73793100359.2656     
  -115450.000000000        1.75306895375252       -73793100341.7305     
  -115440.000000000        1.75258716661483       -73793100324.2031     
  -115430.000000000        1.75210549961776       -73793100306.6797     
  -115420.000000000        1.75162396952510       -73793100289.1621     
  -115410.000000000        1.75114260055125       -73793100271.6484     
  -115400.000000000        1.75066139735281       -73793100254.1387     
  -115390.000000000        1.75018031522632       -73793100236.6367     
  -115380.000000000        1.74969938769937       -73793100219.1367     
  -115370.000000000        1.74921857938170       -73793100201.6426     
  -115360.000000000        1.74873797688633       -73793100184.1523     
  -115350.000000000        1.74825746938586       -73793100166.6680     
  -115340.000000000        1.74777715187520       -73793100149.1855     
  -115330.000000000        1.74729697592556       -73793100131.7109     
  -115320.000000000        1.74681688193232       -73793100114.2422     
  -115310.000000000        1.74633701238781       -73793100096.7734     
  -115300.000000000        1.74585728999227       -73793100079.3145     
  -115290.000000000        1.74537768121809       -73793100061.8555     
  -115280.000000000        1.74489820469171       -73793100044.4062     
  -115270.000000000        1.74441888928413       -73793100026.9570     
  -115260.000000000        1.74393973406404       -73793100009.5156     
  -115250.000000000        1.74346071761101       -73793099992.0820     
  -115240.000000000        1.74298183526844       -73793099974.6484     
  -115230.000000000        1.74250312801450       -73793099957.2207     
  -115220.000000000        1.74202457722276       -73793099939.7988     
  -115210.000000000        1.74154616147280       -73793099922.3789     
  -115200.000000000        1.74106788635254       -73793099904.9668     
  -115190.000000000        1.74058977980167       -73793099887.5586     
  -115180.000000000        1.74011179897934       -73793099870.1523     
  -115170.000000000        1.73963398858905       -73793099852.7578     
  -115160.000000000        1.73915635701269       -73793099835.3633     
  -115150.000000000        1.73867881856859       -73793099817.9727     
  -115140.000000000        1.73820145055652       -73793099800.5898     
  -115130.000000000        1.73772421758622       -73793099783.2109     
  -115120.000000000        1.73724712803960       -73793099765.8340     
  -115110.000000000        1.73677023965865       -73793099748.4648     
  -115100.000000000        1.73629346117377       -73793099731.0996     
  -115090.000000000        1.73581686336547       -73793099713.7383     
  -115080.000000000        1.73534033913165       -73793099696.3848     
  -115070.000000000        1.73486405238509       -73793099679.0312     
  -115060.000000000        1.73438790719956       -73793099661.6875     
  -115050.000000000        1.73391185328364       -73793099644.3438     
  -115040.000000000        1.73343597259372       -73793099627.0078     
  -115030.000000000        1.73296026978642       -73793099609.6738     
  -115020.000000000        1.73248469922692       -73793099592.3516     
  -115010.000000000        1.73200931120664       -73793099575.0254     
  -115000.000000000        1.73153402097523       -73793099557.7070     
  -114990.000000000        1.73105885554105       -73793099540.3965     
  -114980.000000000        1.73058393877000       -73793099523.0859     
  -114970.000000000        1.73010908905417       -73793099505.7812     
  -114960.000000000        1.72963443677872       -73793099488.4863     
  -114950.000000000        1.72915993351489       -73793099471.1914     
  -114940.000000000        1.72868554014713       -73793099453.9023     
  -114930.000000000        1.72821129020303       -73793099436.6172     
  -114920.000000000        1.72773727029562       -73793099419.3379     
  -114910.000000000        1.72726337518543       -73793099402.0605     
  -114900.000000000        1.72678955737501       -73793099384.7930     
  -114890.000000000        1.72631596401334       -73793099367.5273     
  -114880.000000000        1.72584246844053       -73793099350.2637     
  -114870.000000000        1.72536921314895       -73793099333.0098     
  -114860.000000000        1.72489596623927       -73793099315.7578     
  -114850.000000000        1.72442297637463       -73793099298.5117     
  -114840.000000000        1.72395011875778       -73793099281.2676     
  -114830.000000000        1.72347737569362       -73793099264.0352     
  -114820.000000000        1.72300483193249       -73793099246.8008     
  -114810.000000000        1.72253240738064       -73793099229.5742     
  -114800.000000000        1.72206011973321       -73793099212.3496     
  -114790.000000000        1.72158798947930       -73793099195.1328     
  -114780.000000000        1.72111602220684       -73793099177.9180     
  -114770.000000000        1.72064421139657       -73793099160.7090     
  -114760.000000000        1.72017251513898       -73793099143.5059     
  -114750.000000000        1.71970100887120       -73793099126.3047     
  -114740.000000000        1.71922963578254       -73793099109.1113     
  -114730.000000000        1.71875841170549       -73793099091.9199     
  -114720.000000000        1.71828732080758       -73793099074.7383     
  -114710.000000000        1.71781635005027       -73793099057.5566     
  -114700.000000000        1.71734562702477       -73793099040.3789     
  -114690.000000000        1.71687496174127       -73793099023.2090     
  -114680.000000000        1.71640445850790       -73793099006.0449     
  -114670.000000000        1.71593411266804       -73793098988.8809     
  -114660.000000000        1.71546392515302       -73793098971.7246     
  -114650.000000000        1.71499392762780       -73793098954.5723     
  -114640.000000000        1.71452395711094       -73793098937.4238     
  -114630.000000000        1.71405421849340       -73793098920.2812     
  -114620.000000000        1.71358466800302       -73793098903.1406     
  -114610.000000000        1.71311521809548       -73793098886.0098     
  -114600.000000000        1.71264587435871       -73793098868.8789     
  -114590.000000000        1.71217671968043       -73793098851.7559     
  -114580.000000000        1.71170771308243       -73793098834.6367     
  -114570.000000000        1.71123884152621       -73793098817.5195     
  -114560.000000000        1.71077009942383       -73793098800.4121     
  -114550.000000000        1.71030153799802       -73793098783.3066     
  -114540.000000000        1.70983309298754       -73793098766.2051     
  -114530.000000000        1.70936480071396       -73793098749.1094     
  -114520.000000000        1.70889663416892       -73793098732.0195     
  -114510.000000000        1.70842867810279       -73793098714.9316     
  -114500.000000000        1.70796082727611       -73793098697.8496     
  -114490.000000000        1.70749307703227       -73793098680.7734     
  -114480.000000000        1.70702555123717       -73793098663.7031     
  -114470.000000000        1.70655815117061       -73793098646.6328     
  -114460.000000000        1.70609087403864       -73793098629.5664     
  -114450.000000000        1.70562369562685       -73793098612.5098     
  -114440.000000000        1.70515675470233       -73793098595.4551     
  -114430.000000000        1.70468989014626       -73793098578.4062     
  -114420.000000000        1.70422319415957       -73793098561.3633     
  -114410.000000000        1.70375667233020       -73793098544.3242     
  -114400.000000000        1.70329024177045       -73793098527.2871     
  -114390.000000000        1.70282396674156       -73793098510.2578     
  -114380.000000000        1.70235784724355       -73793098493.2305     
  -114370.000000000        1.70189189258963       -73793098476.2109     
  -114360.000000000        1.70142604503781       -73793098459.1953     
  -114350.000000000        1.70096035208553       -73793098442.1797     
  -114340.000000000        1.70049474574625       -73793098425.1758     
  -114330.000000000        1.70002936664969       -73793098408.1719     
  -114320.000000000        1.69956410210580       -73793098391.1738     
  -114310.000000000        1.69909896235913       -73793098374.1797     
  -114300.000000000        1.69863398931921       -73793098357.1934     
  -114290.000000000        1.69816916435957       -73793098340.2070     
  -114280.000000000        1.69770446699113       -73793098323.2266     
  -114270.000000000        1.69723991397768       -73793098306.2539     
  -114260.000000000        1.69677544850856       -73793098289.2852     
  -114250.000000000        1.69631118141115       -73793098272.3164     
  -114240.000000000        1.69584707077593       -73793098255.3555     
  -114230.000000000        1.69538303371519       -73793098238.3984     
  -114220.000000000        1.69491917733103       -73793098221.4512     
  -114210.000000000        1.69445546902716       -73793098204.5000     
  -114200.000000000        1.69399186130613       -73793098187.5586     
  -114190.000000000        1.69352845475078       -73793098170.6230     
  -114180.000000000        1.69306509848684       -73793098153.6895     
  -114170.000000000        1.69260196853429       -73793098136.7617     
  -114160.000000000        1.69213893450797       -73793098119.8379     
  -114150.000000000        1.69167598150671       -73793098102.9219     
  -114140.000000000        1.69121330324560       -73793098086.0039     
  -114130.000000000        1.69075065851212       -73793098069.0938     
  -114120.000000000        1.69028815813363       -73793098052.1914     
  -114110.000000000        1.68982584495097       -73793098035.2871     
  -114100.000000000        1.68936361093074       -73793098018.3906     
  -114090.000000000        1.68890159018338       -73793098001.5000     
  -114080.000000000        1.68843963462859       -73793097984.6152     
  -114070.000000000        1.68797781132162       -73793097967.7344     
  -114060.000000000        1.68751620408148       -73793097950.8555     
  -114050.000000000        1.68705463968217       -73793097933.9824     
  -114040.000000000        1.68659324198961       -73793097917.1133     
  -114030.000000000        1.68613202963024       -73793097900.2500     
  -114020.000000000        1.68567089550197       -73793097883.3926     
  -114010.000000000        1.68520996533334       -73793097866.5352     
  -114000.000000000        1.68474907241762       -73793097849.6875     
  -113990.000000000        1.68428833503276       -73793097832.8438     
  -113980.000000000        1.68382778298110       -73793097816.0020     
  -113970.000000000        1.68336732778698       -73793097799.1641     
  -113960.000000000        1.68290701974183       -73793097782.3340     
  -113950.000000000        1.68244684766978       -73793097765.5078     
  -113940.000000000        1.68198680691421       -73793097748.6836     
  -113930.000000000        1.68152693752199       -73793097731.8672     
  -113920.000000000        1.68106713332236       -73793097715.0527     
  -113910.000000000        1.68060746695846       -73793097698.2461     
  -113900.000000000        1.68014799803495       -73793097681.4414     
  -113890.000000000        1.67968858033419       -73793097664.6426     
  -113880.000000000        1.67922933213413       -73793097647.8477     
  -113870.000000000        1.67877021618187       -73793097631.0586     
  -113860.000000000        1.67831123620272       -73793097614.2715     
  -113850.000000000        1.67785237077624       -73793097597.4922     
  -113840.000000000        1.67739366646856       -73793097580.7168     
  -113830.000000000        1.67693505994976       -73793097563.9414     
  -113820.000000000        1.67647660803050       -73793097547.1777     
  -113810.000000000        1.67601825948805       -73793097530.4141     
  -113800.000000000        1.67556006833911       -73793097513.6562     
  -113790.000000000        1.67510201595724       -73793097496.9023     
  -113780.000000000        1.67464407999068       -73793097480.1523     
  -113770.000000000        1.67418625485152       -73793097463.4102     
  -113760.000000000        1.67372860293835       -73793097446.6680     
  -113750.000000000        1.67327099665999       -73793097429.9355     
  -113740.000000000        1.67281360272318       -73793097413.2090     
  -113730.000000000        1.67235631961375       -73793097396.4805     
  -113720.000000000        1.67189914826304       -73793097379.7578     
  -113710.000000000        1.67144214268774       -73793097363.0410     
  -113700.000000000        1.67098518740386       -73793097346.3320     
  -113690.000000000        1.67052839603275       -73793097329.6211     
  -113680.000000000        1.67007177416235       -73793097312.9199     
  -113670.000000000        1.66961524356157       -73793097296.2188     
  -113660.000000000        1.66915883217007       -73793097279.5273     
  -113650.000000000        1.66870255954564       -73793097262.8379     
  -113640.000000000        1.66824642103165       -73793097246.1523     
  -113630.000000000        1.66779042128474       -73793097229.4727     
  -113620.000000000        1.66733448114246       -73793097212.7969     
  -113610.000000000        1.66687872447073       -73793097196.1289     
  -113600.000000000        1.66642307024449       -73793097179.4590     
  -113590.000000000        1.66596758458763       -73793097162.7988     
  -113580.000000000        1.66551215853542       -73793097146.1406     
  -113570.000000000        1.66505692154169       -73793097129.4883     
  -113560.000000000        1.66460176743567       -73793097112.8398     
  -113550.000000000        1.66414676047862       -73793097096.1953     
  -113540.000000000        1.66369191091508       -73793097079.5547     
  -113530.000000000        1.66323711629957       -73793097062.9219     
  -113520.000000000        1.66278246324509       -73793097046.2930     
  -113510.000000000        1.66232796665281       -73793097029.6680     
  -113500.000000000        1.66187353711575       -73793097013.0469     
  -113490.000000000        1.66141934040934       -73793096996.4277     
  -113480.000000000        1.66096516977996       -73793096979.8164     
  -113470.000000000        1.66051116399467       -73793096963.2090     
  -113460.000000000        1.66005720570683       -73793096946.6074     
  -113450.000000000        1.65960346907377       -73793096930.0059     
  -113440.000000000        1.65914980042726       -73793096913.4160     
  -113430.000000000        1.65869625657797       -73793096896.8262     
  -113420.000000000        1.65824287477881       -73793096880.2422     
  -113410.000000000        1.65778961591423       -73793096863.6602     
  -113400.000000000        1.65733642503619       -73793096847.0840     
  -113390.000000000        1.65688336081803       -73793096830.5117     
  -113380.000000000        1.65643047168851       -73793096813.9473     
  -113370.000000000        1.65597763564438       -73793096797.3848     
  -113360.000000000        1.65552496723831       -73793096780.8281     
  -113350.000000000        1.65507245995104       -73793096764.2734     
  -113340.000000000        1.65462000481784       -73793096747.7246     
  -113330.000000000        1.65416765958071       -73793096731.1836     
  -113320.000000000        1.65371548943222       -73793096714.6426     
  -113310.000000000        1.65326340682805       -73793096698.1055     
  -113300.000000000        1.65281143691391       -73793096681.5762     
  -113290.000000000        1.65235958900303       -73793096665.0527     
  -113280.000000000        1.65190791524947       -73793096648.5273     
  -113270.000000000        1.65145630948246       -73793096632.0137     
  -113260.000000000        1.65100483875722       -73793096615.5000     
  -113250.000000000        1.65055345930159       -73793096598.9922     
  -113240.000000000        1.65010222978890       -73793096582.4883     
  -113230.000000000        1.64965112227947       -73793096565.9922     
  -113220.000000000        1.64920016378164       -73793096549.4961     
  -113210.000000000        1.64874926302582       -73793096533.0078     
  -113200.000000000        1.64829847030342       -73793096516.5195     
  -113190.000000000        1.64784783497453       -73793096500.0410     
  -113180.000000000        1.64739733003080       -73793096483.5664     
  -113170.000000000        1.64694691076875       -73793096467.0938     
  -113160.000000000        1.64649658557028       -73793096450.6250     
  -113150.000000000        1.64604644384235       -73793096434.1641     
  -113140.000000000        1.64559641759843       -73793096417.7051     
  -113130.000000000        1.64514644816518       -73793096401.2500     
  -113120.000000000        1.64469666499645       -73793096384.8008     
  -113110.000000000        1.64424690231681       -73793096368.3594     
  -113100.000000000        1.64379734080285       -73793096351.9180     
  -113090.000000000        1.64334788545966       -73793096335.4824     
  -113080.000000000        1.64289849437773       -73793096319.0508     
  -113070.000000000        1.64244928024709       -73793096302.6250     
  -113060.000000000        1.64200013596565       -73793096286.2012     
  -113050.000000000        1.64155117049813       -73793096269.7832     
  -113040.000000000        1.64110226090997       -73793096253.3711     
  -113030.000000000        1.64065347239375       -73793096236.9629     
  -113020.000000000        1.64020482730120       -73793096220.5547     
  -113010.000000000        1.63975634146482       -73793096204.1582     
  -113000.000000000        1.63930790312588       -73793096187.7617     
  -112990.000000000        1.63885956257582       -73793096171.3711     
  -112980.000000000        1.63841135799885       -73793096154.9844     
  -112970.000000000        1.63796328939497       -73793096138.6035     
  -112960.000000000        1.63751534838229       -73793096122.2227     
  -112950.000000000        1.63706749118865       -73793096105.8535     
  -112940.000000000        1.63661976531148       -73793096089.4844     
  -112930.000000000        1.63617214467376       -73793096073.1191     
  -112920.000000000        1.63572463672608       -73793096056.7617     
  -112910.000000000        1.63527726382017       -73793096040.4062     
  -112900.000000000        1.63482999987900       -73793096024.0547     
  -112890.000000000        1.63438278902322       -73793096007.7070     
  -112880.000000000        1.63393575511873       -73793095991.3672     
  -112870.000000000        1.63348885159940       -73793095975.0293     
  -112860.000000000        1.63304200582206       -73793095958.6973     
  -112850.000000000        1.63259534258395       -73793095942.3691     
  -112840.000000000        1.63214872125536       -73793095926.0469     
  -112830.000000000        1.63170228153467       -73793095909.7246     
  -112820.000000000        1.63125589303672       -73793095893.4121     
  -112810.000000000        1.63080965634435       -73793095877.0996     
  -112800.000000000        1.63036348577589       -73793095860.7969     
  -112790.000000000        1.62991750612855       -73793095844.4941     
  -112780.000000000        1.62947157304734       -73793095828.1973     
  -112770.000000000        1.62902572844177       -73793095811.9043     
  -112760.000000000        1.62858007010072       -73793095795.6152     
  -112750.000000000        1.62813448999077       -73793095779.3320     
  -112740.000000000        1.62768905796111       -73793095763.0547     
  -112730.000000000        1.62724366225302       -73793095746.7812     
  -112720.000000000        1.62679846119136       -73793095730.5078     
  -112710.000000000        1.62635336071253       -73793095714.2441     
  -112700.000000000        1.62590834498405       -73793095697.9805     
