  -114200.000000000        1.69399186130613       -73793098187.5586     
  -114190.000000000        1.69352845475078       -73793098170.6230     
  -114180.000000000        1.69306509848684       -73793098153.6895     
  -114170.000000000        1.69260196853429       -73793098136.7617     
  -114160.000000000        1.69213893450797       -73793098119.8379     
  -114150.000000000        1.69167598150671       -73793098102.9219     
  -114140.000000000        1.69121330324560       -73793098086.0039     
  -114130.000000000        1.69075065851212       -73793098069.0938     
  -114120.000000000        1.69028815813363       -73793098052.1914     
  -114110.000000000        1.68982584495097       -73793098035.2871     
  -114100.000000000        1.68936361093074       -73793098018.3906     
  -114090.000000000        1.68890159018338       -73793098001.5000     
  -114080.000000000        1.68843963462859       -73793097984.6152     
  -114070.000000000        1.68797781132162       -73793097967.7344     
  -114060.000000000        1.68751620408148       -73793097950.8555     
  -114050.000000000        1.68705463968217       -73793097933.9824     
  -114040.000000000        1.68659324198961       -73793097917.1133     
  -114030.000000000        1.68613202963024       -73793097900.2500     
  -114020.000000000        1.68567089550197       -73793097883.3926     
  -114010.000000000        1.68520996533334       -73793097866.5352     
  -114000.000000000        1.68474907241762       -73793097849.6875     
  -113990.000000000        1.68428833503276       -73793097832.8438     
  -113980.000000000        1.68382778298110       -73793097816.0020     
  -113970.000000000        1.68336732778698       -73793097799.1641     
  -113960.000000000        1.68290701974183       -73793097782.3340     
  -113950.000000000        1.68244684766978       -73793097765.5078     
  -113940.000000000        1.68198680691421       -73793097748.6836     
  -113930.000000000        1.68152693752199       -73793097731.8672     
  -113920.000000000        1.68106713332236       -73793097715.0527     
  -113910.000000000        1.68060746695846       -73793097698.2461     
  -113900.000000000        1.68014799803495       -73793097681.4414     
  -113890.000000000        1.67968858033419       -73793097664.6426     
  -113880.000000000        1.67922933213413       -73793097647.8477     
  -113870.000000000        1.67877021618187       -73793097631.0586     
  -113860.000000000        1.67831123620272       -73793097614.2715     
  -113850.000000000        1.67785237077624       -73793097597.4922     
  -113840.000000000        1.67739366646856       -73793097580.7168     
  -113830.000000000        1.67693505994976       -73793097563.9414     
  -113820.000000000        1.67647660803050       -73793097547.1777     
  -113810.000000000        1.67601825948805       -73793097530.4141     
  -113800.000000000        1.67556006833911       -73793097513.6562     
  -113790.000000000        1.67510201595724       -73793097496.9023     
  -113780.000000000        1.67464407999068       -73793097480.1523     
  -113770.000000000        1.67418625485152       -73793097463.4102     
  -113760.000000000        1.67372860293835       -73793097446.6680     
  -113750.000000000        1.67327099665999       -73793097429.9355     
  -113740.000000000        1.67281360272318       -73793097413.2090     
  -113730.000000000        1.67235631961375       -73793097396.4805     
  -113720.000000000        1.67189914826304       -73793097379.7578     
  -113710.000000000        1.67144214268774       -73793097363.0410     
  -113700.000000000        1.67098518740386       -73793097346.3320     
  -113690.000000000        1.67052839603275       -73793097329.6211     
  -113680.000000000        1.67007177416235       -73793097312.9199     
  -113670.000000000        1.66961524356157       -73793097296.2188     
  -113660.000000000        1.66915883217007       -73793097279.5273     
  -113650.000000000        1.66870255954564       -73793097262.8379     
  -113640.000000000        1.66824642103165       -73793097246.1523     
  -113630.000000000        1.66779042128474       -73793097229.4727     
  -113620.000000000        1.66733448114246       -73793097212.7969     
  -113610.000000000        1.66687872447073       -73793097196.1289     
  -113600.000000000        1.66642307024449       -73793097179.4590     
  -113590.000000000        1.66596758458763       -73793097162.7988     
  -113580.000000000        1.66551215853542       -73793097146.1406     
  -113570.000000000        1.66505692154169       -73793097129.4883     
  -113560.000000000        1.66460176743567       -73793097112.8398     
  -113550.000000000        1.66414676047862       -73793097096.1953     
  -113540.000000000        1.66369191091508       -73793097079.5547     
  -113530.000000000        1.66323711629957       -73793097062.9219     
  -113520.000000000        1.66278246324509       -73793097046.2930     
  -113510.000000000        1.66232796665281       -73793097029.6680     
  -113500.000000000        1.66187353711575       -73793097013.0469     
  -113490.000000000        1.66141934040934       -73793096996.4277     
  -113480.000000000        1.66096516977996       -73793096979.8164     
  -113470.000000000        1.66051116399467       -73793096963.2090     
  -113460.000000000        1.66005720570683       -73793096946.6074     
  -113450.000000000        1.65960346907377       -73793096930.0059     
  -113440.000000000        1.65914980042726       -73793096913.4160     
  -113430.000000000        1.65869625657797       -73793096896.8262     
  -113420.000000000        1.65824287477881       -73793096880.2422     
  -113410.000000000        1.65778961591423       -73793096863.6602     
  -113400.000000000        1.65733642503619       -73793096847.0840     
  -113390.000000000        1.65688336081803       -73793096830.5117     
  -113380.000000000        1.65643047168851       -73793096813.9473     
  -113370.000000000        1.65597763564438       -73793096797.3848     
  -113360.000000000        1.65552496723831       -73793096780.8281     
  -113350.000000000        1.65507245995104       -73793096764.2734     
  -113340.000000000        1.65462000481784       -73793096747.7246     
  -113330.000000000        1.65416765958071       -73793096731.1836     
  -113320.000000000        1.65371548943222       -73793096714.6426     
  -113310.000000000        1.65326340682805       -73793096698.1055     
  -113300.000000000        1.65281143691391       -73793096681.5762     
  -113290.000000000        1.65235958900303       -73793096665.0527     
  -113280.000000000        1.65190791524947       -73793096648.5273     
  -113270.000000000        1.65145630948246       -73793096632.0137     
  -113260.000000000        1.65100483875722       -73793096615.5000     
  -113250.000000000        1.65055345930159       -73793096598.9922     
  -113240.000000000        1.65010222978890       -73793096582.4883     
  -113230.000000000        1.64965112227947       -73793096565.9922     
  -113220.000000000        1.64920016378164       -73793096549.4961     
  -113210.000000000        1.64874926302582       -73793096533.0078     
  -113200.000000000        1.64829847030342       -73793096516.5195     
  -113190.000000000        1.64784783497453       -73793096500.0410     
  -113180.000000000        1.64739733003080       -73793096483.5664     
  -113170.000000000        1.64694691076875       -73793096467.0938     
  -113160.000000000        1.64649658557028       -73793096450.6250     
  -113150.000000000        1.64604644384235       -73793096434.1641     
  -113140.000000000        1.64559641759843       -73793096417.7051     
  -113130.000000000        1.64514644816518       -73793096401.2500     
  -113120.000000000        1.64469666499645       -73793096384.8008     
  -113110.000000000        1.64424690231681       -73793096368.3594     
  -113100.000000000        1.64379734080285       -73793096351.9180     
  -113090.000000000        1.64334788545966       -73793096335.4824     
  -113080.000000000        1.64289849437773       -73793096319.0508     
  -113070.000000000        1.64244928024709       -73793096302.6250     
  -113060.000000000        1.64200013596565       -73793096286.2012     
  -113050.000000000        1.64155117049813       -73793096269.7832     
  -113040.000000000        1.64110226090997       -73793096253.3711     
  -113030.000000000        1.64065347239375       -73793096236.9629     
  -113020.000000000        1.64020482730120       -73793096220.5547     
  -113010.000000000        1.63975634146482       -73793096204.1582     
  -113000.000000000        1.63930790312588       -73793096187.7617     
  -112990.000000000        1.63885956257582       -73793096171.3711     
  -112980.000000000        1.63841135799885       -73793096154.9844     
  -112970.000000000        1.63796328939497       -73793096138.6035     
  -112960.000000000        1.63751534838229       -73793096122.2227     
  -112950.000000000        1.63706749118865       -73793096105.8535     
  -112940.000000000        1.63661976531148       -73793096089.4844     
  -112930.000000000        1.63617214467376       -73793096073.1191     
  -112920.000000000        1.63572463672608       -73793096056.7617     
  -112910.000000000        1.63527726382017       -73793096040.4062     
  -112900.000000000        1.63482999987900       -73793096024.0547     
  -112890.000000000        1.63438278902322       -73793096007.7070     
  -112880.000000000        1.63393575511873       -73793095991.3672     
  -112870.000000000        1.63348885159940       -73793095975.0293     
  -112860.000000000        1.63304200582206       -73793095958.6973     
  -112850.000000000        1.63259534258395       -73793095942.3691     
  -112840.000000000        1.63214872125536       -73793095926.0469     
  -112830.000000000        1.63170228153467       -73793095909.7246     
  -112820.000000000        1.63125589303672       -73793095893.4121     
  -112810.000000000        1.63080965634435       -73793095877.0996     
  -112800.000000000        1.63036348577589       -73793095860.7969     
  -112790.000000000        1.62991750612855       -73793095844.4941     
  -112780.000000000        1.62947157304734       -73793095828.1973     
  -112770.000000000        1.62902572844177       -73793095811.9043     
  -112760.000000000        1.62858007010072       -73793095795.6152     
  -112750.000000000        1.62813448999077       -73793095779.3320     
  -112740.000000000        1.62768905796111       -73793095763.0547     
  -112730.000000000        1.62724366225302       -73793095746.7812     
  -112720.000000000        1.62679846119136       -73793095730.5078     
  -112710.000000000        1.62635336071253       -73793095714.2441     
  -112700.000000000        1.62590834498405       -73793095697.9805     
  -112690.000000000        1.62546344473958       -73793095681.7227     
  -112680.000000000        1.62501866742969       -73793095665.4746     
  -112670.000000000        1.62457400932908       -73793095649.2246     
  -112660.000000000        1.62412943877280       -73793095632.9785     
  -112650.000000000        1.62368496693671       -73793095616.7441     
  -112640.000000000        1.62324063014239       -73793095600.5078     
  -112630.000000000        1.62279639579356       -73793095584.2773     
  -112620.000000000        1.62235229462385       -73793095568.0508     
  -112610.000000000        1.62190827820450       -73793095551.8281     
  -112600.000000000        1.62146439403296       -73793095535.6133     
  -112590.000000000        1.62102059647441       -73793095519.4004     
  -112580.000000000        1.62057697772980       -73793095503.1934     
  -112570.000000000        1.62013342045248       -73793095486.9883     
  -112560.000000000        1.61968994885683       -73793095470.7930     
  -112550.000000000        1.61924658436328       -73793095454.5957     
  -112540.000000000        1.61880340706557       -73793095438.4043     
  -112530.000000000        1.61836028005928       -73793095422.2188     
  -112520.000000000        1.61791730299592       -73793095406.0371     
  -112510.000000000        1.61747437249869       -73793095389.8594     
  -112500.000000000        1.61703161150217       -73793095373.6855     
  -112490.000000000        1.61658893432468       -73793095357.5195     
  -112480.000000000        1.61614638008177       -73793095341.3555     
  -112470.000000000        1.61570393946022       -73793095325.1992     
  -112460.000000000        1.61526158638299       -73793095309.0430     
  -112450.000000000        1.61481939256191       -73793095292.8926     
  -112440.000000000        1.61437724344432       -73793095276.7461     
  -112430.000000000        1.61393527593464       -73793095260.6074     
  -112420.000000000        1.61349335126579       -73793095244.4688     
  -112410.000000000        1.61305160634220       -73793095228.3340     
  -112400.000000000        1.61260992567986       -73793095212.2070     
  -112390.000000000        1.61216835957021       -73793095196.0840     
  -112380.000000000        1.61172688566148       -73793095179.9648     
  -112370.000000000        1.61128557659686       -73793095163.8496     
  -112360.000000000        1.61084433272481       -73793095147.7383     
  -112350.000000000        1.61040323041379       -73793095131.6309     
  -112340.000000000        1.60996217560023       -73793095115.5293     
  -112330.000000000        1.60952128656209       -73793095099.4316     
  -112320.000000000        1.60908052977175       -73793095083.3379     
  -112310.000000000        1.60863984189928       -73793095067.2520     
  -112300.000000000        1.60819926857948       -73793095051.1680     
  -112290.000000000        1.60775879304856       -73793095035.0879     
  -112280.000000000        1.60731844045222       -73793095019.0098     
  -112270.000000000        1.60687824059278       -73793095002.9395     
  -112260.000000000        1.60643810033798       -73793094986.8750     
  -112250.000000000        1.60599810536951       -73793094970.8125     
  -112240.000000000        1.60555816907436       -73793094954.7539     
  -112230.000000000        1.60511836316437       -73793094938.6992     
  -112220.000000000        1.60467868484557       -73793094922.6523     
  -112210.000000000        1.60423912107944       -73793094906.6055     
  -112200.000000000        1.60379967000335       -73793094890.5664     
  -112190.000000000        1.60336025245488       -73793094874.5332     
  -112180.000000000        1.60292104352266       -73793094858.5000     
  -112170.000000000        1.60248187836260       -73793094842.4727     
  -112160.000000000        1.60204287990928       -73793094826.4492     
  -112150.000000000        1.60160398855805       -73793094810.4316     
  -112140.000000000        1.60116518475115       -73793094794.4160     
  -112130.000000000        1.60072646383196       -73793094778.4062     
  -112120.000000000        1.60028789844364       -73793094762.4023     
  -112110.000000000        1.59984940197319       -73793094746.4023     
  -112100.000000000        1.59941101167351       -73793094730.4062     
  -112090.000000000        1.59897279739380       -73793094714.4141     
  -112080.000000000        1.59853460919112       -73793094698.4277     
  -112070.000000000        1.59809658396989       -73793094682.4434     
  -112060.000000000        1.59765869192779       -73793094666.4648     
  -112050.000000000        1.59722084365785       -73793094650.4902     
  -112040.000000000        1.59678312204778       -73793094634.5195     
  -112030.000000000        1.59634552337229       -73793094618.5547     
  -112020.000000000        1.59590804390609       -73793094602.5918     
  -112010.000000000        1.59547065477818       -73793094586.6367     
  -112000.000000000        1.59503339137882       -73793094570.6836     
  -111990.000000000        1.59459619782865       -73793094554.7363     
  -111980.000000000        1.59415918868035       -73793094538.7910     
  -111970.000000000        1.59372223820537       -73793094522.8535     
  -111960.000000000        1.59328543394804       -73793094506.9180     
  -111950.000000000        1.59284868370742       -73793094490.9883     
  -111940.000000000        1.59241211041808       -73793094475.0605     
  -111930.000000000        1.59197562560439       -73793094459.1387     
  -111920.000000000        1.59153920691460       -73793094443.2227     
  -111910.000000000        1.59110291302204       -73793094427.3086     
  -111900.000000000        1.59066680260003       -73793094411.3984     
  -111890.000000000        1.59023068379611       -73793094395.4961     
  -111880.000000000        1.58979478478432       -73793094379.5938     
  -111870.000000000        1.58935895003378       -73793094363.6992     
  -111860.000000000        1.58892324101180       -73793094347.8066     
  -111850.000000000        1.58848756086081       -73793094331.9199     
  -111840.000000000        1.58805208001286       -73793094316.0371     
  -111830.000000000        1.58761667646468       -73793094300.1602     
  -111820.000000000        1.58718138188124       -73793094284.2852     
  -111810.000000000        1.58674621302634       -73793094268.4180     
  -111800.000000000        1.58631119225174       -73793094252.5527     
  -111790.000000000        1.58587621618062       -73793094236.6875     
  -111780.000000000        1.58544135186821       -73793094220.8340     
  -111770.000000000        1.58500667568296       -73793094204.9824     
  -111760.000000000        1.58457199018449       -73793094189.1289     
  -111750.000000000        1.58413751609623       -73793094173.2891     
  -111740.000000000        1.58370310813189       -73793094157.4492     
  -111730.000000000        1.58326879050583       -73793094141.6152     
  -111720.000000000        1.58283459953964       -73793094125.7852     
  -111710.000000000        1.58240056782961       -73793094109.9570     
  -111700.000000000        1.58196659013629       -73793094094.1367     
  -111690.000000000        1.58153277356178       -73793094078.3184     
  -111680.000000000        1.58109903614968       -73793094062.5059     
  -111670.000000000        1.58066534530371       -73793094046.6953     
  -111660.000000000        1.58023185096681       -73793094030.8945     
  -111650.000000000        1.57979848515242       -73793094015.0938     
  -111640.000000000        1.57936520501971       -73793093999.2969     
  -111630.000000000        1.57893202640116       -73793093983.5059     
  -111620.000000000        1.57849890831858       -73793093967.7168     
  -111610.000000000        1.57806594297290       -73793093951.9355     
  -111600.000000000        1.57763312291354       -73793093936.1562     
  -111590.000000000        1.57720037735999       -73793093920.3828     
  -111580.000000000        1.57676774542779       -73793093904.6133     
  -111570.000000000        1.57633527182043       -73793093888.8477     
  -111560.000000000        1.57590282056481       -73793093873.0859     
  -111550.000000000        1.57547052018344       -73793093857.3301     
  -111540.000000000        1.57503836415708       -73793093841.5762     
  -111530.000000000        1.57460630591959       -73793093825.8301     
  -111520.000000000        1.57417432777584       -73793093810.0820     
  -111510.000000000        1.57374253496528       -73793093794.3457     
  -111500.000000000        1.57331081107259       -73793093778.6094     
  -111490.000000000        1.57287917472422       -73793093762.8770     
  -111480.000000000        1.57244763895869       -73793093747.1523     
  -111470.000000000        1.57201623544097       -73793093731.4297     
  -111460.000000000        1.57158493064344       -73793093715.7129     
  -111450.000000000        1.57115375995636       -73793093699.9961     
  -111440.000000000        1.57072269171476       -73793093684.2871     
  -111430.000000000        1.57029174827039       -73793093668.5820     
  -111420.000000000        1.56986096128821       -73793093652.8828     
  -111410.000000000        1.56943019200116       -73793093637.1875     
  -111400.000000000        1.56899956986308       -73793093621.4922     
  -111390.000000000        1.56856909301132       -73793093605.8066     
  -111380.000000000        1.56813869718462       -73793093590.1230     
  -111370.000000000        1.56770840194076       -73793093574.4434     
  -111360.000000000        1.56727823708206       -73793093558.7695     
  -111350.000000000        1.56684821378440       -73793093543.0977     
  -111340.000000000        1.56641826312989       -73793093527.4297     
  -111330.000000000        1.56598841864616       -73793093511.7695     
  -111320.000000000        1.56555873062462       -73793093496.1133     
  -111310.000000000        1.56512912455946       -73793093480.4570     
  -111300.000000000        1.56469963677227       -73793093464.8086     
  -111290.000000000        1.56427021604031       -73793093449.1621     
  -111280.000000000        1.56384100951254       -73793093433.5215     
  -111270.000000000        1.56341185420752       -73793093417.8887     
  -111260.000000000        1.56298280693591       -73793093402.2539     
  -111250.000000000        1.56255388539284       -73793093386.6270     
  -111240.000000000        1.56212504860014       -73793093371.0059     
  -111230.000000000        1.56169633008540       -73793093355.3867     
  -111220.000000000        1.56126777175814       -73793093339.7715     
  -111210.000000000        1.56083927396685       -73793093324.1602     
  -111200.000000000        1.56041093822569       -73793093308.5547     
  -111190.000000000        1.55998268257827       -73793093292.9531     
  -111180.000000000        1.55955452844501       -73793093277.3555     
  -111170.000000000        1.55912654846907       -73793093261.7598     
  -111160.000000000        1.55869861971587       -73793093246.1738     
  -111150.000000000        1.55827081762254       -73793093230.5879     
  -111140.000000000        1.55784314405173       -73793093215.0078     
  -111130.000000000        1.55741555150598       -73793093199.4316     
  -111120.000000000        1.55698814336210       -73793093183.8594     
  -111110.000000000        1.55656081996858       -73793093168.2910     
  -111100.000000000        1.55613354500383       -73793093152.7246     
  -111090.000000000        1.55570646189153       -73793093137.1641     
  -111080.000000000        1.55527943279594       -73793093121.6152     
  -111070.000000000        1.55485255829990       -73793093106.0625     
  -111060.000000000        1.55442579463124       -73793093090.5176     
  -111050.000000000        1.55399914737791       -73793093074.9727     
  -111040.000000000        1.55357260722667       -73793093059.4355     
  -111030.000000000        1.55314620584249       -73793093043.9023     
  -111020.000000000        1.55271985474974       -73793093028.3730     
  -111010.000000000        1.55229368060827       -73793093012.8477     
  -111000.000000000        1.55186760518700       -73793092997.3281     
  -110990.000000000        1.55144163314253       -73793092981.8105     
  -110980.000000000        1.55101576540619       -73793092966.2969     
  -110970.000000000        1.55059001967311       -73793092950.7891     
  -110960.000000000        1.55016439221799       -73793092935.2852     
  -110950.000000000        1.54973888304085       -73793092919.7871     
  -110940.000000000        1.54931349586695       -73793092904.2930     
  -110930.000000000        1.54888820648193       -73793092888.8027     
  -110920.000000000        1.54846303630620       -73793092873.3125     
  -110910.000000000        1.54803798999637       -73793092857.8301     
  -110900.000000000        1.54761308804154       -73793092842.3516     
  -110890.000000000        1.54718819819391       -73793092826.8789     
  -110880.000000000        1.54676351975650       -73793092811.4082     
  -110870.000000000        1.54633896239102       -73793092795.9453     
  -110860.000000000        1.54591446463019       -73793092780.4805     
  -110850.000000000        1.54549009166658       -73793092765.0273     
  -110840.000000000        1.54506586212665       -73793092749.5742     
  -110830.000000000        1.54464170802385       -73793092734.1250     
  -110820.000000000        1.54421772807837       -73793092718.6797     
  -110810.000000000        1.54379383847117       -73793092703.2402     
  -110800.000000000        1.54337000567466       -73793092687.8027     
  -110790.000000000        1.54294634796679       -73793092672.3711     
  -110780.000000000        1.54252282157540       -73793092656.9453     
  -110770.000000000        1.54209936503321       -73793092641.5215     
  -110760.000000000        1.54167602024972       -73793092626.1035     
  -110750.000000000        1.54125286079943       -73793092610.6895     
  -110740.000000000        1.54082974884659       -73793092595.2773     
  -110730.000000000        1.54040673654526       -73793092579.8711     
  -110720.000000000        1.53998390305787       -73793092564.4688     
  -110710.000000000        1.53956116177142       -73793092549.0723     
  -110700.000000000        1.53913855366409       -73793092533.6797     
  -110690.000000000        1.53871602471918       -73793092518.2891     
  -110680.000000000        1.53829362522811       -73793092502.9043     
  -110670.000000000        1.53787135425955       -73793092487.5215     
  -110660.000000000        1.53744920715690       -73793092472.1484     
  -110650.000000000        1.53702710010111       -73793092456.7734     
  -110640.000000000        1.53660518117249       -73793092441.4062     
  -110630.000000000        1.53618338983506       -73793092426.0410     
  -110620.000000000        1.53576170653105       -73793092410.6816     
  -110610.000000000        1.53534009028226       -73793092395.3262     
  -110600.000000000        1.53491861093789       -73793092379.9766     
  -110590.000000000        1.53449727594852       -73793092364.6289     
  -110580.000000000        1.53407609183341       -73793092349.2852     
  -110570.000000000        1.53365492913872       -73793092333.9492     
  -110560.000000000        1.53323392290622       -73793092318.6133     
  -110550.000000000        1.53281301353127       -73793092303.2812     
  -110540.000000000        1.53239224571735       -73793092287.9570     
  -110530.000000000        1.53197161573917       -73793092272.6348     
  -110520.000000000        1.53155105654150       -73793092257.3164     
  -110510.000000000        1.53113063331693       -73793092242.0039     
  -110500.000000000        1.53071035631001       -73793092226.6934     
  -110490.000000000        1.53029015194625       -73793092211.3906     
  -110480.000000000        1.52987008355558       -73793092196.0859     
  -110470.000000000        1.52945015300065       -73793092180.7930     
  -110460.000000000        1.52903028298169       -73793092165.5000     
  -110450.000000000        1.52861056197435       -73793092150.2129     
  -110440.000000000        1.52819098904729       -73793092134.9277     
  -110430.000000000        1.52777147758752       -73793092119.6484     
  -110420.000000000        1.52735208906233       -73793092104.3711     
  -110410.000000000        1.52693285234272       -73793092089.1016     
  -110400.000000000        1.52651374321431       -73793092073.8340     
  -110390.000000000        1.52609469462186       -73793092058.5703     
  -110380.000000000        1.52567577362061       -73793092043.3105     
  -110370.000000000        1.52525701653212       -73793092028.0547     
  -110360.000000000        1.52483830880374       -73793092012.8066     
  -110350.000000000        1.52441977709532       -73793091997.5605     
  -110340.000000000        1.52400132920593       -73793091982.3164     
  -110330.000000000        1.52358304616064       -73793091967.0781     
  -110320.000000000        1.52316479012370       -73793091951.8457     
  -110310.000000000        1.52274673897773       -73793091936.6172     
  -110300.000000000        1.52232874743640       -73793091921.3906     
  -110290.000000000        1.52191087696701       -73793091906.1680     
  -110280.000000000        1.52149316482246       -73793091890.9551     
  -110270.000000000        1.52107554953545       -73793091875.7402     
  -110260.000000000        1.52065801527351       -73793091860.5312     
  -110250.000000000        1.52024066541344       -73793091845.3281     
  -110240.000000000        1.51982336863875       -73793091830.1270     
  -110230.000000000        1.51940624881536       -73793091814.9297     
  -110220.000000000        1.51898924540728       -73793091799.7363     
  -110210.000000000        1.51857228577137       -73793091784.5508     
  -110200.000000000        1.51815550029278       -73793091769.3672     
  -110190.000000000        1.51773879770190       -73793091754.1875     
  -110180.000000000        1.51732224691659       -73793091739.0117     
  -110170.000000000        1.51690579019487       -73793091723.8398     
  -110160.000000000        1.51648943312466       -73793091708.6758     
  -110150.000000000        1.51607322227210       -73793091693.5117     
  -110140.000000000        1.51565715204924       -73793091678.3516     
  -110130.000000000        1.51524117588997       -73793091663.1992     
  -110120.000000000        1.51482528727502       -73793091648.0488     
  -110110.000000000        1.51440954394639       -73793091632.9023     
  -110100.000000000        1.51399392634630       -73793091617.7598     
  -110090.000000000        1.51357842702419       -73793091602.6230     
  -110080.000000000        1.51316299382597       -73793091587.4863     
  -110070.000000000        1.51274774875492       -73793091572.3574     
  -110060.000000000        1.51233258657157       -73793091557.2344     
  -110050.000000000        1.51191750355065       -73793091542.1133     
  -110040.000000000        1.51150256954134       -73793091526.9941     
  -110030.000000000        1.51108773518354       -73793091511.8828     
  -110020.000000000        1.51067308988422       -73793091496.7734     
  -110010.000000000        1.51025846786797       -73793091481.6680     
  -110000.000000000        1.50984403677285       -73793091466.5684     
  -109990.000000000        1.50942967552692       -73793091451.4727     
  -109980.000000000        1.50901545211673       -73793091436.3789     
  -109970.000000000        1.50860130880028       -73793091421.2910     
  -109960.000000000        1.50818735733628       -73793091406.2090     
  -109950.000000000        1.50777344126254       -73793091391.1250     
  -109940.000000000        1.50735967513174       -73793091376.0508     
  -109930.000000000        1.50694607757032       -73793091360.9805     
  -109920.000000000        1.50653251167387       -73793091345.9141     
  -109910.000000000        1.50611908268183       -73793091330.8496     
  -109900.000000000        1.50570581480861       -73793091315.7891     
  -109890.000000000        1.50529262889177       -73793091300.7344     
  -109880.000000000        1.50487956311554       -73793091285.6836     
  -109870.000000000        1.50446660723537       -73793091270.6387     
  -109860.000000000        1.50405377428979       -73793091255.5938     
  -109850.000000000        1.50364105403423       -73793091240.5586     
  -109840.000000000        1.50322845950723       -73793091225.5215     
  -109830.000000000        1.50281599536538       -73793091210.4902     
  -109820.000000000        1.50240360107273       -73793091195.4668     
  -109810.000000000        1.50199134554714       -73793091180.4434     
  -109800.000000000        1.50157921575010       -73793091165.4258     
