  -109800.000000000        1.50158448750153        17136885485.2982     
  -109790.000000000        1.50117244152352        17136885500.3132     
  -109780.000000000        1.50076046353206        17136885515.3216     
  -109770.000000000        1.50034862826578        17136885530.3276     
  -109760.000000000        1.49993691127747        17136885545.3282     
  -109750.000000000        1.49952529836446        17136885560.3254     
  -109740.000000000        1.49911377509125        17136885575.3188     
  -109730.000000000        1.49870238848962        17136885590.3075     
  -109720.000000000        1.49829114601016        17136885605.2936     
  -109710.000000000        1.49787996523082        17136885620.2741     
  -109700.000000000        1.49746892740950        17136885635.2519     
  -109690.000000000        1.49705797573552        17136885650.2238     
  -109680.000000000        1.49664715770632        17136885665.1934     
  -109670.000000000        1.49623643676750        17136885680.1571     
  -109660.000000000        1.49582583550364        17136885695.1175     
  -109650.000000000        1.49541538185440        17136885710.0728     
  -109640.000000000        1.49500500014983        17136885725.0241     
  -109630.000000000        1.49459472554736        17136885739.9733     
  -109620.000000000        1.49418458016589        17136885754.9184     
  -109610.000000000        1.49377454980277        17136885769.8572     
  -109600.000000000        1.49336463911459        17136885784.7922     
  -109590.000000000        1.49295481084846        17136885799.7247     
  -109580.000000000        1.49254511739127        17136885814.6523     
  -109570.000000000        1.49213554244488        17136885829.5760     
  -109560.000000000        1.49172607809305        17136885844.4949     
  -109550.000000000        1.49131670407951        17136885859.4096     
  -109540.000000000        1.49090746720321        17136885874.3202     
  -109530.000000000        1.49049831787124        17136885889.2279     
  -109520.000000000        1.49008928099647        17136885904.1314     
  -109510.000000000        1.48968038614839        17136885919.0286     
  -109500.000000000        1.48927158582956        17136885933.9249     
  -109490.000000000        1.48886290402152        17136885948.8149     
  -109480.000000000        1.48845433909446        17136885963.7025     
  -109470.000000000        1.48804585658945        17136885978.5832     
  -109460.000000000        1.48763750749640        17136885993.4634     
  -109450.000000000        1.48722929507494        17136886008.3373     
  -109440.000000000        1.48682112991810        17136886023.2071     
  -109430.000000000        1.48641312005930        17136886038.0743     
  -109420.000000000        1.48600519611500        17136886052.9359     
  -109410.000000000        1.48559743002988        17136886067.7941     
  -109400.000000000        1.48518975172192        17136886082.6485     
  -109390.000000000        1.48478218331002        17136886097.4960     
  -109380.000000000        1.48437472106889        17136886112.3425     
  -109370.000000000        1.48396738106385        17136886127.1857     
  -109360.000000000        1.48356016306207        17136886142.0233     
  -109350.000000000        1.48315301770344        17136886156.8564     
  -109340.000000000        1.48274600598961        17136886171.6864     
  -109330.000000000        1.48233910161071        17136886186.5118     
  -109320.000000000        1.48193231131881        17136886201.3327     
  -109310.000000000        1.48152564116754        17136886216.1493     
  -109300.000000000        1.48111907253042        17136886230.9630     
  -109290.000000000        1.48071260098368        17136886245.7728     
  -109280.000000000        1.48030626121908        17136886260.5768     
  -109270.000000000        1.47990004648454        17136886275.3792     
  -109260.000000000        1.47949393489398        17136886290.1758     
  -109250.000000000        1.47908789105713        17136886304.9675     
  -109240.000000000        1.47868200903758        17136886319.7564     
  -109230.000000000        1.47827621595934        17136886334.5412     
  -109220.000000000        1.47787052788772        17136886349.3224     
  -109210.000000000        1.47746496368200        17136886364.0992     
  -109200.000000000        1.47705949307419        17136886378.8717     
  -109190.000000000        1.47665417264216        17136886393.6406     
  -109180.000000000        1.47624891437590        17136886408.4047     
  -109170.000000000        1.47584377718158        17136886423.1648     
  -109160.000000000        1.47543877852149        17136886437.9215     
  -109150.000000000        1.47503387089819        17136886452.6732     
  -109140.000000000        1.47462908574380        17136886467.4226     
  -109130.000000000        1.47422440582886        17136886482.1660     
  -109120.000000000        1.47381983511150        17136886496.9075     
  -109110.000000000        1.47341538197361        17136886511.6428     
  -109100.000000000        1.47301100799814        17136886526.3745     
  -109090.000000000        1.47260678955354        17136886541.1037     
  -109080.000000000        1.47220264188945        17136886555.8267     
  -109070.000000000        1.47179863532074        17136886570.5479     
  -109060.000000000        1.47139472141862        17136886585.2650     
  -109050.000000000        1.47099091741256        17136886599.9750     
  -109040.000000000        1.47058724728413        17136886614.6830     
  -109030.000000000        1.47018364071846        17136886629.3855     
  -109020.000000000        1.46978015336208        17136886644.0859     
  -109010.000000000        1.46937680779956        17136886658.7831     
  -109000.000000000        1.46897356817499        17136886673.4743     
  -108990.000000000        1.46857042866759        17136886688.1626     
  -108980.000000000        1.46816739253700        17136886702.8464     
  -108970.000000000        1.46776445629075        17136886717.5246     
  -108960.000000000        1.46736165857874        17136886732.2009     
  -108950.000000000        1.46695896890014        17136886746.8724     
  -108940.000000000        1.46655637794174        17136886761.5403     
  -108930.000000000        1.46615389268845        17136886776.2053     
  -108920.000000000        1.46575151290745        17136886790.8639     
  -108910.000000000        1.46534927282482        17136886805.5191     
  -108900.000000000        1.46494709490798        17136886820.1708     
  -108890.000000000        1.46454506553710        17136886834.8174     
  -108880.000000000        1.46414314117283        17136886849.4612     
  -108870.000000000        1.46374130225740        17136886864.1000     
  -108860.000000000        1.46333958976902        17136886878.7364     
  -108850.000000000        1.46293797669932        17136886893.3676     
  -108840.000000000        1.46253650868312        17136886907.9965     
  -108830.000000000        1.46213507908396        17136886922.6177     
  -108820.000000000        1.46173382480629        17136886937.2376     
  -108810.000000000        1.46133265970275        17136886951.8528     
  -108800.000000000        1.46093160496093        17136886966.4652     
  -108790.000000000        1.46053063427098        17136886981.0719     
  -108780.000000000        1.46012981003150        17136886995.6750     
  -108770.000000000        1.45972907659598        17136887010.2748     
  -108760.000000000        1.45932845608331        17136887024.8699     
  -108750.000000000        1.45892794523388        17136887039.4599     
  -108740.000000000        1.45852753636427        17136887054.0476     
  -108730.000000000        1.45812723459676        17136887068.6318     
  -108720.000000000        1.45772706624120        17136887083.2109     
  -108710.000000000        1.45732697355561        17136887097.7860     
  -108700.000000000        1.45692700496875        17136887112.3565     
  -108690.000000000        1.45652712276205        17136887126.9248     
  -108680.000000000        1.45612740353681        17136887141.4888     
  -108670.000000000        1.45572774903849        17136887156.0473     
  -108660.000000000        1.45532820024528        17136887170.6012     
  -108650.000000000        1.45492877112702        17136887185.1534     
  -108640.000000000        1.45452945376746        17136887199.7013     
  -108630.000000000        1.45413026632741        17136887214.2433     
  -108620.000000000        1.45373115967959        17136887228.7827     
  -108610.000000000        1.45333216432482        17136887243.3192     
  -108600.000000000        1.45293330121785        17136887257.8504     
  -108590.000000000        1.45253451727331        17136887272.3772     
  -108580.000000000        1.45213584997691        17136887286.8996     
  -108570.000000000        1.45173727604561        17136887301.4194     
  -108560.000000000        1.45133885019459        17136887315.9351     
  -108550.000000000        1.45094048627652        17136887330.4477     
  -108540.000000000        1.45054225809872        17136887344.9548     
  -108530.000000000        1.45014412724413        17136887359.4587     
  -108520.000000000        1.44974612514488        17136887373.9562     
  -108510.000000000        1.44934819824994        17136887388.4527     
  -108500.000000000        1.44895039405674        17136887402.9442     
  -108490.000000000        1.44855269556865        17136887417.4316     
  -108480.000000000        1.44815513212234        17136887431.9147     
  -108470.000000000        1.44775763759390        17136887446.3946     
  -108460.000000000        1.44736027694307        17136887460.8705     
  -108450.000000000        1.44696302013472        17136887475.3426     
  -108440.000000000        1.44656585971825        17136887489.8083     
  -108430.000000000        1.44616880523972        17136887504.2739     
  -108420.000000000        1.44577186880633        17136887518.7329     
  -108410.000000000        1.44537504413165        17136887533.1889     
  -108400.000000000        1.44497831887566        17136887547.6404     
  -108390.000000000        1.44458170770667        17136887562.0892     
  -108380.000000000        1.44418516475707        17136887576.5330     
  -108370.000000000        1.44378879247233        17136887590.9717     
  -108360.000000000        1.44339249911718        17136887605.4082     
  -108350.000000000        1.44299630634487        17136887619.8404     
  -108340.000000000        1.44260023441166        17136887634.2673     
  -108330.000000000        1.44220426375978        17136887648.6920     
  -108320.000000000        1.44180839159526        17136887663.1126     
  -108310.000000000        1.44141263654456        17136887677.5284     
  -108300.000000000        1.44101700163446        17136887691.9414     
  -108290.000000000        1.44062143610790        17136887706.3481     
  -108280.000000000        1.44022601586767        17136887720.7528     
  -108270.000000000        1.43983068177477        17136887735.1518     
  -108260.000000000        1.43943546037190        17136887749.5484     
  -108250.000000000        1.43904036376625        17136887763.9412     
  -108240.000000000        1.43864535028115        17136887778.3307     
  -108230.000000000        1.43825045041740        17136887792.7153     
  -108220.000000000        1.43785566557199        17136887807.0937     
  -108210.000000000        1.43746097316034        17136887821.4713     
  -108200.000000000        1.43706639576703        17136887835.8438     
  -108190.000000000        1.43667192081921        17136887850.2129     
  -108180.000000000        1.43627755925991        17136887864.5781     
  -108170.000000000        1.43588330363855        17136887878.9382     
  -108160.000000000        1.43548915139399        17136887893.2947     
  -108150.000000000        1.43509509833530        17136887907.6485     
  -108140.000000000        1.43470118450932        17136887921.9963     
  -108130.000000000        1.43430731678382        17136887936.3437     
  -108120.000000000        1.43391363229603        17136887950.6836     
  -108110.000000000        1.43351999903098        17136887965.0207     
  -108100.000000000        1.43312649684958        17136887979.3536     
  -108090.000000000        1.43273308081552        17136887993.6842     
  -108080.000000000        1.43233980680816        17136888008.0082     
  -108070.000000000        1.43194660497829        17136888022.3283     
  -108060.000000000        1.43155350675806        17136888036.6463     
  -108050.000000000        1.43116053682752        17136888050.9609     
  -108040.000000000        1.43076767423190        17136888065.2698     
  -108030.000000000        1.43037491478026        17136888079.5778     
  -108020.000000000        1.42998226638883        17136888093.8775     
  -108010.000000000        1.42958968807943        17136888108.1756     
  -108000.000000000        1.42919728020206        17136888122.4707     
  -107990.000000000        1.42880492121913        17136888136.7596     
  -107980.000000000        1.42841269192286        17136888151.0468     
  -107970.000000000        1.42802056181245        17136888165.3279     
  -107960.000000000        1.42762853181921        17136888179.6044     
  -107950.000000000        1.42723660077900        17136888193.8799     
  -107940.000000000        1.42684482201003        17136888208.1498     
  -107930.000000000        1.42645311844535        17136888222.4176     
  -107920.000000000        1.42606153083034        17136888236.6798     
  -107910.000000000        1.42567004426382        17136888250.9378     
  -107900.000000000        1.42527867224999        17136888265.1947     
  -107890.000000000        1.42488737986423        17136888279.4440     
  -107880.000000000        1.42449621646665        17136888293.6919     
  -107870.000000000        1.42410514410585        17136888307.9337     
  -107860.000000000        1.42371417186223        17136888322.1733     
  -107850.000000000        1.42332332301885        17136888336.4089     
  -107840.000000000        1.42293257731944        17136888350.6396     
  -107830.000000000        1.42254195432179        17136888364.8673     
  -107820.000000000        1.42215138813481        17136888379.0910     
  -107810.000000000        1.42176096211188        17136888393.3094     
  -107800.000000000        1.42137064575218        17136888407.5264     
  -107790.000000000        1.42098043602891        17136888421.7378     
  -107780.000000000        1.42059031128883        17136888435.9461     
  -107770.000000000        1.42020032647997        17136888450.1489     
  -107760.000000000        1.41981039661914        17136888464.3497     
  -107750.000000000        1.41942062275484        17136888478.5450     
  -107740.000000000        1.41903089126572        17136888492.7362     
  -107730.000000000        1.41864132997580        17136888506.9253     
  -107720.000000000        1.41825185110793        17136888521.1107     
  -107710.000000000        1.41786247584969        17136888535.2924     
  -107700.000000000        1.41747320722789        17136888549.4695     
  -107690.000000000        1.41708404617384        17136888563.6399     
  -107680.000000000        1.41669498127885        17136888577.8094     
  -107670.000000000        1.41630602790974        17136888591.9747     
  -107660.000000000        1.41591719584540        17136888606.1354     
  -107650.000000000        1.41552846808918        17136888620.2932     
  -107640.000000000        1.41513979504816        17136888634.4454     
  -107630.000000000        1.41475127800368        17136888648.5962     
  -107620.000000000        1.41436283499934        17136888662.7411     
  -107610.000000000        1.41397452796809        17136888676.8831     
  -107600.000000000        1.41358630592003        17136888691.0201     
  -107590.000000000        1.41319821728393        17136888705.1542     
  -107580.000000000        1.41281019663438        17136888719.2859     
  -107570.000000000        1.41242231987417        17136888733.4111     
  -107560.000000000        1.41203449387103        17136888747.5331     
  -107550.000000000        1.41164683853276        17136888761.6516     
  -107540.000000000        1.41125922324136        17136888775.7667     
  -107530.000000000        1.41087174089625        17136888789.8765     
  -107520.000000000        1.41048437752761        17136888803.9823     
  -107510.000000000        1.41009709821083        17136888818.0867     
  -107500.000000000        1.40970995347016        17136888832.1856     
  -107490.000000000        1.40932288207114        17136888846.2816     
  -107480.000000000        1.40893591055647        17136888860.3704     
  -107470.000000000        1.40854905522428        17136888874.4590     
  -107460.000000000        1.40816232166253        17136888888.5429     
  -107450.000000000        1.40777567285113        17136888902.6210     
  -107440.000000000        1.40738913742825        17136888916.6982     
  -107430.000000000        1.40700270817615        17136888930.7705     
  -107420.000000000        1.40661633992568        17136888944.8392     
  -107410.000000000        1.40623016632162        17136888958.9031     
  -107400.000000000        1.40584403485991        17136888972.9632     
  -107390.000000000        1.40545803378336        17136888987.0198     
  -107380.000000000        1.40507211838849        17136889001.0729     
  -107370.000000000        1.40468631684780        17136889015.1203     
  -107360.000000000        1.40430063242093        17136889029.1657     
  -107350.000000000        1.40391503018327        17136889043.2075     
  -107340.000000000        1.40352954342961        17136889057.2451     
  -107330.000000000        1.40314414259046        17136889071.2786     
  -107320.000000000        1.40275886934251        17136889085.3080     
  -107310.000000000        1.40237366873771        17136889099.3331     
  -107300.000000000        1.40198859036900        17136889113.3546     
  -107290.000000000        1.40160365100019        17136889127.3728     
  -107280.000000000        1.40121877659112        17136889141.3870     
  -107270.000000000        1.40083402255550        17136889155.3974     
  -107260.000000000        1.40044934232719        17136889169.4027     
  -107250.000000000        1.40006480412558        17136889183.4058     
  -107240.000000000        1.39968036510982        17136889197.4050     
  -107230.000000000        1.39929602248594        17136889211.3987     
  -107220.000000000        1.39891178021207        17136889225.3900     
  -107210.000000000        1.39852764178067        17136889239.3788     
  -107200.000000000        1.39814362814650        17136889253.3609     
  -107190.000000000        1.39775968599133        17136889267.3407     
  -107180.000000000        1.39737585186958        17136889281.3175     
  -107170.000000000        1.39699215209112        17136889295.2886     
  -107160.000000000        1.39660851424560        17136889309.2566     
  -107150.000000000        1.39622502890415        17136889323.2204     
  -107140.000000000        1.39584161876701        17136889337.1813     
  -107130.000000000        1.39545832131989        17136889351.1385     
  -107120.000000000        1.39507510396652        17136889365.0893     
  -107110.000000000        1.39469202724285        17136889379.0383     
  -107100.000000000        1.39430900802836        17136889392.9831     
  -107090.000000000        1.39392613549717        17136889406.9241     
  -107080.000000000        1.39354334748350        17136889420.8633     
  -107070.000000000        1.39316066890024        17136889434.7938     
  -107060.000000000        1.39277810044587        17136889448.7260     
  -107050.000000000        1.39239563210867        17136889462.6515     
  -107040.000000000        1.39201325317845        17136889476.5736     
  -107030.000000000        1.39163101068698        17136889490.4920     
  -107020.000000000        1.39124884572811        17136889504.4056     
  -107010.000000000        1.39086677716114        17136889518.3168     
  -107000.000000000        1.39048481825739        17136889532.2228     
  -106990.000000000        1.39010296436027        17136889546.1266     
  -106980.000000000        1.38972121640109        17136889560.0259     
  -106970.000000000        1.38933958322741        17136889573.9193     
  -106960.000000000        1.38895802688785        17136889587.8118     
  -106950.000000000        1.38857660372742        17136889601.7005     
  -106940.000000000        1.38819527905434        17136889615.5841     
  -106930.000000000        1.38781404914334        17136889629.4640     
  -106920.000000000        1.38743291585706        17136889643.3404     
  -106910.000000000        1.38705190247856        17136889657.2122     
  -106900.000000000        1.38667098153383        17136889671.0811     
  -106890.000000000        1.38629016745836        17136889684.9464     
  -106880.000000000        1.38590945070609        17136889698.8062     
  -106870.000000000        1.38552885921672        17136889712.6634     
  -106860.000000000        1.38514833361842        17136889726.5174     
  -106850.000000000        1.38476794189773        17136889740.3647     
  -106840.000000000        1.38438765914179        17136889754.2121     
  -106830.000000000        1.38400744949467        17136889768.0553     
  -106820.000000000        1.38362736045383        17136889781.8929     
  -106810.000000000        1.38324736105278        17136889795.7269     
  -106800.000000000        1.38286748481914        17136889809.5582     
  -106790.000000000        1.38248769519851        17136889823.3853     
  -106780.000000000        1.38210800755769        17136889837.2085     
  -106770.000000000        1.38172844657674        17136889851.0267     
  -106760.000000000        1.38134896615520        17136889864.8426     
  -106750.000000000        1.38096959306858        17136889878.6546     
  -106740.000000000        1.38059032894671        17136889892.4627     
  -106730.000000000        1.38021115795709        17136889906.2657     
  -106720.000000000        1.37983212736435        17136889920.0660     
  -106710.000000000        1.37945315614343        17136889933.8628     
  -106700.000000000        1.37907427828759        17136889947.6539     
  -106690.000000000        1.37869552476332        17136889961.4428     
  -106680.000000000        1.37831689044833        17136889975.2296     
  -106670.000000000        1.37793835718185        17136889989.0103     
  -106660.000000000        1.37755990726873        17136890002.7884     
  -106650.000000000        1.37718156119809        17136890016.5611     
  -106640.000000000        1.37680331803858        17136890030.3324     
  -106630.000000000        1.37642517942004        17136890044.0959     
  -106620.000000000        1.37604716513306        17136890057.8587     
  -106610.000000000        1.37566922535188        17136890071.6188     
  -106600.000000000        1.37529138405807        17136890085.3738     
  -106590.000000000        1.37491367454641        17136890099.1239     
  -106580.000000000        1.37453604629263        17136890112.8711     
  -106570.000000000        1.37415853585117        17136890126.6158     
  -106560.000000000        1.37378111993894        17136890140.3554     
  -106550.000000000        1.37340380344540        17136890154.0907     
  -106540.000000000        1.37302657775581        17136890167.8213     
  -106530.000000000        1.37264946708456        17136890181.5503     
  -106520.000000000        1.37227248027921        17136890195.2756     
  -106510.000000000        1.37189557938837        17136890208.9956     
  -106500.000000000        1.37151876906864        17136890222.7135     
  -106490.000000000        1.37114208517596        17136890236.4261     
  -106480.000000000        1.37076546764001        17136890250.1356     
  -106470.000000000        1.37038898933679        17136890263.8423     
  -106460.000000000        1.37001257808879        17136890277.5448     
  -106450.000000000        1.36963631724939        17136890291.2433     
  -106440.000000000        1.36926009575836        17136890304.9359     
  -106430.000000000        1.36888403655030        17136890318.6271     
  -106420.000000000        1.36850802786648        17136890332.3141     
  -106410.000000000        1.36813217797317        17136890345.9977     
  -106400.000000000        1.36775639094412        17136890359.6775     
  -106390.000000000        1.36738070612773        17136890373.3524     
  -106380.000000000        1.36700515961275        17136890387.0251     
  -106370.000000000        1.36662967153825        17136890400.6929     
  -106360.000000000        1.36625429382548        17136890414.3569     
  -106350.000000000        1.36587903625332        17136890428.0184     
  -106340.000000000        1.36550385691226        17136890441.6746     
  -106330.000000000        1.36512881494127        17136890455.3283     
  -106320.000000000        1.36475385213271        17136890468.9779     
  -106310.000000000        1.36437897849828        17136890482.6232     
  -106300.000000000        1.36400423874147        17136890496.2658     
  -106290.000000000        1.36362959165126        17136890509.9030     
  -106280.000000000        1.36325502023101        17136890523.5393     
  -106270.000000000        1.36288058059290        17136890537.1683     
  -106260.000000000        1.36250623455271        17136890550.7957     
  -106250.000000000        1.36213198350742        17136890564.4183     
  -106240.000000000        1.36175783444196        17136890578.0369     
  -106230.000000000        1.36138381459750        17136890591.6544     
  -106220.000000000        1.36100984690711        17136890605.2661     
  -106210.000000000        1.36063603055663        17136890618.8738     
  -106200.000000000        1.36026228079572        17136890632.4789     
  -106190.000000000        1.35988865280524        17136890646.0795     
  -106180.000000000        1.35951512120664        17136890659.6761     
  -106170.000000000        1.35914167435840        17136890673.2691     
  -106160.000000000        1.35876836185344        17136890686.8589     
  -106150.000000000        1.35839512618259        17136890700.4441     
  -106140.000000000        1.35802199225873        17136890714.0264     
  -106130.000000000        1.35764897009358        17136890727.6054     
  -106120.000000000        1.35727604455315        17136890741.1789     
  -106110.000000000        1.35690321796574        17136890754.7506     
  -106100.000000000        1.35653052339330        17136890768.3186     
  -106090.000000000        1.35615789378062        17136890781.8806     
  -106080.000000000        1.35578538198024        17136890795.4407     
  -106070.000000000        1.35541294817813        17136890808.9968     
  -106060.000000000        1.35504063009284        17136890822.5491     
  -106050.000000000        1.35466843610629        17136890836.0977     
  -106040.000000000        1.35429631965235        17136890849.6438     
  -106030.000000000        1.35392431193031        17136890863.1835     
  -106020.000000000        1.35355238197371        17136890876.7213     
  -106010.000000000        1.35318059218116        17136890890.2551     
  -106000.000000000        1.35280887689441        17136890903.7856     
  -105990.000000000        1.35243729199283        17136890917.3110     
  -105980.000000000        1.35206577437930        17136890930.8337     
  -105970.000000000        1.35169438319281        17136890944.3521     
  -105960.000000000        1.35132307116874        17136890957.8677     
  -105950.000000000        1.35095186834224        17136890971.3789     
  -105940.000000000        1.35058076563291        17136890984.8855     
  -105930.000000000        1.35020978702232        17136890998.3905     
  -105920.000000000        1.34983890131116        17136891011.8900     
  -105910.000000000        1.34946809289977        17136891025.3870     
  -105900.000000000        1.34909739857540        17136891038.8796     
  -105890.000000000        1.34872680739500        17136891052.3690     
  -105880.000000000        1.34835630515590        17136891065.8551     
  -105870.000000000        1.34798592654988        17136891079.3362     
  -105860.000000000        1.34761564643122        17136891092.8142     
  -105850.000000000        1.34724543965422        17136891106.2885     
  -105840.000000000        1.34687538840808        17136891119.7589     
  -105830.000000000        1.34650537348352        17136891133.2258     
  -105820.000000000        1.34613547706977        17136891146.6890     
  -105810.000000000        1.34576570312493        17136891160.1500     
  -105800.000000000        1.34539601556025        17136891173.6046     
  -105790.000000000        1.34502645768225        17136891187.0561     
  -105780.000000000        1.34465696848929        17136891200.5044     
  -105770.000000000        1.34428757242858        17136891213.9488     
  -105760.000000000        1.34391830395907        17136891227.3901     
  -105750.000000000        1.34354911814444        17136891240.8267     
  -105740.000000000        1.34318005316891        17136891254.2621     
  -105730.000000000        1.34281105455011        17136891267.6918     
  -105720.000000000        1.34244219586253        17136891281.1175     
  -105710.000000000        1.34207340003923        17136891294.5404     
  -105700.000000000        1.34170472645201        17136891307.9601     
  -105690.000000000        1.34133614110760        17136891321.3757     
  -105680.000000000        1.34096768940799        17136891334.7861     
  -105670.000000000        1.34059931733645        17136891348.1950     
  -105660.000000000        1.34023105050437        17136891361.5973     
  -105650.000000000        1.33986284583807        17136891374.9978     
  -105640.000000000        1.33949477085844        17136891388.3949     
  -105630.000000000        1.33912681555375        17136891401.7887     
  -105620.000000000        1.33875895570964        17136891415.1786     
  -105610.000000000        1.33839117945172        17136891428.5643     
  -105600.000000000        1.33802350913174        17136891441.9461     
  -105590.000000000        1.33765594428405        17136891455.3238     
  -105580.000000000        1.33728846441954        17136891468.6996     
  -105570.000000000        1.33692109794356        17136891482.0701     
  -105560.000000000        1.33655384159647        17136891495.4373     
  -105550.000000000        1.33618665859103        17136891508.7998     
  -105540.000000000        1.33581960177980        17136891522.1615     
  -105530.000000000        1.33545260690153        17136891535.5178     
  -105520.000000000        1.33508575754240        17136891548.8696     
  -105510.000000000        1.33471900084987        17136891562.2190     
  -105500.000000000        1.33435230050236        17136891575.5648     
  -105490.000000000        1.33398574707098        17136891588.9061     
  -105480.000000000        1.33361929096282        17136891602.2443     
  -105470.000000000        1.33325291890651        17136891615.5786     
  -105460.000000000        1.33288666163571        17136891628.9093     
  -105450.000000000        1.33252047584392        17136891642.2361     
  -105440.000000000        1.33215440507047        17136891655.5593     
  -105430.000000000        1.33178842882626        17136891668.8785     
  -105420.000000000        1.33142258925363        17136891682.1958     
  -105410.000000000        1.33105680439621        17136891695.5077     
  -105400.000000000        1.33069116156548        17136891708.8160     
  -105390.000000000        1.33032556017861        17136891722.1220     
  -105380.000000000        1.32996009639464        17136891735.4234     
  -105370.000000000        1.32959471922368        17136891748.7212     
  -105360.000000000        1.32922946847975        17136891762.0160     
  -105350.000000000        1.32886429037899        17136891775.3067     
  -105340.000000000        1.32849922846071        17136891788.5915     
  -105330.000000000        1.32813426409848        17136891801.8751     
  -105320.000000000        1.32776938448660        17136891815.1546     
  -105310.000000000        1.32740462082438        17136891828.4315     
  -105300.000000000        1.32703994470648        17136891841.7026     
  -105290.000000000        1.32667538546957        17136891854.9711     
  -105280.000000000        1.32631092797965        17136891868.2366     
  -105270.000000000        1.32594656711444        17136891881.4983     
  -105260.000000000        1.32558226538822        17136891894.7554     
  -105250.000000000        1.32521810149774        17136891908.0087     
  -105240.000000000        1.32485404890031        17136891921.2604     
  -105230.000000000        1.32449005241506        17136891934.5079     
  -105220.000000000        1.32412618352100        17136891947.7493     
  -105210.000000000        1.32376240752637        17136891960.9886     
  -105200.000000000        1.32339874608442        17136891974.2251     
  -105190.000000000        1.32303515681997        17136891987.4572     
  -105180.000000000        1.32267166674137        17136892000.6858     
  -105170.000000000        1.32230831263587        17136892013.9105     
  -105160.000000000        1.32194502418861        17136892027.1321     
  -105150.000000000        1.32158185797743        17136892040.3498     
  -105140.000000000        1.32121878955513        17136892053.5640     
  -105130.000000000        1.32085578842089        17136892066.7738     
  -105120.000000000        1.32049292093143        17136892079.9808     
  -105110.000000000        1.32013015705161        17136892093.1841     
  -105100.000000000        1.31976745161228        17136892106.3832     
  -105090.000000000        1.31940487725660        17136892119.5789     
  -105080.000000000        1.31904239137657        17136892132.7716     
  -105070.000000000        1.31868001702242        17136892145.9605     
  -105060.000000000        1.31831770692952        17136892159.1449     
  -105050.000000000        1.31795551860705        17136892172.3259     
  -105040.000000000        1.31759343948215        17136892185.5038     
  -105030.000000000        1.31723147281446        17136892198.6782     
  -105020.000000000        1.31686956482008        17136892211.8479     
  -105010.000000000        1.31650779582560        17136892225.0158     
  -105000.000000000        1.31614609644748        17136892238.1793     
  -104990.000000000        1.31578450021334        17136892251.3392     
  -104980.000000000        1.31542299874127        17136892264.4939     
  -104970.000000000        1.31506158784032        17136892277.6468     
  -104960.000000000        1.31470031873323        17136892290.7962     
  -104950.000000000        1.31433911342174        17136892303.9403     
  -104940.000000000        1.31397803174332        17136892317.0824     
  -104930.000000000        1.31361702992581        17136892330.2205     
  -104920.000000000        1.31325612077489        17136892343.3546     
  -104910.000000000        1.31289533083327        17136892356.4855     
  -104900.000000000        1.31253460748121        17136892369.6125     
  -104890.000000000        1.31217400822788        17136892382.7365     
  -104880.000000000        1.31181350047700        17136892395.8559     
  -104870.000000000        1.31145307584666        17136892408.9723     
  -104860.000000000        1.31109276134521        17136892422.0855     
  -104850.000000000        1.31073257233948        17136892435.1952     
  -104840.000000000        1.31037245527841        17136892448.2990     
  -104830.000000000        1.31001244322397        17136892461.4021     
  -104820.000000000        1.30965251964517        17136892474.5000     
  -104810.000000000        1.30929270945489        17136892487.5942     
  -104800.000000000        1.30893299262971        17136892500.6857     
  -104790.000000000        1.30857335403562        17136892513.7731     
  -104780.000000000        1.30821385281160        17136892526.8579     
  -104770.000000000        1.30785441026092        17136892539.9377     
  -104760.000000000        1.30749509925954        17136892553.0147     
  -104750.000000000        1.30713586276397        17136892566.0880     
  -104740.000000000        1.30677673872560        17136892579.1574     
  -104730.000000000        1.30641770595685        17136892592.2234     
  -104720.000000000        1.30605876701884        17136892605.2855     
  -104710.000000000        1.30569992773235        17136892618.3441     
  -104700.000000000        1.30534119158983        17136892631.4003     
  -104690.000000000        1.30498256394640        17136892644.4516     
  -104680.000000000        1.30462402990088        17136892657.4995     
  -104670.000000000        1.30426558712497        17136892670.5440     
  -104660.000000000        1.30390722397715        17136892683.5847     
  -104650.000000000        1.30354897514917        17136892696.6223     
  -104640.000000000        1.30319085670635        17136892709.6555     
  -104630.000000000        1.30283277854323        17136892722.6857     
  -104620.000000000        1.30247482401319        17136892735.7122     
  -104610.000000000        1.30211696471088        17136892748.7347     
  -104600.000000000        1.30175922508352        17136892761.7552     
  -104590.000000000        1.30140156904235        17136892774.7702     
  -104580.000000000        1.30104399309494        17136892787.7828     
  -104570.000000000        1.30068655335344        17136892800.7914     
  -104560.000000000        1.30032918462530        17136892813.7966     
  -104550.000000000        1.29997189319693        17136892826.7979     
  -104540.000000000        1.29961473052390        17136892839.7962     
  -104530.000000000        1.29925766331144        17136892852.7895     
  -104520.000000000        1.29890067945234        17136892865.7816     
  -104510.000000000        1.29854379780591        17136892878.7682     
  -104500.000000000        1.29818705306388        17136892891.7523     
  -104490.000000000        1.29783033370040        17136892904.7320     
  -104480.000000000        1.29747375333682        17136892917.7086     
  -104470.000000000        1.29711726051755        17136892930.6813     
  -104460.000000000        1.29676088923588        17136892943.6509     
  -104450.000000000        1.29640458733775        17136892956.6166     
  -104440.000000000        1.29604838439263        17136892969.5786     
  -104430.000000000        1.29569229250774        17136892982.5381     
  -104420.000000000        1.29533628071658        17136892995.4930     
  -104410.000000000        1.29498039116152        17136893008.4447     
  -104400.000000000        1.29462457378395        17136893021.3928     
  -104390.000000000        1.29426887026057        17136893034.3367     
  -104380.000000000        1.29391325009055        17136893047.2774     
  -104370.000000000        1.29355771909468        17136893060.2155     
  -104360.000000000        1.29320232151076        17136893073.1493     
  -104350.000000000        1.29284698958509        17136893086.0790     
  -104340.000000000        1.29249177570455        17136893099.0052     
  -104330.000000000        1.29213663889095        17136893111.9292     
  -104320.000000000        1.29178160964511        17136893124.8480     
  -104310.000000000        1.29142668377608        17136893137.7646     
  -104300.000000000        1.29107183963060        17136893150.6770     
  -104290.000000000        1.29071712004952        17136893163.5860     
  -104280.000000000        1.29036246845499        17136893176.4919     
  -104270.000000000        1.29000791627914        17136893189.3935     
  -104260.000000000        1.28965348633938        17136893202.2919     
  -104250.000000000        1.28929912345484        17136893215.1867     
  -104240.000000000        1.28894488909282        17136893228.0775     
  -104230.000000000        1.28859070874751        17136893240.9646     
  -104220.000000000        1.28823665203527        17136893253.8498     
  -104210.000000000        1.28788268542849        17136893266.7300     
  -104200.000000000        1.28752882569097        17136893279.6068     
  -104190.000000000        1.28717502392828        17136893292.4803     
  -104180.000000000        1.28682137792930        17136893305.3504     
  -104170.000000000        1.28646779153496        17136893318.2172     
  -104160.000000000        1.28611430665478        17136893331.0799     
  -104150.000000000        1.28576092887670        17136893343.9397     
  -104140.000000000        1.28540765237994        17136893356.7947     
  -104130.000000000        1.28505445993505        17136893369.6475     
  -104120.000000000        1.28470137738623        17136893382.4964     
  -104110.000000000        1.28434837376699        17136893395.3413     
  -104100.000000000        1.28399545419961        17136893408.1829     
  -104090.000000000        1.28364267433062        17136893421.0222     
  -104080.000000000        1.28328995266929        17136893433.8558     
  -104070.000000000        1.28293733857572        17136893446.6866     
  -104060.000000000        1.28258482203819        17136893459.5147     
  -104050.000000000        1.28223239420913        17136893472.3390     
  -104040.000000000        1.28188008023426        17136893485.1592     
  -104030.000000000        1.28152785752900        17136893497.9760     
  -104020.000000000        1.28117572935298        17136893510.7899     
  -104010.000000000        1.28082368196920        17136893523.6008     
  -104000.000000000        1.28047174122185        17136893536.4072     
  -103990.000000000        1.28011988266371        17136893549.2090     
  -103980.000000000        1.27976815099828        17136893562.0084     
  -103970.000000000        1.27941651339643        17136893574.8051     
  -103960.000000000        1.27906495751813        17136893587.5970     
  -103950.000000000        1.27871349733323        17136893600.3863     
  -103940.000000000        1.27836213191040        17136893613.1718     
  -103930.000000000        1.27801086078398        17136893625.9525     
  -103920.000000000        1.27765969163738        17136893638.7311     
  -103910.000000000        1.27730861702003        17136893651.5061     
  -103900.000000000        1.27695761434734        17136893664.2780     
  -103890.000000000        1.27660675789230        17136893677.0459     
  -103880.000000000        1.27625596500002        17136893689.8097     
  -103870.000000000        1.27590527362190        17136893702.5706     
  -103860.000000000        1.27555467956699        17136893715.3277     
  -103850.000000000        1.27520416188054        17136893728.0818     
  -103840.000000000        1.27485376689583        17136893740.8322     
  -103830.000000000        1.27450345968828        17136893753.5792     
  -103820.000000000        1.27415325469337        17136893766.3224     
  -103810.000000000        1.27380311908200        17136893779.0623     
  -103800.000000000        1.27345314132981        17136893791.7984     
  -103790.000000000        1.27310319547541        17136893804.5308     
  -103780.000000000        1.27275335812010        17136893817.2601     
  -103770.000000000        1.27240362996235        17136893829.9859     
  -103760.000000000        1.27205396303907        17136893842.7082     
  -103750.000000000        1.27170443790965        17136893855.4263     
  -103740.000000000        1.27135499054566        17136893868.1422     
  -103730.000000000        1.27100563445129        17136893880.8543     
  -103720.000000000        1.27065637498163        17136893893.5622     
  -103710.000000000        1.27030720445327        17136893906.2677     
  -103700.000000000        1.26995814009570        17136893918.9689     
  -103690.000000000        1.26960917934775        17136893931.6667     
  -103680.000000000        1.26926029915921        17136893944.3608     
  -103670.000000000        1.26891152444296        17136893957.0521     
  -103660.000000000        1.26856282632798        17136893969.7393     
  -103650.000000000        1.26821421808563        17136893982.4227     
  -103640.000000000        1.26786574348807        17136893995.1033     
  -103630.000000000        1.26751734339632        17136894007.7800     
  -103620.000000000        1.26716904272325        17136894020.4538     
  -103610.000000000        1.26682082819752        17136894033.1239     
  -103600.000000000        1.26647272286937        17136894045.7901     
  -103590.000000000        1.26612467807718        17136894058.4533     
  -103580.000000000        1.26577674644068        17136894071.1122     
  -103570.000000000        1.26542893773876        17136894083.7683     
  -103560.000000000        1.26508118654601        17136894096.4215     
  -103550.000000000        1.26473357295617        17136894109.0702     
  -103540.000000000        1.26438602292910        17136894121.7165     
  -103530.000000000        1.26403853297234        17136894134.3579     
  -103520.000000000        1.26369119831361        17136894146.9964     
  -103510.000000000        1.26334393117577        17136894159.6322     
  -103500.000000000        1.26299678650685        17136894172.2642     
  -103490.000000000        1.26264972658828        17136894184.8919     
  -103480.000000000        1.26230273628607        17136894197.5166     
  -103470.000000000        1.26195584540255        17136894210.1382     
  -103460.000000000        1.26160905766301        17136894222.7558     
  -103450.000000000        1.26126236561686        17136894235.3702     
  -103440.000000000        1.26091578416526        17136894247.9805     
  -103430.000000000        1.26056926255114        17136894260.5881     
  -103420.000000000        1.26022285479121        17136894273.1921     
  -103410.000000000        1.25987654388882        17136894285.7934     
  -103400.000000000        1.25953032472171        17136894298.3902     
  -103390.000000000        1.25918418983929        17136894310.9833     
  -103380.000000000        1.25883817090653        17136894323.5734     
  -103370.000000000        1.25849223602563        17136894336.1604     
  -103360.000000000        1.25814640079625        17136894348.7435     
  -103350.000000000        1.25780063006096        17136894361.3229     
  -103340.000000000        1.25745499227196        17136894373.8996     
  -103330.000000000        1.25710943993181        17136894386.4726     
  -103320.000000000        1.25676395581104        17136894399.0418     
  -103310.000000000        1.25641858926974        17136894411.6075     
  -103300.000000000        1.25607331725769        17136894424.1702     
  -103290.000000000        1.25572812813334        17136894436.7289     
  -103280.000000000        1.25538304308429        17136894449.2846     
  -103270.000000000        1.25503806932829        17136894461.8365     
  -103260.000000000        1.25469312956557        17136894474.3853     
  -103250.000000000        1.25434834347107        17136894486.9307     
  -103240.000000000        1.25400363258086        17136894499.4722     
  -103230.000000000        1.25365903321654        17136894512.0110     
  -103220.000000000        1.25331449927762        17136894524.5455     
  -103210.000000000        1.25297007337213        17136894537.0769     
  -103200.000000000        1.25262573198415        17136894549.6046     
  -103190.000000000        1.25228149071336        17136894562.1292     
  -103180.000000000        1.25193733093329        17136894574.6499     
  -103170.000000000        1.25159328477457        17136894587.1682     
  -103160.000000000        1.25124935666099        17136894599.6835     
  -103150.000000000        1.25090547977015        17136894612.1930     
  -103140.000000000        1.25056168460287        17136894624.7006     
  -103130.000000000        1.25021802517585        17136894637.2045     
  -103120.000000000        1.24987442418933        17136894649.7048     
  -103110.000000000        1.24953095242381        17136894662.2021     
  -103100.000000000        1.24918757029809        17136894674.6956     
  -103090.000000000        1.24884424475022        17136894687.1847     
  -103080.000000000        1.24850102979690        17136894699.6719     
  -103070.000000000        1.24815792310983        17136894712.1561     
  -103060.000000000        1.24781490699388        17136894724.6353     
  -103050.000000000        1.24747198238038        17136894737.1115     
  -103040.000000000        1.24712913576514        17136894749.5847     
  -103030.000000000        1.24678640905768        17136894762.0544     
  -103020.000000000        1.24644377012737        17136894774.5208     
  -103010.000000000        1.24610118730925        17136894786.9843     
  -103000.000000000        1.24575875536539        17136894799.4430     
  -102990.000000000        1.24541638861410        17136894811.8987     
  -102980.000000000        1.24507410381921        17136894824.3512     
  -102970.000000000        1.24473191634752        17136894836.8003     
  -102960.000000000        1.24438984552398        17136894849.2461     
  -102950.000000000        1.24404786620289        17136894861.6882     
  -102940.000000000        1.24370594811626        17136894874.1261     
  -102930.000000000        1.24336415273137        17136894886.5617     
  -102920.000000000        1.24302245141007        17136894898.9948     
  -102910.000000000        1.24268082203344        17136894911.4227     
  -102900.000000000        1.24233929556794        17136894923.8476     
  -102890.000000000        1.24199787806720        17136894936.2694     
  -102880.000000000        1.24165652878582        17136894948.6877     
  -102870.000000000        1.24131527286954        17136894961.1023     
  -102860.000000000        1.24097415106371        17136894973.5146     
  -102850.000000000        1.24063306231983        17136894985.9221     
  -102840.000000000        1.24029211304151        17136894998.3269     
  -102830.000000000        1.23995122709312        17136895010.7271     
  -102820.000000000        1.23961043520831        17136895023.1260     
  -102810.000000000        1.23926977114752        17136895035.5193     
  -102800.000000000        1.23892917064950        17136895047.9113     
  -102790.000000000        1.23858866281807        17136895060.2989     
  -102780.000000000        1.23824826418422        17136895072.6826     
  -102770.000000000        1.23790795751847        17136895085.0637     
  -102760.000000000        1.23756773606874        17136895097.4404     
  -102750.000000000        1.23722759983502        17136895109.8149     
  -102740.000000000        1.23688757140189        17136895122.1854     
  -102730.000000000        1.23654763563536        17136895134.5520     
  -102720.000000000        1.23620776599273        17136895146.9159     
  -102710.000000000        1.23586803092621        17136895159.2770     
  -102700.000000000        1.23552834289148        17136895171.6330     
  -102690.000000000        1.23518878780305        17136895183.9870     
  -102680.000000000        1.23484931839630        17136895196.3379     
  -102670.000000000        1.23450993373990        17136895208.6843     
  -102660.000000000        1.23417063988745        17136895221.0280     
  -102650.000000000        1.23383143171668        17136895233.3674     
  -102640.000000000        1.23349232925102        17136895245.7045     
  -102630.000000000        1.23315333109349        17136895258.0376     
  -102620.000000000        1.23281439393759        17136895270.3674     
  -102610.000000000        1.23247556085698        17136895282.6937     
  -102600.000000000        1.23213684232906        17136895295.0171     
  -102590.000000000        1.23179819853976        17136895307.3360     
  -102580.000000000        1.23145964718424        17136895319.6527     
  -102570.000000000        1.23112120875157        17136895331.9659     
  -102560.000000000        1.23078282177448        17136895344.2750     
  -102550.000000000        1.23044456494972        17136895356.5815     
  -102540.000000000        1.23010637075640        17136895368.8844     
  -102530.000000000        1.22976829251274        17136895381.1833     
  -102520.000000000        1.22943029552698        17136895393.4791     
  -102510.000000000        1.22909240284935        17136895405.7724     
  -102500.000000000        1.22875458747149        17136895418.0619     
  -102490.000000000        1.22841687942855        17136895430.3473     
  -102480.000000000        1.22807925334200        17136895442.6298     
  -102470.000000000        1.22774171293713        17136895454.9085     
  -102460.000000000        1.22740427101962        17136895467.1843     
  -102450.000000000        1.22706692060456        17136895479.4573     
