  -106850.000000000        1.38476265635109        1749642021.93352     
  -106840.000000000        1.38438238255912        1749642035.77944     
  -106830.000000000        1.38400221487973        1749642049.62131     
  -106820.000000000        1.38362215051893        1749642063.45940     
  -106810.000000000        1.38324219005881        1749642077.29377     
  -106800.000000000        1.38286233053077        1749642091.12432     
  -106790.000000000        1.38248257743544        1749642104.95106     
  -106780.000000000        1.38210292757140        1749642118.77388     
  -106770.000000000        1.38172338009463        1749642132.59315     
  -106760.000000000        1.38134394260123        1749642146.40837     
  -106750.000000000        1.38096460181987        1749642160.21988     
  -106740.000000000        1.38058536857716        1749642174.02766     
  -106730.000000000        1.38020624022465        1749642187.83165     
  -106720.000000000        1.37982721513254        1749642201.63181     
  -106710.000000000        1.37944829222397        1749642215.42818     
  -106700.000000000        1.37906947114971        1749642229.22070     
  -106690.000000000        1.37869075709023        1749642243.00963     
  -106680.000000000        1.37831214623293        1749642256.79451     
  -106670.000000000        1.37793363956735        1749642270.57571     
  -106660.000000000        1.37755523319356        1749642284.35334     
  -106650.000000000        1.37717693336890        1749642298.12689     
  -106640.000000000        1.37679873482557        1749642311.89680     
  -106630.000000000        1.37642064277316        1749642325.66280     
  -106620.000000000        1.37604265360278        1749642339.42517     
  -106610.000000000        1.37566476504435        1749642353.18371     
  -106600.000000000        1.37528698061942        1749642366.93858     
  -106590.000000000        1.37490930099739        1749642380.68953     
  -106580.000000000        1.37453172612004        1749642394.43667     
  -106570.000000000        1.37415425115614        1749642408.18000     
  -106560.000000000        1.37377688084962        1749642421.91983     
  -106550.000000000        1.37339961371617        1749642435.65561     
  -106540.000000000        1.37302244585590        1749642449.38765     
  -106530.000000000        1.37264538864838        1749642463.11596     
  -106520.000000000        1.37226842920063        1749642476.84056     
  -106510.000000000        1.37189157705870        1749642490.56144     
  -106500.000000000        1.37151482136687        1749642504.27845     
  -106490.000000000        1.37113817603677        1749642517.99167     
  -106480.000000000        1.37076162642916        1749642531.70115     
  -106470.000000000        1.37038518715417        1749642545.40693     
  -106460.000000000        1.37000884072040        1749642559.10892     
  -106450.000000000        1.36963261023629        1749642572.80709     
  -106440.000000000        1.36925647422322        1749642586.50155     
  -106430.000000000        1.36888044213993        1749642600.19225     
  -106420.000000000        1.36850451113423        1749642613.87913     
  -106410.000000000        1.36812868760899        1749642627.56234     
  -106400.000000000        1.36775296184351        1749642641.24176     
  -106390.000000000        1.36737734224880        1749642654.91739     
  -106380.000000000        1.36700182649656        1749642668.58931     
  -106370.000000000        1.36662640902796        1749642682.25735     
  -106360.000000000        1.36625109583838        1749642695.92190     
  -106350.000000000        1.36587588384282        1749642709.58249     
  -106340.000000000        1.36550077426364        1749642723.23924     
  -106330.000000000        1.36512577079702        1749642736.89261     
  -106320.000000000        1.36475086704013        1749642750.54192     
  -106310.000000000        1.36437606386608        1749642764.18747     
  -106300.000000000        1.36400136674638        1749642777.82937     
  -106290.000000000        1.36362677032594        1749642791.46763     
  -106280.000000000        1.36325227649650        1749642805.10209     
  -106270.000000000        1.36287788429763        1749642818.73266     
  -106260.000000000        1.36250359666883        1749642832.35964     
  -106250.000000000        1.36212940851692        1749642845.98254     
  -106240.000000000        1.36175532295601        1749642859.60205     
  -106230.000000000        1.36138133966597        1749642873.21790     
  -106220.000000000        1.36100745550357        1749642886.82962     
  -106210.000000000        1.36063367998577        1749642900.43784     
  -106200.000000000        1.36026000289712        1749642914.04231     
  -106190.000000000        1.35988642502343        1749642927.64309     
  -106180.000000000        1.35951295282575        1749642941.24024     
  -106170.000000000        1.35913958153105        1749642954.83328     
  -106160.000000000        1.35876631192514        1749642968.42294     
  -106150.000000000        1.35839314266923        1749642982.00880     
  -106140.000000000        1.35802007815801        1749642995.59078     
  -106130.000000000        1.35764711504453        1749643009.16916     
  -106120.000000000        1.35727425100049        1749643022.74354     
  -106110.000000000        1.35690148876165        1749643036.31462     
  -106100.000000000        1.35652883251896        1749643049.88182     
  -106090.000000000        1.35615627540392        1749643063.44503     
  -106080.000000000        1.35578381791129        1749643077.00485     
  -106070.000000000        1.35541146417381        1749643090.56073     
  -106060.000000000        1.35503920845804        1749643104.11306     
  -106050.000000000        1.35466705900035        1749643117.66148     
  -106040.000000000        1.35429500686587        1749643131.20644     
  -106030.000000000        1.35392305898131        1749643144.74751     
  -106020.000000000        1.35355120865279        1749643158.28495     
  -106010.000000000        1.35317946851137        1749643171.81861     
  -106000.000000000        1.35280781908659        1749643185.34845     
  -105990.000000000        1.35243627856835        1749643198.87474     
  -105980.000000000        1.35206483685761        1749643212.39724     
  -105970.000000000        1.35169349759235        1749643225.91591     
  -105960.000000000        1.35132225582493        1749643239.43103     
  -105950.000000000        1.35095111734699        1749643252.94236     
  -105940.000000000        1.35058007869520        1749643266.45002     
  -105930.000000000        1.35020914266352        1749643279.95416     
  -105920.000000000        1.34983831006684        1749643293.45420     
  -105910.000000000        1.34946757528814        1749643306.95085     
  -105900.000000000        1.34909693902591        1749643320.44381     
  -105890.000000000        1.34872640838148        1749643333.93285     
  -105880.000000000        1.34835597692290        1749643347.41808     
  -105870.000000000        1.34798564584344        1749643360.89969     
  -105860.000000000        1.34761541779153        1749643374.37794     
  -105850.000000000        1.34724528569495        1749643387.85222     
  -105840.000000000        1.34687525779009        1749643401.32284     
  -105830.000000000        1.34650533137028        1749643414.78981     
  -105820.000000000        1.34613550477661        1749643428.25289     
  -105810.000000000        1.34576578004635        1749643441.71249     
  -105800.000000000        1.34539615412359        1749643455.16816     
  -105790.000000000        1.34502663195599        1749643468.62025     
  -105780.000000000        1.34465720728622        1749643482.06880     
  -105770.000000000        1.34428788188961        1749643495.51348     
  -105760.000000000        1.34391865727957        1749643508.95438     
  -105750.000000000        1.34354953464936        1749643522.39191     
  -105740.000000000        1.34318051359151        1749643535.82536     
  -105730.000000000        1.34281158910017        1749643549.25553     
  -105720.000000000        1.34244277133257        1749643562.68174     
  -105710.000000000        1.34207404727931        1749643576.10435     
  -105700.000000000        1.34170542916399        1749643589.52319     
  -105690.000000000        1.34133690636372        1749643602.93841     
  -105680.000000000        1.34096848874469        1749643616.34999     
  -105670.000000000        1.34060017022421        1749643629.75786     
  -105660.000000000        1.34023194876499        1749643643.16204     
  -105650.000000000        1.33986382605508        1749643656.56248     
  -105640.000000000        1.33949580840999        1749643669.95911     
  -105630.000000000        1.33912788936868        1749643683.35228     
  -105620.000000000        1.33876007000799        1749643696.74181     
  -105610.000000000        1.33839235236519        1749643710.12748     
  -105600.000000000        1.33802473318065        1749643723.50961     
  -105590.000000000        1.33765721347299        1749643736.88801     
  -105580.000000000        1.33728979228181        1749643750.26279     
  -105570.000000000        1.33692247286672        1749643763.63389     
  -105560.000000000        1.33655525473296        1749643777.00133     
  -105550.000000000        1.33618813773501        1749643790.36495     
  -105540.000000000        1.33582111730357        1749643803.72503     
  -105530.000000000        1.33545419597067        1749643817.08131     
  -105520.000000000        1.33508737495868        1749643830.43398     
  -105510.000000000        1.33472065581009        1749643843.78303     
  -105500.000000000        1.33435403273324        1749643857.12842     
  -105490.000000000        1.33398751288769        1749643870.47017     
  -105480.000000000        1.33362109414884        1749643883.80813     
  -105470.000000000        1.33325476938626        1749643897.14271     
  -105460.000000000        1.33288854631246        1749643910.47328     
  -105450.000000000        1.33252242521849        1749643923.80027     
  -105440.000000000        1.33215639990522        1749643937.12368     
  -105430.000000000        1.33179047732847        1749643950.44358     
  -105420.000000000        1.33142465320998        1749643963.75961     
  -105410.000000000        1.33105892498861        1749643977.07187     
  -105400.000000000        1.33069330165745        1749643990.38087     
  -105390.000000000        1.33032777177868        1749644003.68596     
  -105380.000000000        1.32996234623715        1749644016.98732     
  -105370.000000000        1.32959701929940        1749644030.28516     
  -105360.000000000        1.32923179122736        1749644043.57930     
  -105350.000000000        1.32886666076956        1749644056.86973     
  -105340.000000000        1.32850163182593        1749644070.15651     
  -105330.000000000        1.32813669939060        1749644083.43975     
  -105320.000000000        1.32777186983731        1749644096.71940     
  -105310.000000000        1.32740713533713        1749644109.99522     
  -105300.000000000        1.32704250208917        1749644123.26741     
  -105290.000000000        1.32667796872556        1749644136.53610     
  -105280.000000000        1.32631353341276        1749644149.80101     
  -105270.000000000        1.32594919801340        1749644163.06238     
  -105260.000000000        1.32558496037382        1749644176.31994     
  -105250.000000000        1.32522082072683        1749644189.57407     
  -105240.000000000        1.32485678512603        1749644202.82448     
  -105230.000000000        1.32449283835012        1749644216.07108     
  -105220.000000000        1.32412899797782        1749644229.31431     
  -105210.000000000        1.32376525405562        1749644242.55371     
  -105200.000000000        1.32340161132743        1749644255.78972     
  -105190.000000000        1.32303806376876        1749644269.02187     
  -105180.000000000        1.32267461763695        1749644282.25038     
  -105170.000000000        1.32231127208797        1749644295.47537     
  -105160.000000000        1.32194801996229        1749644308.69656     
  -105150.000000000        1.32158487010747        1749644321.91421     
  -105140.000000000        1.32122181879822        1749644335.12839     
  -105130.000000000        1.32085886551067        1749644348.33849     
  -105120.000000000        1.32049600736354        1749644361.54545     
  -105110.000000000        1.32013325183652        1749644374.74866     
  -105100.000000000        1.31977059671772        1749644387.94817     
  -105090.000000000        1.31940803295583        1749644401.14398     
  -105080.000000000        1.31904557245434        1749644414.33626     
  -105070.000000000        1.31868321038201        1749644427.52501     
  -105060.000000000        1.31832094487618        1749644440.71002     
  -105050.000000000        1.31795877905097        1749644453.89128     
  -105040.000000000        1.31759671284817        1749644467.06905     
  -105030.000000000        1.31723474548198        1749644480.24330     
  -105020.000000000        1.31687287098612        1749644493.41393     
  -105010.000000000        1.31651110082748        1749644506.58066     
  -105000.000000000        1.31614942575106        1749644519.74422     
  -104990.000000000        1.31578784878366        1749644532.90382     
  -104980.000000000        1.31542636771337        1749644546.05982     
  -104970.000000000        1.31506498862291        1749644559.21226     
  -104960.000000000        1.31470370735042        1749644572.36113     
  -104950.000000000        1.31434252273175        1749644585.50634     
  -104940.000000000        1.31398143805563        1749644598.64796     
  -104930.000000000        1.31362044840353        1749644611.78601     
  -104920.000000000        1.31325956142973        1749644624.92055     
  -104910.000000000        1.31289876892697        1749644638.05122     
  -104900.000000000        1.31253807427129        1749644651.17830     
  -104890.000000000        1.31217748040217        1749644664.30189     
  -104880.000000000        1.31181697678403        1749644677.42189     
  -104870.000000000        1.31145657683373        1749644690.53826     
  -104860.000000000        1.31109627702972        1749644703.65099     
  -104850.000000000        1.31073607393773        1749644716.76015     
  -104840.000000000        1.31037596499664        1749644729.86583     
  -104830.000000000        1.31001595652197        1749644742.96769     
  -104820.000000000        1.30965604606899        1749644756.06618     
  -104810.000000000        1.30929622930125        1749644769.16082     
  -104800.000000000        1.30893651553197        1749644782.25190     
  -104790.000000000        1.30857689696131        1749644795.33963     
  -104780.000000000        1.30821737900260        1749644808.42357     
  -104770.000000000        1.30785795161501        1749644821.50384     
  -104760.000000000        1.30749862978701        1749644834.58074     
  -104750.000000000        1.30713939887937        1749644847.65389     
  -104740.000000000        1.30678026803071        1749644860.72343     
  -104730.000000000        1.30642123514554        1749644873.78939     
  -104720.000000000        1.30606229868135        1749644886.85194     
  -104710.000000000        1.30570346262539        1749644899.91076     
  -104700.000000000        1.30534472240834        1749644912.96606     
  -104690.000000000        1.30498607936897        1749644926.01760     
  -104680.000000000        1.30462753036409        1749644939.06568     
  -104670.000000000        1.30426908482332        1749644952.11028     
  -104660.000000000        1.30391073317151        1749644965.15111     
  -104650.000000000        1.30355247852276        1749644978.18836     
  -104640.000000000        1.30319432594115        1749644991.22208     
  -104630.000000000        1.30283626241726        1749645004.25222     
  -104620.000000000        1.30247830122244        1749645017.27885     
  -104610.000000000        1.30212043560459        1749645030.30186     
  -104600.000000000        1.30176266847411        1749645043.32126     
  -104590.000000000        1.30140499706613        1749645056.33718     
  -104580.000000000        1.30104742210824        1749645069.34945     
  -104570.000000000        1.30068994956673        1749645082.35814     
  -104560.000000000        1.30033256721799        1749645095.36321     
  -104550.000000000        1.29997528548120        1749645108.36466     
  -104540.000000000        1.29961810135865        1749645121.36269     
  -104530.000000000        1.29926100969897        1749645134.35708     
  -104520.000000000        1.29890402161982        1749645147.34792     
  -104510.000000000        1.29854712352972        1749645160.33513     
  -104500.000000000        1.29819032890373        1749645173.31889     
  -104490.000000000        1.29783362738090        1749645186.29900     
  -104480.000000000        1.29747702402528        1749645199.27560     
  -104470.000000000        1.29712052116520        1749645212.24857     
  -104460.000000000        1.29676411006949        1749645225.21794     
  -104450.000000000        1.29640779484180        1749645238.18384     
  -104440.000000000        1.29605157879996        1749645251.14607     
  -104430.000000000        1.29569545821869        1749645264.10490     
  -104420.000000000        1.29533943615388        1749645277.06003     
  -104410.000000000        1.29498351024813        1749645290.01166     
  -104400.000000000        1.29462768047233        1749645302.95969     
  -104390.000000000        1.29427194609889        1749645315.90415     
  -104380.000000000        1.29391631283215        1749645328.84507     
  -104370.000000000        1.29356077290140        1749645341.78254     
  -104360.000000000        1.29320532860584        1749645354.71631     
  -104350.000000000        1.29284998265211        1749645367.64653     
  -104340.000000000        1.29249473271193        1749645380.57338     
  -104330.000000000        1.29213958090986        1749645393.49654     
  -104320.000000000        1.29178452072665        1749645406.41599     
  -104310.000000000        1.29142956188298        1749645419.33205     
  -104300.000000000        1.29107469465816        1749645432.24463     
  -104290.000000000        1.29071993089747        1749645445.15369     
  -104280.000000000        1.29036525898846        1749645458.05921     
  -104270.000000000        1.29001068457728        1749645470.96095     
  -104260.000000000        1.28965620714007        1749645483.85939     
  -104250.000000000        1.28930182321346        1749645496.75412     
  -104240.000000000        1.28894753963687        1749645509.64531     
  -104230.000000000        1.28859334700974        1749645522.53298     
  -104220.000000000        1.28823925476172        1749645535.41722     
  -104210.000000000        1.28788525835262        1749645548.29781     
  -104200.000000000        1.28753135955776        1749645561.17491     
  -104190.000000000        1.28717755593243        1749645574.04854     
  -104180.000000000        1.28682384509011        1749645586.91849     
  -104170.000000000        1.28647023212397        1749645599.78501     
  -104160.000000000        1.28611671543331        1749645612.64778     
  -104150.000000000        1.28576330014039        1749645625.50735     
  -104140.000000000        1.28540997402160        1749645638.36312     
  -104130.000000000        1.28505674755434        1749645651.21548     
  -104120.000000000        1.28470361686777        1749645664.06426     
  -104110.000000000        1.28435058117611        1749645676.90950     
  -104100.000000000        1.28399763934431        1749645689.75129     
  -104090.000000000        1.28364479978336        1749645702.58960     
  -104080.000000000        1.28329204756301        1749645715.42420     
  -104070.000000000        1.28293939851574        1749645728.25530     
  -104060.000000000        1.28258684222237        1749645741.08296     
  -104050.000000000        1.28223437862471        1749645753.90701     
  -104040.000000000        1.28188201709418        1749645766.72769     
  -104030.000000000        1.28152975061676        1749645779.54475     
  -104020.000000000        1.28117757837754        1749645792.35823     
  -104010.000000000        1.28082550238469        1749645805.16831     
  -104000.000000000        1.28047352266731        1749645817.97476     
  -103990.000000000        1.28012163811945        1749645830.77774     
  -103980.000000000        1.27976984716952        1749645843.57720     
  -103970.000000000        1.27941815523081        1749645856.37321     
  -103960.000000000        1.27906655851984        1749645869.16553     
  -103950.000000000        1.27871505724033        1749645881.95446     
  -103940.000000000        1.27836365261464        1749645894.73997     
  -103930.000000000        1.27801233937498        1749645907.52169     
  -103920.000000000        1.27766112322570        1749645920.30011     
  -103910.000000000        1.27731000530184        1749645933.07496     
  -103900.000000000        1.27695898208185        1749645945.84628     
  -103890.000000000        1.27660805350752        1749645958.61416     
  -103880.000000000        1.27625722152879        1749645971.37855     
  -103870.000000000        1.27590648550540        1749645984.13927     
  -103860.000000000        1.27555584532092        1749645996.89668     
  -103850.000000000        1.27520529821049        1749646009.65044     
  -103840.000000000        1.27485484845238        1749646022.40066     
  -103830.000000000        1.27450449191383        1749646035.14753     
  -103820.000000000        1.27415423575439        1749646047.89081     
  -103810.000000000        1.27380407066084        1749646060.63054     
  -103800.000000000        1.27345400321065        1749646073.36690     
  -103790.000000000        1.27310402935836        1749646086.09972     
  -103780.000000000        1.27275414881296        1749646098.82889     
  -103770.000000000        1.27240436855936        1749646111.55483     
  -103760.000000000        1.27205467852764        1749646124.27711     
  -103750.000000000        1.27170508797280        1749646136.99579     
  -103740.000000000        1.27135559331509        1749646149.71116     
  -103730.000000000        1.27100619170233        1749646162.42301     
  -103720.000000000        1.27065688496805        1749646175.13134     
  -103710.000000000        1.27030767448014        1749646187.83609     
  -103700.000000000        1.26995855866699        1749646200.53748     
  -103690.000000000        1.26960953997332        1749646213.23525     
  -103680.000000000        1.26926061452832        1749646225.92956     
  -103670.000000000        1.26891178684309        1749646238.62055     
  -103660.000000000        1.26856304716785        1749646251.30780     
  -103650.000000000        1.26821440900676        1749646263.99165     
  -103640.000000000        1.26786586543312        1749646276.67209     
  -103630.000000000        1.26751741627231        1749646289.34898     
  -103620.000000000        1.26716906172805        1749646302.02253     
  -103610.000000000        1.26682080081082        1749646314.69237     
  -103600.000000000        1.26647263730410        1749646327.35884     
  -103590.000000000        1.26612456605653        1749646340.02186     
  -103580.000000000        1.26577658942551        1749646352.68130     
  -103570.000000000        1.26542871282436        1749646365.33746     
  -103560.000000000        1.26508092883159        1749646377.98993     
  -103550.000000000        1.26473323837854        1749646390.63915     
  -103540.000000000        1.26438564603450        1749646403.28460     
  -103530.000000000        1.26403814286459        1749646415.92675     
  -103520.000000000        1.26369074036484        1749646428.56533     
  -103510.000000000        1.26334342712653        1749646441.20047     
  -103500.000000000        1.26299621656653        1749646453.83229     
  -103490.000000000        1.26264909357997        1749646466.46049     
  -103480.000000000        1.26230207024491        1749646479.08522     
  -103470.000000000        1.26195513919811        1749646491.70656     
  -103460.000000000        1.26160829977016        1749646504.32429     
  -103450.000000000        1.26126156238024        1749646516.93871     
  -103440.000000000        1.26091491538682        1749646529.54967     
  -103430.000000000        1.26056836149655        1749646542.15698     
  -103420.000000000        1.26022190426011        1749646554.76100     
  -103410.000000000        1.25987554306630        1749646567.36149     
  -103400.000000000        1.25952927512117        1749646579.95846     
  -103390.000000000        1.25918310019188        1749646592.55204     
  -103380.000000000        1.25883702316787        1749646605.14207     
  -103370.000000000        1.25849103979999        1749646617.72881     
  -103360.000000000        1.25814515075763        1749646630.31203     
  -103350.000000000        1.25779935729224        1749646642.89165     
  -103340.000000000        1.25745365564944        1749646655.46801     
  -103330.000000000        1.25710804964183        1749646668.04071     
  -103320.000000000        1.25676253874553        1749646680.61003     
  -103310.000000000        1.25641712269862        1749646693.17602     
  -103300.000000000        1.25607179873623        1749646705.73847     
  -103290.000000000        1.25572657337761        1749646718.29749     
  -103280.000000000        1.25538144138409        1749646730.85300     
  -103270.000000000        1.25503640205716        1749646743.40505     
  -103260.000000000        1.25469145752140        1749646755.95375     
  -103250.000000000        1.25434660856263        1749646768.49897     
  -103240.000000000        1.25400185177568        1749646781.04057     
  -103230.000000000        1.25365719161346        1749646793.57897     
  -103220.000000000        1.25331262525287        1749646806.11379     
  -103210.000000000        1.25296815409092        1749646818.64521     
  -103200.000000000        1.25262377163745        1749646831.17321     
  -103190.000000000        1.25227948848624        1749646843.69760     
  -103180.000000000        1.25193529986427        1749646856.21872     
  -103170.000000000        1.25159120495664        1749646868.73644     
  -103160.000000000        1.25124720571330        1749646881.25062     
  -103150.000000000        1.25090329811792        1749646893.76130     
  -103140.000000000        1.25055948388763        1749646906.26858     
  -103130.000000000        1.25021576546715        1749646918.77250     
  -103120.000000000        1.24987214323482        1749646931.27290     
  -103110.000000000        1.24952861331985        1749646943.76999     
  -103100.000000000        1.24918517874903        1749646956.26357     
  -103090.000000000        1.24884183440008        1749646968.75358     
  -103080.000000000        1.24849858961534        1749646981.24042     
  -103070.000000000        1.24815543708974        1749646993.72360     
  -103060.000000000        1.24781237563002        1749647006.20344     
  -103050.000000000        1.24746940904879        1749647018.67983     
  -103040.000000000        1.24712654031464        1749647031.15287     
  -103030.000000000        1.24678376503289        1749647043.62244     
  -103020.000000000        1.24644107877975        1749647056.08853     
  -103010.000000000        1.24609849188710        1749647068.55123     
  -103000.000000000        1.24575599640957        1749647081.01059     
  -102990.000000000        1.24541359511204        1749647093.46638     
  -102980.000000000        1.24507128554978        1749647105.91880     
  -102970.000000000        1.24472907450399        1749647118.36775     
  -102960.000000000        1.24438695434947        1749647130.81335     
  -102950.000000000        1.24404493113980        1749647143.25548     
  -102940.000000000        1.24370299861766        1749647155.69418     
  -102930.000000000        1.24336116362247        1749647168.12950     
  -102920.000000000        1.24301941890735        1749647180.56147     
  -102910.000000000        1.24267776749912        1749647192.98986     
  -102900.000000000        1.24233621076564        1749647205.41506     
  -102890.000000000        1.24199475112255        1749647217.83676     
  -102880.000000000        1.24165338027524        1749647230.25490     
  -102870.000000000        1.24131210678024        1749647242.66981     
  -102860.000000000        1.24097092682496        1749647255.08118     
  -102850.000000000        1.24062983953627        1749647267.48908     
  -102840.000000000        1.24028884657309        1749647279.89377     
  -102830.000000000        1.23994794595637        1749647292.29493     
  -102820.000000000        1.23960714007262        1749647304.69263     
  -102810.000000000        1.23926642636070        1749647317.08707     
  -102800.000000000        1.23892581128166        1749647329.47817     
  -102790.000000000        1.23858528590063        1749647341.86561     
  -102780.000000000        1.23824485312798        1749647354.24978     
  -102770.000000000        1.23790451916284        1749647366.63053     
  -102760.000000000        1.23756427282933        1749647379.00783     
  -102750.000000000        1.23722412367351        1749647391.38176     
  -102740.000000000        1.23688406520523        1749647403.75232     
  -102730.000000000        1.23654410339077        1749647416.11952     
  -102720.000000000        1.23620423360262        1749647428.48312     
  -102710.000000000        1.23586446003173        1749647440.84359     
  -102700.000000000        1.23552477589692        1749647453.20045     
  -102690.000000000        1.23518518730998        1749647465.55416     
  -102680.000000000        1.23484569258289        1749647477.90421     
  -102670.000000000        1.23450628991122        1749647490.25093     
  -102660.000000000        1.23416698171059        1749647502.59433     
  -102650.000000000        1.23382776332437        1749647514.93431     
  -102640.000000000        1.23348864360014        1749647527.27086     
  -102630.000000000        1.23314961759024        1749647539.60411     
  -102620.000000000        1.23281068252982        1749647551.93380     
  -102610.000000000        1.23247184231877        1749647564.26035     
  -102600.000000000        1.23213309355197        1749647576.58333     
  -102590.000000000        1.23179443832487        1749647588.90294     
  -102580.000000000        1.23145587666659        1749647601.21916     
  -102570.000000000        1.23111740784952        1749647613.53201     
  -102560.000000000        1.23077903623926        1749647625.84156     
  -102550.000000000        1.23044075444341        1749647638.14766     
  -102540.000000000        1.23010256543057        1749647650.45041     
  -102530.000000000        1.22976447240217        1749647662.74969     
  -102520.000000000        1.22942646895535        1749647675.04561     
  -102510.000000000        1.22908856120193        1749647687.33825     
  -102500.000000000        1.22875074524200        1749647699.62750     
  -102490.000000000        1.22841302584857        1749647711.91320     
  -102480.000000000        1.22807539365022        1749647724.19571     
  -102470.000000000        1.22773786180187        1749647736.47482     
  -102460.000000000        1.22740041834186        1749647748.75046     
  -102450.000000000        1.22706307022600        1749647761.02282     
  -102440.000000000        1.22672581186634        1749647773.29172     
  -102430.000000000        1.22638865100453        1749647785.55737     
  -102420.000000000        1.22605157771613        1749647797.81953     
  -102410.000000000        1.22571460279869        1749647810.07838     
  -102400.000000000        1.22537772014039        1749647822.33374     
  -102390.000000000        1.22504092744202        1749647834.58581     
  -102380.000000000        1.22470423072809        1749647846.83461     
  -102370.000000000        1.22436762691359        1749647859.07997     
  -102360.000000000        1.22403111428139        1749647871.32193     
  -102350.000000000        1.22369469830301        1749647883.56058     
  -102340.000000000        1.22335837333230        1749647895.79578     
  -102330.000000000        1.22302214225056        1749647908.02775     
  -102320.000000000        1.22268599906238        1749647920.25631     
  -102310.000000000        1.22234995220788        1749647932.48143     
  -102300.000000000        1.22201399644837        1749647944.70325     
  -102290.000000000        1.22167813981650        1749647956.92168     
  -102280.000000000        1.22134237055434        1749647969.13686     
  -102270.000000000        1.22100669716019        1749647981.34861     
  -102260.000000000        1.22067111407523        1749647993.55706     
  -102250.000000000        1.22033562554861        1749648005.76197     
  -102240.000000000        1.22000022701104        1749648017.96366     
  -102230.000000000        1.21966492320644        1749648030.16202     
  -102220.000000000        1.21932971201022        1749648042.35694     
  -102210.000000000        1.21899459409178        1749648054.54861     
  -102200.000000000        1.21865957070258        1749648066.73694     
  -102190.000000000        1.21832463785540        1749648078.92182     
  -102180.000000000        1.21798979744199        1749648091.10344     
  -102170.000000000        1.21765505007352        1749648103.28164     
  -102160.000000000        1.21732039609924        1749648115.45651     
  -102150.000000000        1.21698583426769        1749648127.62798     
  -102140.000000000        1.21665136792581        1749648139.79620     
  -102130.000000000        1.21631699154386        1749648151.96100     
  -102120.000000000        1.21598270791583        1749648164.12259     
  -102110.000000000        1.21564851727453        1749648176.28065     
  -102100.000000000        1.21531441732077        1749648188.43551     
  -102090.000000000        1.21498041177983        1749648200.58704     
  -102080.000000000        1.21464650137932        1749648212.73515     
  -102070.000000000        1.21431267922162        1749648224.87987     
  -102060.000000000        1.21397895322298        1749648237.02134     
  -102050.000000000        1.21364531462314        1749648249.15948     
  -102040.000000000        1.21331177256070        1749648261.29436     
  -102030.000000000        1.21297832328128        1749648273.42576     
  -102020.000000000        1.21264496864751        1749648285.55387     
  -102010.000000000        1.21231170272222        1749648297.67871     
  -102000.000000000        1.21197852928890        1749648309.80009     
  -101990.000000000        1.21164544648491        1749648321.91819     
  -101980.000000000        1.21131245937431        1749648334.03301     
  -101970.000000000        1.21097956519225        1749648346.14436     
  -101960.000000000        1.21064676079550        1749648358.25257     
  -101950.000000000        1.21031404921087        1749648370.35739     
  -101940.000000000        1.20998143294128        1749648382.45884     
  -101930.000000000        1.20964890695177        1749648394.55701     
  -101920.000000000        1.20931647380348        1749648406.65184     
  -101910.000000000        1.20898413500981        1749648418.74336     
  -101900.000000000        1.20865188562311        1749648430.83149     
  -101890.000000000        1.20831972773885        1749648442.91636     
  -101880.000000000        1.20798766164808        1749648454.99795     
  -101870.000000000        1.20765569162904        1749648467.07624     
  -101860.000000000        1.20732381218113        1749648479.15100     
  -101850.000000000        1.20699202691321        1749648491.22258     
  -101840.000000000        1.20666033003363        1749648503.29091     
  -101830.000000000        1.20632872774149        1749648515.35581     
  -101820.000000000        1.20599721584585        1749648527.41740     
  -101810.000000000        1.20566579996375        1749648539.47572     
  -101800.000000000        1.20533447514754        1749648551.53079     
  -101790.000000000        1.20500323746819        1749648563.58241     
  -101780.000000000        1.20467209984781        1749648575.63081     
  -101770.000000000        1.20434104820015        1749648587.67582     
  -101760.000000000        1.20401008913177        1749648599.71760     
  -101750.000000000        1.20367922214791        1749648611.75608     
  -101740.000000000        1.20334845109028        1749648623.79126     
  -101730.000000000        1.20301777005079        1749648635.82306     
  -101720.000000000        1.20268718225998        1749648647.85163     
  -101710.000000000        1.20235668279929        1749648659.87680     
  -101700.000000000        1.20202627638355        1749648671.89870     
  -101690.000000000        1.20169596522464        1749648683.91738     
  -101680.000000000        1.20136574510252        1749648695.93263     
  -101670.000000000        1.20103561630822        1749648707.94466     
  -101660.000000000        1.20070557715371        1749648719.95342     
  -101650.000000000        1.20037563162623        1749648731.95883     
  -101640.000000000        1.20004577917280        1749648743.96095     
  -101630.000000000        1.19971601670841        1749648755.95972     
  -101620.000000000        1.19938634685241        1749648767.95518     
  -101610.000000000        1.19905676945928        1749648779.94741     
  -101600.000000000        1.19872728490736        1749648791.93630     
  -101590.000000000        1.19839789019898        1749648803.92190     
  -101580.000000000        1.19806859057280        1749648815.90431     
  -101570.000000000        1.19773937884020        1749648827.88332     
  -101560.000000000        1.19741026210249        1749648839.85902     
  -101550.000000000        1.19708123346209        1749648851.83143     
  -101540.000000000        1.19675230165012        1749648863.80068     
  -101530.000000000        1.19642345685861        1749648875.76655     
  -101520.000000000        1.19609470645082        1749648887.72920     
  -101510.000000000        1.19576604681788        1749648899.68850     
  -101500.000000000        1.19543747804710        1749648911.64450     
  -101490.000000000        1.19510900269961        1749648923.59717     
  -101480.000000000        1.19478061900008        1749648935.54671     
  -101470.000000000        1.19445232843282        1749648947.49284     
  -101460.000000000        1.19412412651582        1749648959.43567     
  -101450.000000000        1.19379601758556        1749648971.37539     
  -101440.000000000        1.19346799710183        1749648983.31156     
  -101430.000000000        1.19314007365028        1749648995.24464     
  -101420.000000000        1.19281223716098        1749649007.17445     
  -101410.000000000        1.19248449429870        1749649019.10079     
  -101400.000000000        1.19215684491792        1749649031.02420     
  -101390.000000000        1.19182928622467        1749649042.94404     
  -101380.000000000        1.19150181536679        1749649054.86075     
  -101370.000000000        1.19117444028961        1749649066.77414     
  -101360.000000000        1.19084715557983        1749649078.68418     
  -101350.000000000        1.19051996408962        1749649090.59106     
  -101340.000000000        1.19019285967806        1749649102.49464     
  -101330.000000000        1.18986585072707        1749649114.39488     
  -101320.000000000        1.18953892940772        1749649126.29201     
  -101310.000000000        1.18921210325789        1749649138.18567     
  -101300.000000000        1.18888536735903        1749649150.07626     
  -101290.000000000        1.18855872043059        1749649161.96330     
  -101280.000000000        1.18823216919554        1749649173.84735     
  -101270.000000000        1.18790570256533        1749649185.72799     
  -101260.000000000        1.18757933616871        1749649197.60542     
  -101250.000000000        1.18725305458065        1749649209.47954     
  -101240.000000000        1.18692686897703        1749649221.35051     
  -101230.000000000        1.18660076888045        1749649233.21810     
  -101220.000000000        1.18627476543770        1749649245.08247     
  -101210.000000000        1.18594885413768        1749649256.94372     
  -101200.000000000        1.18562302709324        1749649268.80148     
  -101190.000000000        1.18529729658621        1749649280.65614     
  -101180.000000000        1.18497165502049        1749649292.50752     
  -101170.000000000        1.18464610519004        1749649304.35548     
  -101160.000000000        1.18432064875378        1749649316.20038     
  -101150.000000000        1.18399528128793        1749649328.04191     
  -101140.000000000        1.18367000648868        1749649339.88024     
  -101130.000000000        1.18334482249338        1749649351.71539     
  -101120.000000000        1.18301972636255        1749649363.54728     
  -101110.000000000        1.18269472618704        1749649375.37573     
  -101100.000000000        1.18236981472000        1749649387.20106     
  -101090.000000000        1.18204499344574        1749649399.02319     
  -101080.000000000        1.18172026445973        1749649410.84189     
  -101070.000000000        1.18139562639408        1749649422.65759     
  -101060.000000000        1.18107108012191        1749649434.46986     
  -101050.000000000        1.18074662372237        1749649446.27906     
  -101040.000000000        1.18042225987301        1749649458.08484     
  -101030.000000000        1.18009798577987        1749649469.88744     
  -101020.000000000        1.17977380155935        1749649481.68678     
  -101010.000000000        1.17944970887038        1749649493.48294     
  -101000.000000000        1.17912570643239        1749649505.27577     
  -100990.000000000        1.17880179625354        1749649517.06546     
  -100980.000000000        1.17847797760624        1749649528.85187     
  -100970.000000000        1.17815425098524        1749649540.63494     
  -100960.000000000        1.17783061027876        1749649552.41493     
  -100950.000000000        1.17750706581865        1749649564.19167     
  -100940.000000000        1.17718360983417        1749649575.96511     
  -100930.000000000        1.17686024357681        1749649587.73530     
  -100920.000000000        1.17653696975322        1749649599.50220     
  -100910.000000000        1.17621378708282        1749649611.26603     
  -100900.000000000        1.17589069102542        1749649623.02649     
  -100890.000000000        1.17556769272778        1749649634.78385     
  -100880.000000000        1.17524477961706        1749649646.53787     
  -100870.000000000        1.17492195937666        1749649658.28875     
  -100860.000000000        1.17459922889248        1749649670.03629     
  -100850.000000000        1.17427659066743        1749649681.78075     
  -100840.000000000        1.17395404312992        1749649693.52185     
  -100830.000000000        1.17363158240914        1749649705.25970     
  -100820.000000000        1.17330921627581        1749649716.99447     
  -100810.000000000        1.17298693759949        1749649728.72599     
  -100800.000000000        1.17266475385986        1749649740.45416     
  -100790.000000000        1.17234265664592        1749649752.17924     
  -100780.000000000        1.17202065180754        1749649763.90100     
  -100770.000000000        1.17169873684179        1749649775.61967     
  -100760.000000000        1.17137691381504        1749649787.33505     
  -100750.000000000        1.17105517978780        1749649799.04719     
  -100740.000000000        1.17073353746673        1749649810.75619     
  -100730.000000000        1.17041198341758        1749649822.46194     
  -100720.000000000        1.17009052279172        1749649834.16433     
  -100710.000000000        1.16976915032137        1749649845.86367     
  -100700.000000000        1.16944786810200        1749649857.55978     
  -100690.000000000        1.16912667927681        1749649869.25269     
  -100680.000000000        1.16880557968398        1749649880.94220     
  -100670.000000000        1.16848456856678        1749649892.62882     
  -100660.000000000        1.16816365119303        1749649904.31207     
  -100650.000000000        1.16784281824948        1749649915.99202     
  -100640.000000000        1.16752208257094        1749649927.66889     
  -100630.000000000        1.16720143269049        1749649939.34248     
  -100620.000000000        1.16688087463262        1749649951.01293     
  -100610.000000000        1.16656040615635        1749649962.68009     
  -100600.000000000        1.16624003005563        1749649974.34406     
  -100590.000000000        1.16591973963659        1749649986.00491     
  -100580.000000000        1.16559954234981        1749649997.66242     
  -100570.000000000        1.16527943548863        1749650009.31692     
  -100560.000000000        1.16495941963512        1749650020.96816     
  -100550.000000000        1.16463949071476        1749650032.61604     
  -100540.000000000        1.16431965338415        1749650044.26088     
  -100530.000000000        1.16399990397622        1749650055.90242     
  -100520.000000000        1.16368024976691        1749650067.54097     
  -100510.000000000        1.16336068196688        1749650079.17610     
  -100500.000000000        1.16304120590212        1749650090.80803     
  -100490.000000000        1.16272182160174        1749650102.43697     
  -100480.000000000        1.16240252490388        1749650114.06251     
  -100470.000000000        1.16208331906819        1749650125.68495     
  -100460.000000000        1.16176419859403        1749650137.30415     
  -100450.000000000        1.16144517328939        1749650148.92024     
  -100440.000000000        1.16112623701338        1749650160.53299     
  -100430.000000000        1.16080739232711        1749650172.14282     
  -100420.000000000        1.16048863407923        1749650183.74921     
  -100410.000000000        1.16016996797407        1749650195.35254     
  -100400.000000000        1.15985138883116        1749650206.95268     
  -100390.000000000        1.15953290325706        1749650218.54954     
  -100380.000000000        1.15921450394671        1749650230.14329     
  -100370.000000000        1.15889619835070        1749650241.73384     
  -100360.000000000        1.15857798251091        1749650253.32120     
  -100350.000000000        1.15825985209085        1749650264.90537     
  -100340.000000000        1.15794181733509        1749650276.48649     
  -100330.000000000        1.15762386604911        1749650288.06430     
  -100320.000000000        1.15730600952520        1749650299.63894     
  -100310.000000000        1.15698823943967        1749650311.21043     
  -100300.000000000        1.15667055975064        1749650322.77868     
  -100290.000000000        1.15635297022527        1749650334.34379     
  -100280.000000000        1.15603547269711        1749650345.90575     
  -100270.000000000        1.15571805895888        1749650357.46449     
  -100260.000000000        1.15540074088494        1749650369.02008     
  -100250.000000000        1.15508350840537        1749650380.57248     
  -100240.000000000        1.15476636734093        1749650392.12177     
  -100230.000000000        1.15444931774982        1749650403.66786     
  -100220.000000000        1.15413235200685        1749650415.21067     
  -100210.000000000        1.15381548024016        1749650426.75042     
  -100200.000000000        1.15349869427155        1749650438.28706     
  -100190.000000000        1.15318200187176        1749650449.82051     
  -100180.000000000        1.15286539704539        1749650461.35060     
  -100170.000000000        1.15254888261552        1749650472.87771     
  -100160.000000000        1.15223245960078        1749650484.40168     
  -100150.000000000        1.15191612215131        1749650495.92247     
  -100140.000000000        1.15159987410880        1749650507.44005     
  -100130.000000000        1.15128371899482        1749650518.95445     
  -100120.000000000        1.15096765183262        1749650530.46573     
  -100110.000000000        1.15065166921704        1749650541.97373     
  -100100.000000000        1.15033578171278        1749650553.47865     
  -100090.000000000        1.15001998198568        1749650564.98033     
  -100080.000000000        1.14970427073422        1749650576.47910     
  -100070.000000000        1.14938865110162        1749650587.97458     
  -100060.000000000        1.14907311199931        1749650599.46685     
  -100050.000000000        1.14875767150079        1749650610.95603     
  -100040.000000000        1.14844231848838        1749650622.44208     
  -100030.000000000        1.14812705150689        1749650633.92488     
  -100020.000000000        1.14781187387416        1749650645.40452     
  -100010.000000000        1.14749679141096        1749650656.88114     
  -100000.000000000        1.14718179355259        1749650668.35458     
  -99990.0000000000        1.14686688504298        1749650679.82467     
  -99980.0000000000        1.14655206634779        1749650691.29194     
  -99970.0000000000        1.14623733467306        1749650702.75573     
  -99960.0000000000        1.14592269514105        1749650714.21657     
  -99950.0000000000        1.14560814082506        1749650725.67435     
  -99940.0000000000        1.14529367847717        1749650737.12874     
  -99930.0000000000        1.14497930309153        1749650748.58001     
  -99920.0000000000        1.14466501949937        1749650760.02839     
  -99910.0000000000        1.14435082455748        1749650771.47339     
  -99900.0000000000        1.14403671596665        1749650782.91537     
  -99890.0000000000        1.14372269602609        1749650794.35415     
  -99880.0000000000        1.14340876459028        1749650805.78978     
  -99870.0000000000        1.14309492686880        1749650817.22232     
  -99860.0000000000        1.14278117142385        1749650828.65175     
  -99850.0000000000        1.14246750966413        1749650840.07790     
  -99840.0000000000        1.14215393457562        1749650851.50104     
  -99830.0000000000        1.14184044956346        1749650862.92111     
  -99820.0000000000        1.14152704988373        1749650874.33778     
  -99810.0000000000        1.14121374412207        1749650885.75160     
  -99800.0000000000        1.14090052549727        1749650897.16220     
  -99790.0000000000        1.14058739534812        1749650908.56960     
  -99780.0000000000        1.14027435021126        1749650919.97380     
  -99770.0000000000        1.13996139596566        1749650931.37515     
  -99760.0000000000        1.13964853435755        1749650942.77311     
  -99750.0000000000        1.13933575327974        1749650954.16807     
  -99740.0000000000        1.13902306716773        1749650965.55986     
  -99730.0000000000        1.13871046729037        1749650976.94856     
  -99720.0000000000        1.13839795879903        1749650988.33410     
  -99710.0000000000        1.13808553450508        1749650999.71648     
  -99700.0000000000        1.13777320191730        1749651011.09575     
  -99690.0000000000        1.13746095530223        1749651022.47186     
  -99680.0000000000        1.13714879908366        1749651033.84499     
  -99670.0000000000        1.13683673183550        1749651045.21498     
  -99660.0000000000        1.13652475108393        1749651056.58175     
  -99650.0000000000        1.13621285872068        1749651067.94542     
  -99640.0000000000        1.13590105590993        1749651079.30598     
  -99630.0000000000        1.13558933979948        1749651090.66345     
  -99620.0000000000        1.13527771289228        1749651102.01776     
  -99610.0000000000        1.13496617480996        1749651113.36890     
  -99600.0000000000        1.13465472383541        1749651124.71697     
  -99590.0000000000        1.13434336188948        1749651136.06208     
  -99580.0000000000        1.13403209036915        1749651147.40387     
  -99570.0000000000        1.13372090397752        1749651158.74268     
  -99560.0000000000        1.13340980571229        1749651170.07838     
  -99550.0000000000        1.13309879906592        1749651181.41098     
  -99540.0000000000        1.13278787565650        1749651192.74033     
  -99530.0000000000        1.13247704424430        1749651204.06667     
  -99520.0000000000        1.13216630127863        1749651215.38995     
  -99510.0000000000        1.13185564184096        1749651226.70996     
  -99500.0000000000        1.13154507635045        1749651238.02706     
  -99490.0000000000        1.13123459424241        1749651249.34089     
  -99480.0000000000        1.13092420314206        1749651260.65172     
  -99470.0000000000        1.13061389737413        1749651271.95930     
  -99460.0000000000        1.13030367897591        1749651283.26389     
  -99450.0000000000        1.12999355493230        1749651294.56543     
  -99440.0000000000        1.12968351074960        1749651305.86380     
  -99430.0000000000        1.12937355588656        1749651317.15912     
  -99420.0000000000        1.12906369223492        1749651328.45128     
  -99410.0000000000        1.12875391656416        1749651339.74031     
  -99400.0000000000        1.12844422768103        1749651351.02633     
  -99390.0000000000        1.12813462669146        1749651362.30922     
  -99380.0000000000        1.12782511441037        1749651373.58908     
  -99370.0000000000        1.12751568944077        1749651384.86575     
  -99360.0000000000        1.12720635024016        1749651396.13935     
  -99350.0000000000        1.12689710047562        1749651407.40990     
  -99340.0000000000        1.12658793851733        1749651418.67736     
  -99330.0000000000        1.12627886034898        1749651429.94166     
  -99320.0000000000        1.12596987601137        1749651441.20290     
  -99310.0000000000        1.12566097750096        1749651452.46111     
  -99300.0000000000        1.12535216257675        1749651463.71612     
  -99290.0000000000        1.12504343895125        1749651474.96816     
  -99280.0000000000        1.12473480321933        1749651486.21698     
  -99270.0000000000        1.12442625436233        1749651497.46270     
  -99260.0000000000        1.12411779336981        1749651508.70566     
  -99250.0000000000        1.12380941968877        1749651519.94521     
  -99240.0000000000        1.12350113270804        1749651531.18176     
  -99230.0000000000        1.12319293254404        1749651542.41514     
  -99220.0000000000        1.12288481986616        1749651553.64554     
  -99210.0000000000        1.12257679551840        1749651564.87285     
  -99200.0000000000        1.12226885886048        1749651576.09718     
  -99190.0000000000        1.12196100785513        1749651587.31827     
  -99180.0000000000        1.12165324957459        1749651598.53623     
  -99170.0000000000        1.12134557342506        1749651609.75133     
  -99160.0000000000        1.12103798447060        1749651620.96320     
  -99150.0000000000        1.12073048742604        1749651632.17214     
  -99140.0000000000        1.12042307318188        1749651643.37787     
  -99130.0000000000        1.12011574549251        1749651654.58057     
  -99120.0000000000        1.11980850948021        1749651665.78018     
  -99110.0000000000        1.11950135658844        1749651676.97677     
  -99100.0000000000        1.11919429246336        1749651688.17024     
  -99090.0000000000        1.11888731701765        1749651699.36061     
  -99080.0000000000        1.11858042760286        1749651710.54793     
  -99070.0000000000        1.11827362215263        1749651721.73212     
  -99060.0000000000        1.11796690587653        1749651732.91342     
  -99050.0000000000        1.11766027868725        1749651744.09152     
  -99040.0000000000        1.11735373880947        1749651755.26663     
  -99030.0000000000        1.11704728213954        1749651766.43863     
  -99020.0000000000        1.11674091752502        1749651777.60755     
  -99010.0000000000        1.11643463608925        1749651788.77350     
  -99000.0000000000        1.11612844065530        1749651799.93632     
  -98990.0000000000        1.11582233489025        1749651811.09599     
  -98980.0000000000        1.11551631262410        1749651822.25271     
  -98970.0000000000        1.11521038209321        1749651833.40634     
  -98960.0000000000        1.11490453555598        1749651844.55701     
  -98950.0000000000        1.11459877484594        1749651855.70442     
  -98940.0000000000        1.11429310316453        1749651866.84890     
  -98930.0000000000        1.11398751664092        1749651877.99035     
  -98920.0000000000        1.11368201789446        1749651889.12861     
  -98910.0000000000        1.11337660570280        1749651900.26395     
  -98900.0000000000        1.11307128035696        1749651911.39611     
  -98890.0000000000        1.11276604171144        1749651922.52531     
  -98880.0000000000        1.11246088787448        1749651933.65141     
  -98870.0000000000        1.11215582242585        1749651944.77464     
  -98860.0000000000        1.11185084376484        1749651955.89469     
  -98850.0000000000        1.11154594959226        1749651967.01166     
  -98840.0000000000        1.11124114628183        1749651978.12551     
  -98830.0000000000        1.11093642844935        1749651989.23640     
  -98820.0000000000        1.11063179420307        1749652000.34429     
  -98810.0000000000        1.11032724881079        1749652011.44917     
  -98800.0000000000        1.11002278761589        1749652022.55081     
  -98790.0000000000        1.10971841539140        1749652033.64952     
  -98780.0000000000        1.10941412652028        1749652044.74512     
  -98770.0000000000        1.10910992717254        1749652055.83776     
  -98760.0000000000        1.10880581205129        1749652066.92743     
  -98750.0000000000        1.10850178534747        1749652078.01398     
  -98740.0000000000        1.10819784502382        1749652089.09747     
  -98730.0000000000        1.10789398796624        1749652100.17786     
  -98720.0000000000        1.10759021923877        1749652111.25529     
  -98710.0000000000        1.10728653470869        1749652122.32964     
  -98700.0000000000        1.10698294057511        1749652133.40105     
  -98690.0000000000        1.10667942979489        1749652144.46929     
  -98680.0000000000        1.10637600743212        1749652155.53461     
  -98670.0000000000        1.10607266827719        1749652166.59690     
  -98660.0000000000        1.10576941719046        1749652177.65606     
  -98650.0000000000        1.10546624922426        1749652188.71226     
  -98640.0000000000        1.10516317086876        1749652199.76539     
  -98630.0000000000        1.10486017708899        1749652210.81546     
  -98620.0000000000        1.10455727213412        1749652221.86252     
  -98610.0000000000        1.10425444826251        1749652232.90664     
  -98600.0000000000        1.10395171522396        1749652243.94763     
  -98590.0000000000        1.10364906425821        1749652254.98566     
  -98580.0000000000        1.10334650130244        1749652266.02060     
  -98570.0000000000        1.10304402647307        1749652277.05268     
  -98560.0000000000        1.10274163470604        1749652288.08157     
  -98550.0000000000        1.10243932725280        1749652299.10749     
  -98540.0000000000        1.10213710684911        1749652310.13036     
  -98530.0000000000        1.10183497349499        1749652321.15020     
  -98520.0000000000        1.10153292701580        1749652332.16699     
  -98510.0000000000        1.10123096313328        1749652343.18084     
  -98500.0000000000        1.10092908632942        1749652354.19161     
  -98490.0000000000        1.10062729482888        1749652365.19942     
  -98480.0000000000        1.10032559020328        1749652376.20427     
  -98470.0000000000        1.10002397128846        1749652387.20597     
  -98460.0000000000        1.09972243409720        1749652398.20469     
  -98450.0000000000        1.09942098689498        1749652409.20037     
  -98440.0000000000        1.09911962682963        1749652420.19309     
  -98430.0000000000        1.09881834802218        1749652431.18276     
  -98420.0000000000        1.09851715675904        1749652442.16947     
  -98410.0000000000        1.09821604972240        1749652453.15312     
  -98400.0000000000        1.09791503229644        1749652464.13382     
  -98390.0000000000        1.09761409548810        1749652475.11146     
  -98380.0000000000        1.09731324616587        1749652486.08603     
  -98370.0000000000        1.09701248264173        1749652497.05770     
  -98360.0000000000        1.09671180267469        1749652508.02631     
  -98350.0000000000        1.09641121127061        1749652518.99189     
  -98340.0000000000        1.09611070304527        1749652529.95453     
  -98330.0000000000        1.09581028090906        1749652540.91409     
  -98320.0000000000        1.09550994186429        1749652551.87071     
  -98310.0000000000        1.09520969103323        1749652562.82437     
  -98300.0000000000        1.09490952434135        1749652573.77493     
  -98290.0000000000        1.09460944376769        1749652584.72247     
  -98280.0000000000        1.09430944826454        1749652595.66720     
  -98270.0000000000        1.09400953623117        1749652606.60869     
  -98260.0000000000        1.09370971177123        1749652617.54730     
  -98250.0000000000        1.09340997016989        1749652628.48295     
  -98240.0000000000        1.09311031506513        1749652639.41544     
  -98230.0000000000        1.09281074628234        1749652650.34509     
  -98220.0000000000        1.09251125922310        1749652661.27167     
  -98210.0000000000        1.09221185819479        1749652672.19534     
  -98200.0000000000        1.09191254575853        1749652683.11604     
  -98190.0000000000        1.09161331414361        1749652694.03356     
  -98180.0000000000        1.09131416966557        1749652704.94821     
  -98170.0000000000        1.09101510833716        1749652715.85987     
  -98160.0000000000        1.09071613190463        1749652726.76849     
  -98150.0000000000        1.09041724252165        1749652737.67427     
  -98140.0000000000        1.09011843809276        1749652748.57688     
  -98130.0000000000        1.08981971742469        1749652759.47658     
  -98120.0000000000        1.08952108133235        1749652770.37329     
  -98110.0000000000        1.08922253182391        1749652781.26700     
  -98100.0000000000        1.08892406395171        1749652792.15778     
  -98090.0000000000        1.08862568397308        1749652803.04549     
  -98080.0000000000        1.08832738699857        1749652813.93028     
  -98070.0000000000        1.08802917334833        1749652824.81202     
  -98060.0000000000        1.08773104666034        1749652835.69079     
  -98050.0000000000        1.08743300338392        1749652846.56666     
