  -102450.000000000        1.22706272248615       -280822993.764835     
  -102440.000000000        1.22672546644026       -280822981.495913     
  -102430.000000000        1.22638830345386       -280822969.230335     
  -102420.000000000        1.22605123367248       -280822956.968129     
  -102410.000000000        1.22571425721981       -280822944.709314     
  -102400.000000000        1.22537737413222       -280822932.453844     
  -102390.000000000        1.22504058403138       -280822920.201754     
  -102380.000000000        1.22470388690999       -280822907.953029     
  -102370.000000000        1.22436728243338       -280822895.707675     
  -102360.000000000        1.22403077210038       -280822883.465691     
  -102350.000000000        1.22369435425935       -280822871.227069     
  -102340.000000000        1.22335802943417       -280822858.991808     
  -102330.000000000        1.22302179782855       -280822846.759915     
  -102320.000000000        1.22268565966078       -280822834.531374     
  -102310.000000000        1.22234961434879       -280822822.306206     
  -102300.000000000        1.22201366165973       -280822810.084380     
  -102290.000000000        1.22167780242307       -280822797.865902     
  -102280.000000000        1.22134203538008       -280822785.650817     
  -102270.000000000        1.22100636174582       -280822773.439082     
  -102260.000000000        1.22067078152759       -280822761.230666     
  -102250.000000000        1.22033529405599       -280822749.025664     
  -102240.000000000        1.21999989925098       -280822736.823965     
  -102230.000000000        1.21966459752730       -280822724.625664     
  -102220.000000000        1.21932938908139       -280822712.430694     
  -102210.000000000        1.21899427269091       -280822700.239058     
  -102200.000000000        1.21865924955637       -280822688.050824     
  -102190.000000000        1.21832431970688       -280822675.865885     
  -102180.000000000        1.21798948241485       -280822663.684309     
  -102170.000000000        1.21765473741834       -280822651.506094     
  -102160.000000000        1.21732008551771       -280822639.331228     
  -102150.000000000        1.21698552657472       -280822627.159707     
  -102140.000000000        1.21665106057480       -280822614.991503     
  -102130.000000000        1.21631668688497       -280822602.826683     
  -102120.000000000        1.21598240627645       -280822590.665173     
  -102110.000000000        1.21564821827633       -280822578.507021     
  -102100.000000000        1.21531412312470       -280822566.352226     
  -102090.000000000        1.21498012033408       -280822554.200743     
  -102080.000000000        1.21464621053019       -280822542.052611     
  -102070.000000000        1.21431239381491       -280822529.907814     
  -102060.000000000        1.21397866917687       -280822517.766373     
  -102050.000000000        1.21364503676887       -280822505.628253     
  -102040.000000000        1.21331149781327       -280822493.493454     
  -102030.000000000        1.21297805096401       -280822481.362014     
  -102020.000000000        1.21264469657035       -280822469.233901     
  -102010.000000000        1.21231143493060       -280822457.109116     
  -102000.000000000        1.21197826608113       -280822444.987654     
  -101990.000000000        1.21164519019658       -280822432.869559     
  -101980.000000000        1.21131220582902       -280822420.754759     
  -101970.000000000        1.21097931471013       -280822408.643309     
  -101960.000000000        1.21064651550114       -280822396.535193     
  -101950.000000000        1.21031380913337       -280822384.430385     
  -101940.000000000        1.20998119470460       -280822372.328910     
  -101930.000000000        1.20964867380098       -280822360.230769     
  -101920.000000000        1.20931624469813       -280822348.135919     
  -101910.000000000        1.20898390784714       -280822336.044431     
  -101900.000000000        1.20865166369185       -280822323.956245     
  -101890.000000000        1.20831951213768       -280822311.871393     
  -101880.000000000        1.20798745251523       -280822299.789870     
  -101870.000000000        1.20765548508643       -280822287.711674     
  -101860.000000000        1.20732361025875       -280822275.636732     
  -101850.000000000        1.20699182751559       -280822263.565158     
  -101840.000000000        1.20666013793380       -280822251.496918     
  -101830.000000000        1.20632853986899       -280822239.431967     
  -101820.000000000        1.20599703383778       -280822227.370343     
  -101810.000000000        1.20566562042222       -280822215.312024     
  -101800.000000000        1.20533429951320       -280822203.257024     
  -101790.000000000        1.20500307087786       -280822191.205347     
  -101780.000000000        1.20467193383229       -280822179.156955     
  -101770.000000000        1.20434088948969       -280822167.111904     
  -101760.000000000        1.20400993731892       -280822155.070148     
  -101750.000000000        1.20367907742911       -280822143.031708     
  -101740.000000000        1.20334830925276       -280822130.996546     
  -101730.000000000        1.20301763324096       -280822118.964749     
  -101720.000000000        1.20268704892078       -280822106.936212     
  -101710.000000000        1.20235655791475       -280822094.910999     
  -101700.000000000        1.20202615862945       -280822082.889088     
  -101690.000000000        1.20169585059921       -280822070.870490     
  -101680.000000000        1.20136563501001       -280822058.855159     
  -101670.000000000        1.20103551151988       -280822046.843159     
  -101660.000000000        1.20070547996147       -280822034.834467     
  -101650.000000000        1.20037554069131       -280822022.829060     
  -101640.000000000        1.20004569325829       -280822010.826939     
  -101630.000000000        1.19971593793889       -280821998.828133     
  -101620.000000000        1.19938627425290       -280821986.832632     
  -101610.000000000        1.19905670310982       -280821974.840398     
  -101600.000000000        1.19872722307628       -280821962.851502     
  -101590.000000000        1.19839783532370       -280821950.865866     
  -101580.000000000        1.19806853941554       -280821938.883522     
  -101570.000000000        1.19773933561373       -280821926.904503     
  -101560.000000000        1.19741022343078       -280821914.928756     
  -101550.000000000        1.19708120349969       -280821902.956274     
  -101540.000000000        1.19675227469997       -280821890.987116     
  -101530.000000000        1.19642343769374       -280821879.021250     
  -101520.000000000        1.19609469330317       -280821867.058663     
  -101510.000000000        1.19576604018221       -280821855.099329     
  -101500.000000000        1.19543747861462       -280821843.143317     
  -101490.000000000        1.19510900863679       -280821831.190604     
  -101480.000000000        1.19478063055431       -280821819.241156     
  -101470.000000000        1.19445234409795       -280821807.294987     
  -101460.000000000        1.19412415004626       -280821795.352099     
  -101450.000000000        1.19379604675487       -280821783.412493     
  -101440.000000000        1.19346803634835       -280821771.476160     
  -101430.000000000        1.19314011615643       -280821759.543136     
  -101420.000000000        1.19281228865293       -280821747.613385     
  -101410.000000000        1.19248455243360       -280821735.686902     
  -101400.000000000        1.19215690689452       -280821723.763699     
  -101390.000000000        1.19182935409481       -280821711.843761     
  -101380.000000000        1.19150189238280       -280821699.927103     
  -101370.000000000        1.19117452264618       -280821688.013712     
  -101360.000000000        1.19084724428831       -280821676.103593     
  -101350.000000000        1.19052005663980       -280821664.196765     
  -101340.000000000        1.19019296165789       -280821652.293189     
  -101330.000000000        1.18986595713068       -280821640.392906     
  -101320.000000000        1.18953904418595       -280821628.495907     
  -101310.000000000        1.18921222283097       -280821616.602144     
  -101300.000000000        1.18888549316034       -280821604.711629     
  -101290.000000000        1.18855885472294       -280821592.824420     
  -101280.000000000        1.18823230754060       -280821580.940470     
  -101270.000000000        1.18790585264651       -280821569.059794     
  -101260.000000000        1.18757948809798       -280821557.182349     
  -101250.000000000        1.18725321506645       -280821545.308165     
  -101240.000000000        1.18692703274428       -280821533.437292     
  -101230.000000000        1.18660094333609       -280821521.569657     
  -101220.000000000        1.18627494389511       -280821509.705247     
  -101210.000000000        1.18594903576741       -280821497.844161     
  -101200.000000000        1.18562321962963       -280821485.986296     
  -101190.000000000        1.18529749428853       -280821474.131689     
  -101180.000000000        1.18497186034801       -280821462.280346     
  -101170.000000000        1.18464631720417       -280821450.432243     
  -101160.000000000        1.18432086511166       -280821438.587418     
  -101150.000000000        1.18399550478352       -280821426.745834     
  -101140.000000000        1.18367023555038       -280821414.907481     
  -101130.000000000        1.18334505692474       -280821403.072429     
  -101120.000000000        1.18301996941591       -280821391.240580     
  -101110.000000000        1.18269497319125       -280821379.412032     
  -101100.000000000        1.18237006835261       -280821367.586672     
  -101090.000000000        1.18204525484180       -280821355.764630     
  -101080.000000000        1.18172053180751       -280821343.945791     
  -101070.000000000        1.18139589954080       -280821332.130208     
  -101060.000000000        1.18107135876926       -280821320.317875     
  -101050.000000000        1.18074690856156       -280821308.508767     
  -101040.000000000        1.18042255004548       -280821296.702921     
  -101030.000000000        1.18009828193317       -280821284.900329     
  -101020.000000000        1.17977410458843       -280821273.100981     
  -101010.000000000        1.17945001878979       -280821261.304866     
  -101000.000000000        1.17912602324941       -280821249.511960     
  -100990.000000000        1.17880211849115       -280821237.722326     
  -100980.000000000        1.17847830569372       -280821225.935923     
  -100970.000000000        1.17815458260156       -280821214.152767     
  -100960.000000000        1.17783095076447       -280821202.372831     
  -100950.000000000        1.17750740939664       -280821190.596159     
  -100940.000000000        1.17718395905104       -280821178.822692     
  -100930.000000000        1.17686059948755       -280821167.052472     
  -100920.000000000        1.17653733153566       -280821155.285453     
  -100910.000000000        1.17621415266331       -280821143.521721     
  -100900.000000000        1.17589106615196       -280821131.761180     
  -100890.000000000        1.17556806932407       -280821120.003886     
  -100880.000000000        1.17524516335834       -280821108.249816     
  -100870.000000000        1.17492234797828       -280821096.498990     
  -100860.000000000        1.17459962351859       -280821084.751369     
  -100850.000000000        1.17427698921529       -280821073.007002     
  -100840.000000000        1.17395444632712       -280821061.265844     
  -100830.000000000        1.17363199342071       -280821049.527912     
  -100820.000000000        1.17330963100540       -280821037.793218     
  -100810.000000000        1.17298736008524       -280821026.061714     
  -100800.000000000        1.17266517844109       -280821014.333456     
  -100790.000000000        1.17234308788466       -280821002.608422     
  -100780.000000000        1.17202108768834       -280820990.886588     
  -100770.000000000        1.17169917779393       -280820979.167973     
  -100760.000000000        1.17137735914002       -280820967.452626     
  -100750.000000000        1.17105563054065       -280820955.740440     
  -100740.000000000        1.17073399185028       -280820944.031519     
  -100730.000000000        1.17041244434949       -280820932.325785     
  -100720.000000000        1.17009098663402       -280820920.623244     
  -100710.000000000        1.16976961964974       -280820908.923935     
  -100700.000000000        1.16944834310561       -280820897.227847     
  -100690.000000000        1.16912715665967       -280820885.534980     
  -100680.000000000        1.16880606079940       -280820873.845304     
  -100670.000000000        1.16848505441158       -280820862.158846     
  -100660.000000000        1.16816413924244       -280820850.475614     
  -100650.000000000        1.16784331389499       -280820838.795570     
  -100640.000000000        1.16752257879853       -280820827.118747     
  -100630.000000000        1.16720193427318       -280820815.445116     
  -100620.000000000        1.16688137975871       -280820803.774706     
  -100610.000000000        1.16656091540062       -280820792.107511     
  -100600.000000000        1.16624054111890       -280820780.443478     
  -100590.000000000        1.16592025749560       -280820768.782688     
  -100580.000000000        1.16560006347572       -280820757.125064     
  -100570.000000000        1.16527995935030       -280820745.470698     
  -100560.000000000        1.16495994598517       -280820733.819491     
  -100550.000000000        1.16464002233261       -280820722.171481     
  -100540.000000000        1.16432018871274       -280820710.526686     
  -100530.000000000        1.16400044548209       -280820698.885077     
  -100520.000000000        1.16368079141830       -280820687.246679     
  -100510.000000000        1.16336122812936       -280820675.611456     
  -100500.000000000        1.16304175479308       -280820663.979443     
  -100490.000000000        1.16272237087833       -280820652.350624     
  -100480.000000000        1.16240307703993       -280820640.724998     
  -100470.000000000        1.16208387351799       -280820629.102573     
  -100460.000000000        1.16176475975954       -280820617.483308     
  -100450.000000000        1.16144573625206       -280820605.867281     
  -100440.000000000        1.16112680202787       -280820594.254397     
  -100430.000000000        1.16080795729067       -280820582.644740     
  -100420.000000000        1.16048920345202       -280820571.038255     
  -100410.000000000        1.16017053906398       -280820559.434955     
  -100400.000000000        1.15985196443216       -280820547.834823     
  -100390.000000000        1.15953347860341       -280820536.237895     
  -100380.000000000        1.15921508360043       -280820524.644144     
  -100370.000000000        1.15889677821542       -280820513.053598     
  -100360.000000000        1.15857856217190       -280820501.466221     
  -100350.000000000        1.15826043642301       -280820489.882003     
  -100340.000000000        1.15794239965180       -280820478.301020     
  -100330.000000000        1.15762445289874       -280820466.723176     
  -100320.000000000        1.15730659577821       -280820455.148522     
  -100310.000000000        1.15698882845754       -280820443.577046     
  -100300.000000000        1.15667115066026       -280820432.008774     
  -100290.000000000        1.15635356224811       -280820420.443623     
  -100280.000000000        1.15603606329387       -280820408.881670     
  -100270.000000000        1.15571865468519       -280820397.322898     
  -100260.000000000        1.15540133436298       -280820385.767299     
  -100250.000000000        1.15508410454640       -280820374.214892     
  -100240.000000000        1.15476696354017       -280820362.665642     
  -100230.000000000        1.15444991171535       -280820351.119542     
  -100220.000000000        1.15413295043982       -280820339.576611     
  -100210.000000000        1.15381607793825       -280820328.036890     
  -100200.000000000        1.15349929493095       -280820316.500295     
  -100190.000000000        1.15318260162894       -280820304.966888     
  -100180.000000000        1.15286599731189       -280820293.436636     
  -100170.000000000        1.15254948222719       -280820281.909589     
  -100160.000000000        1.15223305662948       -280820270.385657     
  -100150.000000000        1.15191671983484       -280820258.864926     
  -100140.000000000        1.15160047340760       -280820247.347323     
  -100130.000000000        1.15128431512858       -280820235.832923     
  -100120.000000000        1.15096824704960       -280820224.321657     
  -100110.000000000        1.15065226773731       -280820212.813544     
  -100100.000000000        1.15033637762826       -280820201.308594     
  -100090.000000000        1.15002057699166       -280820189.806797     
  -100080.000000000        1.14970486523816       -280820178.308183     
  -100070.000000000        1.14938924205489       -280820166.812730     
  -100060.000000000        1.14907370969740       -280820155.320379     
  -100050.000000000        1.14875826482603       -280820143.831234     
  -100040.000000000        1.14844290894689       -280820132.345237     
  -100030.000000000        1.14812764298404       -280820120.862374     
  -100020.000000000        1.14781246617349       -280820109.382665     
  -100010.000000000        1.14749737785314       -280820097.906128     
  -100000.000000000        1.14718237861234       -280820086.432728     
  -99990.0000000000        1.14686746904772       -280820074.962481     
  -99980.0000000000        1.14655264720204       -280820063.495386     
  -99970.0000000000        1.14623791539634       -280820052.031432     
  -99960.0000000000        1.14592327183345       -280820040.570618     
  -99950.0000000000        1.14560871751746       -280820029.112965     
  -99940.0000000000        1.14529425201181       -280820017.658429     
  -99930.0000000000        1.14497987564391       -280820006.207079     
  -99920.0000000000        1.14466558764252       -280819994.758855     
  -99910.0000000000        1.14435138796398       -280819983.313752     
  -99900.0000000000        1.14403727852186       -280819971.871818     
  -99890.0000000000        1.14372325696604       -280819960.433034     
  -99880.0000000000        1.14340932448249       -280819948.997357     
  -99870.0000000000        1.14309548039455       -280819937.564829     
  -99860.0000000000        1.14278172520426       -280819926.135455     
  -99850.0000000000        1.14246805907896       -280819914.709187     
  -99840.0000000000        1.14215448078176       -280819903.286088     
  -99830.0000000000        1.14184099189151       -280819891.866128     
  -99820.0000000000        1.14152759146964       -280819880.449248     
  -99810.0000000000        1.14121427969803       -280819869.035554     
  -99800.0000000000        1.14090105616197       -280819857.624975     
  -99790.0000000000        1.14058792123978       -280819846.217537     
  -99780.0000000000        1.14027487560816       -280819834.813215     
  -99770.0000000000        1.13996191732440       -280819823.412038     
  -99760.0000000000        1.13964904871682       -280819812.013962     
  -99750.0000000000        1.13933626836661       -280819800.619061     
  -99740.0000000000        1.13902357616462       -280819789.227247     
  -99730.0000000000        1.13871097240190       -280819777.838576     
  -99720.0000000000        1.13839845689654       -280819766.453052     
  -99710.0000000000        1.13808603043435       -280819755.070591     
  -99700.0000000000        1.13777369182935       -280819743.691319     
  -99690.0000000000        1.13746144202014       -280819732.315151     
  -99680.0000000000        1.13714927994442       -280819720.942089     
  -99670.0000000000        1.13683720697009       -280819709.572154     
  -99660.0000000000        1.13652522172197       -280819698.205360     
  -99650.0000000000        1.13621332489856       -280819686.841667     
  -99640.0000000000        1.13590151676181       -280819675.481086     
  -99630.0000000000        1.13558979583468       -280819664.123622     
  -99620.0000000000        1.13527816436545       -280819652.769284     
  -99610.0000000000        1.13496662060061       -280819641.418073     
  -99600.0000000000        1.13465516521683       -280819630.069935     
  -99590.0000000000        1.13434379726823       -280819618.724962     
  -99580.0000000000        1.13403251794080       -280819607.383067     
  -99570.0000000000        1.13372132721270       -280819596.044292     
  -99560.0000000000        1.13341022357781       -280819584.708654     
  -99550.0000000000        1.13309920833126       -280819573.376101     
  -99540.0000000000        1.13278828201146       -280819562.046663     
  -99530.0000000000        1.13247744259570       -280819550.720316     
  -99520.0000000000        1.13216669159010       -280819539.397115     
  -99510.0000000000        1.13185602908197       -280819528.077003     
  -99500.0000000000        1.13154545418365       -280819516.759988     
  -99490.0000000000        1.13123496684420       -280819505.446083     
  -99480.0000000000        1.13092456783488       -280819494.135293     
  -99470.0000000000        1.13061425678461       -280819482.827613     
  -99460.0000000000        1.13030403388984       -280819471.523013     
  -99450.0000000000        1.12999389784090       -280819460.221514     
  -99440.0000000000        1.12968385069689       -280819448.923128     
  -99430.0000000000        1.12937389113358       -280819437.627828     
  -99420.0000000000        1.12906401915825       -280819426.335649     
  -99410.0000000000        1.12875423518562       -280819415.046561     
  -99400.0000000000        1.12844453867001       -280819403.760564     
  -99390.0000000000        1.12813492976784       -280819392.477669     
  -99380.0000000000        1.12782540885382       -280819381.197872     
  -99370.0000000000        1.12751597593888       -280819369.921147     
  -99360.0000000000        1.12720663020445       -280819358.647532     
  -99350.0000000000        1.12689737223991       -280819347.377041     
  -99340.0000000000        1.12658820206343       -280819336.109570     
  -99330.0000000000        1.12627911960590       -280819324.845250     
  -99320.0000000000        1.12597012449623       -280819313.584031     
  -99310.0000000000        1.12566121669806       -280819302.325872     
  -99300.0000000000        1.12535239717909       -280819291.070794     
  -99290.0000000000        1.12504366456415       -280819279.818824     
  -99280.0000000000        1.12473501972272       -280819268.569904     
  -99270.0000000000        1.12442646229101       -280819257.324115     
  -99260.0000000000        1.12411799225447       -280819246.081391     
  -99250.0000000000        1.12380960983137       -280819234.841764     
  -99240.0000000000        1.12350131477797       -280819223.605190     
  -99230.0000000000        1.12319310717430       -280819212.371710     
  -99220.0000000000        1.12288498705311       -280819201.141320     
  -99210.0000000000        1.12257695388325       -280819189.914008     
  -99200.0000000000        1.12226900869791       -280819178.689795     
  -99190.0000000000        1.12196115004190       -280819167.468645     
  -99180.0000000000        1.12165337916667       -280819156.250573     
  -99170.0000000000        1.12134569519185       -280819145.035580     
  -99160.0000000000        1.12103809864129       -280819133.823645     
  -99150.0000000000        1.12073058924580       -280819122.614809     
  -99140.0000000000        1.12042316727457       -280819111.409040     
  -99130.0000000000        1.12011583241474       -280819100.206342     
  -99120.0000000000        1.11980858451352       -280819089.006723     
  -99110.0000000000        1.11950142406567       -280819077.810192     
  -99100.0000000000        1.11919435049276       -280819066.616689     
  -99090.0000000000        1.11888736405308       -280819055.426308     
  -99080.0000000000        1.11858046449197       -280819044.238947     
  -99070.0000000000        1.11827365252611       -280819033.054679     
  -99060.0000000000        1.11796692692951       -280819021.873486     
  -99050.0000000000        1.11766028929560       -280819010.695354     
  -99040.0000000000        1.11735373771808       -280818999.520272     
  -99030.0000000000        1.11704727332835       -280818988.348278     
  -99020.0000000000        1.11674089600274       -280818977.179324     
  -99010.0000000000        1.11643460547202       -280818966.013454     
  -99000.0000000000        1.11612840192174       -280818954.850639     
  -98990.0000000000        1.11582228538828       -280818943.690885     
  -98980.0000000000        1.11551625547509       -280818932.534184     
  -98970.0000000000        1.11521031262237       -280818921.380547     
  -98960.0000000000        1.11490445601885       -280818910.229989     
  -98950.0000000000        1.11459868706515       -280818899.082450     
  -98940.0000000000        1.11429300440432       -280818887.938010     
  -98930.0000000000        1.11398740830919       -280818876.796616     
  -98920.0000000000        1.11368189927089       -280818865.658246     
  -98910.0000000000        1.11337647665641       -280818854.522973     
  -98900.0000000000        1.11307114092415       -280818843.390721     
  -98890.0000000000        1.11276589161571       -280818832.261553     
  -98880.0000000000        1.11246072925132       -280818821.135412     
  -98870.0000000000        1.11215565336170       -280818810.012319     
  -98860.0000000000        1.11185066398684       -280818798.892300     
  -98850.0000000000        1.11154576129411       -280818787.775305     
  -98840.0000000000        1.11124094500701       -280818776.661377     
  -98830.0000000000        1.11093621499094       -280818765.550487     
  -98820.0000000000        1.11063157230456       -280818754.442651     
  -98810.0000000000        1.11032701504882       -280818743.337876     
  -98800.0000000000        1.11002254475534       -280818732.236121     
  -98790.0000000000        1.10971816143501       -280818721.137410     
  -98780.0000000000        1.10941386387276       -280818710.041753     
  -98770.0000000000        1.10910965263247       -280818698.949148     
  -98760.0000000000        1.10880552804156       -280818687.859562     
  -98750.0000000000        1.10850148988538       -280818676.773042     
  -98740.0000000000        1.10819753780743       -280818665.689528     
  -98730.0000000000        1.10789367193138       -280818654.609055     
  -98720.0000000000        1.10758989253372       -280818643.531658     
  -98710.0000000000        1.10728619956353       -280818632.457253     
  -98700.0000000000        1.10698259216588       -280818621.385938     
  -98690.0000000000        1.10667907161405       -280818610.317602     
  -98680.0000000000        1.10637563689306       -280818599.252332     
  -98670.0000000000        1.10607228846857       -280818588.190108     
  -98660.0000000000        1.10576902638786       -280818577.130899     
  -98650.0000000000        1.10546585009797       -280818566.074734     
  -98640.0000000000        1.10516276010458       -280818555.021568     
  -98630.0000000000        1.10485975605116       -280818543.971478     
  -98620.0000000000        1.10455683817418       -280818532.924374     
  -98610.0000000000        1.10425400636814       -280818521.880338     
  -98600.0000000000        1.10395126019648       -280818510.839311     
  -98590.0000000000        1.10364860037953       -280818499.801314     
  -98580.0000000000        1.10334602648800       -280818488.766352     
  -98570.0000000000        1.10304353832544       -280818477.734402     
  -98560.0000000000        1.10274113620835       -280818466.705471     
  -98550.0000000000        1.10243881976567       -280818455.679582     
  -98540.0000000000        1.10213658974681       -280818444.656681     
  -98530.0000000000        1.10183444526774       -280818433.636840     
  -98520.0000000000        1.10153238636485       -280818422.620005     
  -98510.0000000000        1.10123041336556       -280818411.606188     
  -98500.0000000000        1.10092852676098       -280818400.595367     
  -98490.0000000000        1.10062672521235       -280818389.587613     
  -98480.0000000000        1.10032500952002       -280818378.582861     
  -98470.0000000000        1.10002337974947       -280818367.581107     
  -98460.0000000000        1.09972183566060       -280818356.582376     
  -98450.0000000000        1.09942037692963       -280818345.586680     
  -98440.0000000000        1.09911900393854       -280818334.593983     
  -98430.0000000000        1.09881771705841       -280818323.604297     
  -98420.0000000000        1.09851651492136       -280818312.617616     
  -98410.0000000000        1.09821539916811       -280818301.633968     
  -98400.0000000000        1.09791436830346       -280818290.653331     
  -98390.0000000000        1.09761342364800       -280818279.675670     
  -98380.0000000000        1.09731256387386       -280818268.701057     
  -98370.0000000000        1.09701178992691       -280818257.729424     
  -98360.0000000000        1.09671110147974       -280818246.760811     
  -98350.0000000000        1.09641049815400       -280818235.795212     
  -98340.0000000000        1.09610998077915       -280818224.832588     
  -98330.0000000000        1.09580954853664       -280818213.873009     
  -98320.0000000000        1.09550920112088       -280818202.916404     
  -98310.0000000000        1.09520893981608       -280818191.962827     
  -98300.0000000000        1.09490876372001       -280818181.012221     
  -98290.0000000000        1.09460867221787       -280818170.064652     
  -98280.0000000000        1.09430866674302       -280818159.120048     
  -98270.0000000000        1.09400874619678       -280818148.178472     
  -98260.0000000000        1.09370891115032       -280818137.239882     
  -98250.0000000000        1.09340916134170       -280818126.304292     
  -98240.0000000000        1.09310949658902       -280818115.371703     
  -98230.0000000000        1.09280991655396       -280818104.442099     
  -98220.0000000000        1.09251042217875       -280818093.515507     
  -98210.0000000000        1.09221101279400       -280818082.591894     
  -98200.0000000000        1.09191168844336       -280818071.671270     
  -98190.0000000000        1.09161244959614       -280818060.753674     
  -98180.0000000000        1.09131329516094       -280818049.839038     
  -98170.0000000000        1.09101422629101       -280818038.927383     
  -98160.0000000000        1.09071524183673       -280818028.018744     
  -98150.0000000000        1.09041634279129       -280818017.113110     
  -98140.0000000000        1.09011752893639       -280818006.210421     
  -98130.0000000000        1.08981879962084       -280817995.310737     
  -98120.0000000000        1.08952015506657       -280817984.414043     
  -98110.0000000000        1.08922159525173       -280817973.520333     
  -98100.0000000000        1.08892312118041       -280817962.629604     
  -98090.0000000000        1.08862473104818       -280817951.741892     
  -98080.0000000000        1.08832642653942       -280817940.857114     
  -98070.0000000000        1.08802820614073       -280817929.975349     
  -98060.0000000000        1.08773007102718       -280817919.096554     
  -98050.0000000000        1.08743202038750       -280817908.220728     
  -98040.0000000000        1.08713405423987       -280817897.347901     
  -98030.0000000000        1.08683617352290       -280817886.478051     
  -98020.0000000000        1.08653837667953       -280817875.611189     
  -98010.0000000000        1.08624066511402       -280817864.747291     
  -98000.0000000000        1.08594303799691       -280817853.886374     
  -97990.0000000000        1.08564549537914       -280817843.028426     
  -97980.0000000000        1.08534803773728       -280817832.173446     
  -97970.0000000000        1.08505066395446       -280817821.321477     
  -97960.0000000000        1.08475337501659       -280817810.472451     
  -97950.0000000000        1.08445617101461       -280817799.626421     
  -97940.0000000000        1.08415905135189       -280817788.783315     
  -97930.0000000000        1.08386201574467       -280817777.943210     
  -97920.0000000000        1.08356506454948       -280817767.106075     
  -97910.0000000000        1.08326819803187       -280817756.271921     
  -97900.0000000000        1.08297141618459       -280817745.440710     
  -97890.0000000000        1.08267471851650       -280817734.612493     
  -97880.0000000000        1.08237810488572       -280817723.787241     
  -97870.0000000000        1.08208157589615       -280817712.964924     
  -97860.0000000000        1.08178513106395       -280817702.145598     
  -97850.0000000000        1.08148877087297       -280817691.329226     
  -97840.0000000000        1.08119249494484       -280817680.515814     
  -97830.0000000000        1.08089630303584       -280817669.705362     
  -97820.0000000000        1.08060019529876       -280817658.897899     
  -97810.0000000000        1.08030417134432       -280817648.093361     
  -97800.0000000000        1.08000823217299       -280817637.291814     
  -97790.0000000000        1.07971237726815       -280817626.493186     
  -97780.0000000000        1.07941660633151       -280817615.697569     
  -97770.0000000000        1.07912091925027       -280817604.904867     
  -97760.0000000000        1.07882531675932       -280817594.115134     
  -97750.0000000000        1.07852979756717       -280817583.328359     
  -97740.0000000000        1.07823436286344       -280817572.544528     
  -97730.0000000000        1.07793901240802       -280817561.763699     
  -97720.0000000000        1.07764374541148       -280817550.985772     
  -97710.0000000000        1.07734856265233       -280817540.210799     
  -97700.0000000000        1.07705346400326       -280817529.438794     
  -97690.0000000000        1.07675844933692       -280817518.669739     
  -97680.0000000000        1.07646351791846       -280817507.903612     
  -97670.0000000000        1.07616867032993       -280817497.140461     
  -97660.0000000000        1.07587390760818       -280817486.380255     
  -97650.0000000000        1.07557922778142       -280817475.622991     
  -97640.0000000000        1.07528463238123       -280817464.868673     
  -97630.0000000000        1.07499012066546       -280817454.117289     
  -97620.0000000000        1.07469569210298       -280817443.368851     
  -97610.0000000000        1.07440134777426       -280817432.623383     
  -97600.0000000000        1.07410708745374       -280817421.880829     
  -97590.0000000000        1.07381290968624       -280817411.141233     
  -97580.0000000000        1.07351881681097       -280817400.404559     
  -97570.0000000000        1.07322480716903       -280817389.670875     
  -97560.0000000000        1.07293088075312       -280817378.940089     
  -97550.0000000000        1.07263703863646       -280817368.212244     
  -97540.0000000000        1.07234327978222       -280817357.487346     
  -97530.0000000000        1.07204960418676       -280817346.765366     
  -97520.0000000000        1.07175601232302       -280817336.046346     
  -97510.0000000000        1.07146250376172       -280817325.330249     
  -97500.0000000000        1.07116907911040       -280817314.617108     
  -97490.0000000000        1.07087573738318       -280817303.906872     
  -97480.0000000000        1.07058247941313       -280817293.199597     
  -97470.0000000000        1.07028930476008       -280817282.495222     
  -97460.0000000000        1.06999621334398       -280817271.793806     
  -97450.0000000000        1.06970320575056       -280817261.095310     
  -97440.0000000000        1.06941028105211       -280817250.399736     
  -97430.0000000000        1.06911744016907       -280817239.707096     
  -97420.0000000000        1.06882468197000       -280817229.017380     
  -97410.0000000000        1.06853200744808       -280817218.330604     
  -97400.0000000000        1.06823941587936       -280817207.646734     
  -97390.0000000000        1.06794690790048       -280817196.965804     
  -97380.0000000000        1.06765448307851       -280817186.287799     
  -97370.0000000000        1.06736214110424       -280817175.612698     
  -97360.0000000000        1.06706988224323       -280817164.940549     
  -97350.0000000000        1.06677770656097       -280817154.271319     
  -97340.0000000000        1.06648561444672       -280817143.604999     
  -97330.0000000000        1.06619360498371       -280817132.941623     
  -97320.0000000000        1.06590167837203       -280817122.281138     
  -97310.0000000000        1.06560983511736       -280817111.623595     
  -97300.0000000000        1.06531807497959       -280817100.968932     
  -97290.0000000000        1.06502639802420       -280817090.317216     
  -97280.0000000000        1.06473480346904       -280817079.668404     
  -97270.0000000000        1.06444329224905       -280817069.022521     
  -97260.0000000000        1.06415186366576       -280817058.379541     
  -97250.0000000000        1.06386051802838       -280817047.739478     
  -97240.0000000000        1.06356925513319       -280817037.102353     
  -97230.0000000000        1.06327807515845       -280817026.468106     
  -97220.0000000000        1.06298697846069       -280817015.836761     
  -97210.0000000000        1.06269596394850       -280817005.208353     
  -97200.0000000000        1.06240503256777       -280816994.582831     
  -97190.0000000000        1.06211418396924       -280816983.960261     
  -97180.0000000000        1.06182341809108       -280816973.340566     
  -97170.0000000000        1.06153273475138       -280816962.723768     
  -97160.0000000000        1.06124213413932       -280816952.109927     
  -97150.0000000000        1.06095161610210       -280816941.498931     
  -97140.0000000000        1.06066118084709       -280816930.890872     
  -97130.0000000000        1.06037082820330       -280816920.285731     
  -97120.0000000000        1.06008055803613       -280816909.683448     
  -97110.0000000000        1.05979037052748       -280816899.084098     
  -97100.0000000000        1.05950026554274       -280816888.487653     
  -97090.0000000000        1.05921024331474       -280816877.894095     
  -97080.0000000000        1.05892030300674       -280816867.303446     
  -97070.0000000000        1.05863044581929       -280816856.715688     
  -97060.0000000000        1.05834067073738       -280816846.130842     
  -97050.0000000000        1.05805097806297       -280816835.548891     
  -97040.0000000000        1.05776136787608       -280816824.969829     
  -97030.0000000000        1.05747183988206       -280816814.393652     
  -97020.0000000000        1.05718239437920       -280816803.820385     
  -97010.0000000000        1.05689303130566       -280816793.250010     
  -97000.0000000000        1.05660375048319       -280816782.682537     
  -96990.0000000000        1.05631455193725       -280816772.117932     
  -96980.0000000000        1.05602543590066       -280816761.556235     
  -96970.0000000000        1.05573640124931       -280816750.997414     
  -96960.0000000000        1.05544744967483       -280816740.441491     
  -96950.0000000000        1.05515857991486       -280816729.888481     
  -96940.0000000000        1.05486979278794       -280816719.338314     
  -96930.0000000000        1.05458108704624       -280816708.791081     
  -96920.0000000000        1.05429246418862       -280816698.246709     
  -96910.0000000000        1.05400392285810       -280816687.705230     
  -96900.0000000000        1.05371546367678       -280816677.166615     
  -96890.0000000000        1.05342708680109       -280816666.630924     
  -96880.0000000000        1.05313879186724       -280816656.098084     
  -96870.0000000000        1.05285057893343       -280816645.568137     
  -96860.0000000000        1.05256244804332       -280816635.041070     
  -96850.0000000000        1.05227439913142       -280816624.516893     
  -96840.0000000000        1.05198643143740       -280816613.995576     
  -96830.0000000000        1.05169854677661       -280816603.477158     
  -96820.0000000000        1.05141074303538       -280816592.961624     
  -96810.0000000000        1.05112302195266       -280816582.448948     
  -96800.0000000000        1.05083538215695       -280816571.939160     
  -96790.0000000000        1.05054782431034       -280816561.432233     
  -96780.0000000000        1.05026034847106       -280816550.928209     
  -96770.0000000000        1.04997295419525       -280816540.427028     
  -96760.0000000000        1.04968564207593       -280816529.928746     
  -96750.0000000000        1.04939841094529       -280816519.433331     
  -96740.0000000000        1.04911126224761       -280816508.940789     
  -96730.0000000000        1.04882419469504       -280816498.451087     
  -96720.0000000000        1.04853720930623       -280816487.964275     
  -96710.0000000000        1.04825030541906       -280816477.480347     
  -96700.0000000000        1.04796348269520       -280816466.999273     
  -96690.0000000000        1.04767674186587       -280816456.521089     
  -96680.0000000000        1.04739008249817       -280816446.045749     
  -96670.0000000000        1.04710350491587       -280816435.573286     
  -96660.0000000000        1.04681700873698       -280816425.103663     
  -96650.0000000000        1.04653059397242       -280816414.636941     
  -96640.0000000000        1.04624426083319       -280816404.173067     
  -96630.0000000000        1.04595800863899       -280816393.712051     
  -96620.0000000000        1.04567183841937       -280816383.253927     
  -96610.0000000000        1.04538574925755       -280816372.798625     
  -96600.0000000000        1.04509974153189       -280816362.346191     
  -96590.0000000000        1.04481381575170       -280816351.896612     
  -96580.0000000000        1.04452797043996       -280816341.449915     
  -96570.0000000000        1.04424220672081       -280816331.006052     
  -96560.0000000000        1.04395652476160       -280816320.565076     
  -96550.0000000000        1.04367092353641       -280816310.126919     
  -96540.0000000000        1.04338540376193       -280816299.691645     
  -96530.0000000000        1.04309996491793       -280816289.259229     
  -96520.0000000000        1.04281460757920       -280816278.829651     
  -96510.0000000000        1.04252933112002       -280816268.402914     
  -96500.0000000000        1.04224413586053       -280816257.979053     
  -96490.0000000000        1.04195902190622       -280816247.558050     
  -96480.0000000000        1.04167398888967       -280816237.139876     
  -96470.0000000000        1.04138903655621       -280816226.724568     
  -96460.0000000000        1.04110416630647       -280816216.312107     
  -96450.0000000000        1.04081937599040       -280816205.902477     
  -96440.0000000000        1.04053466759797       -280816195.495717     
  -96430.0000000000        1.04025003981224       -280816185.091790     
  -96420.0000000000        1.03996549322255       -280816174.690712     
  -96410.0000000000        1.03968102701401       -280816164.292473     
  -96400.0000000000        1.03939664215795       -280816153.897066     
  -96390.0000000000        1.03911233787949       -280816143.504552     
  -96380.0000000000        1.03882811490985       -280816133.114843     
  -96370.0000000000        1.03854397272880       -280816122.727977     
  -96360.0000000000        1.03825991041231       -280816112.343981     
  -96350.0000000000        1.03797592971750       -280816101.962812     
  -96340.0000000000        1.03769202995682       -280816091.584445     
  -96330.0000000000        1.03740821055180       -280816081.208936     
  -96320.0000000000        1.03712447212092       -280816070.836284     
  -96310.0000000000        1.03684081399115       -280816060.466462     
  -96300.0000000000        1.03655723717384       -280816050.099462     
  -96290.0000000000        1.03627374086136       -280816039.735296     
  -96280.0000000000        1.03599032443526       -280816029.373980     
  -96270.0000000000        1.03570698939075       -280816019.015503     
  -96260.0000000000        1.03542373435266       -280816008.659857     
  -96250.0000000000        1.03514056035056       -280815998.307027     
  -96240.0000000000        1.03485746698061       -280815987.957026     
  -96230.0000000000        1.03457445397726       -280815977.609891     
  -96220.0000000000        1.03429152133685       -280815967.265538     
  -96210.0000000000        1.03400866884840       -280815956.924041     
  -96200.0000000000        1.03372589726132       -280815946.585386     
  -96190.0000000000        1.03344320622637       -280815936.249515     
  -96180.0000000000        1.03316059524514       -280815925.916513     
  -96170.0000000000        1.03287806495791       -280815915.586330     
  -96160.0000000000        1.03259561483355       -280815905.258950     
  -96150.0000000000        1.03231324529770       -280815894.934407     
  -96140.0000000000        1.03203095548815       -280815884.612677     
  -96130.0000000000        1.03174874636534       -280815874.293769     
  -96120.0000000000        1.03146661736173       -280815863.977727     
  -96110.0000000000        1.03118456896482       -280815853.664460     
  -96100.0000000000        1.03090260024328       -280815843.354002     
  -96090.0000000000        1.03062071188106       -280815833.046408     
  -96080.0000000000        1.03033890418010       -280815822.741595     
  -96070.0000000000        1.03005717613632       -280815812.439608     
  -96060.0000000000        1.02977552811717       -280815802.140462     
  -96050.0000000000        1.02949396051554       -280815791.844100     
  -96040.0000000000        1.02921247270933       -280815781.550575     
  -96030.0000000000        1.02893106516058       -280815771.259867     
  -96020.0000000000        1.02864973749820       -280815760.971956     
  -96010.0000000000        1.02836849011510       -280815750.686859     
  -96000.0000000000        1.02808732255289       -280815740.404593     
  -95990.0000000000        1.02780623494982       -280815730.125117     
  -95980.0000000000        1.02752522710944       -280815719.848439     
  -95970.0000000000        1.02724429931186       -280815709.574616     
  -95960.0000000000        1.02696345166987       -280815699.303568     
  -95950.0000000000        1.02668268372145       -280815689.035341     
  -95940.0000000000        1.02640199559755       -280815678.769922     
  -95930.0000000000        1.02612138713084       -280815668.507316     
  -95920.0000000000        1.02584085886338       -280815658.247485     
  -95910.0000000000        1.02556040992931       -280815647.990498     
  -95900.0000000000        1.02528004107444       -280815637.736275     
  -95890.0000000000        1.02499975212413       -280815627.484890     
  -95880.0000000000        1.02471954223802       -280815617.236284     
  -95870.0000000000        1.02443941239108       -280815606.990474     
  -95860.0000000000        1.02415936229954       -280815596.747494     
  -95850.0000000000        1.02387939189430       -280815586.507305     
  -95840.0000000000        1.02359950081154       -280815576.269916     
  -95830.0000000000        1.02331968953877       -280815566.035321     
  -95820.0000000000        1.02303995757393       -280815555.803517     
  -95810.0000000000        1.02276030527719       -280815545.574518     
  -95800.0000000000        1.02248073289229       -280815535.348323     
  -95790.0000000000        1.02220123959705       -280815525.124888     
  -95780.0000000000        1.02192182590807       -280815514.904279     
  -95770.0000000000        1.02164249166526       -280815504.686469     
  -95760.0000000000        1.02136323699960       -280815494.471434     
  -95750.0000000000        1.02108406175466       -280815484.259197     
  -95740.0000000000        1.02080496538110       -280815474.049753     
  -95730.0000000000        1.02052594889392       -280815463.843096     
  -95720.0000000000        1.02024701151822       -280815453.639238     
  -95710.0000000000        1.01996815387974       -280815443.438163     
  -95700.0000000000        1.01968937482525       -280815433.239862     
  -95690.0000000000        1.01941067578082       -280815423.044366     
  -95680.0000000000        1.01913205559686       -280815412.851667     
  -95670.0000000000        1.01885351441160       -280815402.661732     
  -95660.0000000000        1.01857505277439       -280815392.474593     
  -95650.0000000000        1.01829667007769       -280815382.290233     
  -95640.0000000000        1.01801836702725       -280815372.108657     
  -95630.0000000000        1.01774014295006       -280815361.929863     
  -95620.0000000000        1.01746199791523       -280815351.753844     
  -95610.0000000000        1.01718393189731       -280815341.580622     
  -95600.0000000000        1.01690594461616       -280815331.410177     
  -95590.0000000000        1.01662803697400       -280815321.242493     
  -95580.0000000000        1.01635020806498       -280815311.077604     
  -95570.0000000000        1.01607245823834       -280815300.915498     
  -95560.0000000000        1.01579478709755       -280815290.756171     
  -95550.0000000000        1.01551719524650       -280815280.599603     
  -95540.0000000000        1.01523968257243       -280815270.445830     
  -95530.0000000000        1.01496224821676       -280815260.294811     
  -95520.0000000000        1.01468489307808       -280815250.146565     
  -95510.0000000000        1.01440761659978       -280815240.001099     
  -95500.0000000000        1.01413041924752       -280815229.858410     
  -95490.0000000000        1.01385330105404       -280815219.718497     
  -95480.0000000000        1.01357626066238       -280815209.581351     
  -95470.0000000000        1.01329929977874       -280815199.446969     
  -95460.0000000000        1.01302241747180       -280815189.315367     
  -95450.0000000000        1.01274561387254       -280815179.186534     
  -95440.0000000000        1.01246888902097       -280815169.060454     
  -95430.0000000000        1.01219224265151       -280815158.937149     
  -95420.0000000000        1.01191567524438       -280815148.816602     
  -95410.0000000000        1.01163918662132       -280815138.698833     
  -95400.0000000000        1.01136277596015       -280815128.583818     
  -95390.0000000000        1.01108644399574       -280815118.471585     
  -95380.0000000000        1.01081019115009       -280815108.362100     
  -95370.0000000000        1.01053401663739       -280815098.255369     
  -95360.0000000000        1.01025792067230       -280815088.151410     
  -95350.0000000000        1.00998190292376       -280815078.050227     
  -95340.0000000000        1.00970596381376       -280815067.951779     
  -95330.0000000000        1.00943010326591       -280815057.856112     
  -95320.0000000000        1.00915432131660       -280815047.763184     
  -95310.0000000000        1.00887861742012       -280815037.673011     
  -95300.0000000000        1.00860299183114       -280815027.585601     
  -95290.0000000000        1.00832744526633       -280815017.500954     
  -95280.0000000000        1.00805197650334       -280815007.419054     
  -95270.0000000000        1.00777658591323       -280814997.339914     
  -95260.0000000000        1.00750127419087       -280814987.263517     
  -95250.0000000000        1.00722604016846       -280814977.189897     
  -95240.0000000000        1.00695088482098       -280814967.119012     
  -95230.0000000000        1.00667580765730       -280814957.050870     
  -95220.0000000000        1.00640080857193       -280814946.985488     
  -95210.0000000000        1.00612588748481       -280814936.922851     
  -95200.0000000000        1.00585104502170       -280814926.862965     
  -95190.0000000000        1.00557628055685       -280814916.805819     
  -95180.0000000000        1.00530159398113       -280814906.751448     
  -95170.0000000000        1.00502698573109       -280814896.699785     
  -95160.0000000000        1.00475245525740       -280814886.650901     
  -95150.0000000000        1.00447800336406       -280814876.604748     
  -95140.0000000000        1.00420362909790       -280814866.561334     
  -95130.0000000000        1.00392933303738       -280814856.520669     
  -95120.0000000000        1.00365511464042       -280814846.482763     
  -95110.0000000000        1.00338097433632       -280814836.447581     
  -95100.0000000000        1.00310691224513       -280814826.415136     
  -95090.0000000000        1.00283292797758       -280814816.385434     
  -95080.0000000000        1.00255902169374       -280814806.358463     
  -95070.0000000000        1.00228519318989       -280814796.334255     
  -95060.0000000000        1.00201144274615       -280814786.312780     
  -95050.0000000000        1.00173776944212       -280814776.294022     
  -95040.0000000000        1.00146417446376       -280814766.278005     
  -95030.0000000000        1.00119065713443       -280814756.264740     
  -95020.0000000000        1.00091721776334       -280814746.254196     
  -95010.0000000000        1.00064385627775       -280814736.246394     
  -95000.0000000000        1.00037057182635       -280814726.241336     
  -94990.0000000000        1.00009736560605       -280814716.238978     
  -94980.0000000000       0.999824236856512       -280814706.239365     
  -94970.0000000000       0.999551186039753       -280814696.242492     
  -94960.0000000000       0.999278212639183       -280814686.248347     
  -94950.0000000000       0.999005316421972       -280814676.256936     
  -94940.0000000000       0.998732498555910       -280814666.268242     
  -94930.0000000000       0.998459757840465       -280814656.282281     
  -94920.0000000000       0.998187094635796       -280814646.299054     
  -94910.0000000000       0.997914509283873       -280814636.318542     
  -94900.0000000000       0.997642000980704       -280814626.340763     
  -94890.0000000000       0.997369570603041       -280814616.365708     
  -94880.0000000000       0.997097217390547       -280814606.393367     
  -94870.0000000000       0.996824941805244       -280814596.423765     
  -94860.0000000000       0.996552743246866       -280814586.456870     
  -94850.0000000000       0.996280622333870       -280814576.492708     
  -94840.0000000000       0.996008578971669       -280814566.531251     
  -94830.0000000000       0.995736612756446       -280814556.572533     
  -94820.0000000000       0.995464723891928       -280814546.616528     
  -94810.0000000000       0.995192912731000       -280814536.663227     
  -94800.0000000000       0.994921178171353       -280814526.712656     
  -94790.0000000000       0.994649520653184       -280814516.764819     
  -94780.0000000000       0.994377941162384       -280814506.819673     
  -94770.0000000000       0.994106438069139       -280814496.877259     
  -94760.0000000000       0.993835013581702       -280814486.937539     
  -94750.0000000000       0.993563664746034       -280814477.000561     
  -94740.0000000000       0.993292393850425       -280814467.066281     
  -94730.0000000000       0.993021199701616       -280814457.134709     
  -94720.0000000000       0.992750083081773       -280814447.205846     
  -94710.0000000000       0.992479043441563       -280814437.279698     
  -94700.0000000000       0.992208080348064       -280814427.356274     
  -94690.0000000000       0.991937194514321       -280814417.435549     
  -94680.0000000000       0.991666385922144       -280814407.517524     
  -94670.0000000000       0.991395654349617       -280814397.602213     
  -94660.0000000000       0.991124999476597       -280814387.689611     
  -94650.0000000000       0.990854421947006       -280814377.779724     
  -94640.0000000000       0.990583920880454       -280814367.872515     
  -94630.0000000000       0.990313497488387       -280814357.968021     
  -94620.0000000000       0.990043150133715       -280814348.066245     
  -94610.0000000000       0.989772879627708       -280814338.167168     
  -94600.0000000000       0.989502686374180       -280814328.270794     
  -94590.0000000000       0.989232569932938       -280814318.377104     
  -94580.0000000000       0.988962530078425       -280814308.486153     
  -94570.0000000000       0.988692567123508       -280814298.597869     
  -94560.0000000000       0.988422680860822       -280814288.712292     
  -94550.0000000000       0.988152871283091       -280814278.829402     
  -94540.0000000000       0.987883138630423       -280814268.949222     
  -94530.0000000000       0.987613482517190       -280814259.071748     
  -94520.0000000000       0.987343902987050       -280814249.196962     
  -94510.0000000000       0.987074400312849       -280814239.324875     
  -94500.0000000000       0.986804974265397       -280814229.455475     
  -94490.0000000000       0.986535624491808       -280814219.588765     
  -94480.0000000000       0.986266351534141       -280814209.724769     
  -94470.0000000000       0.985997154992219       -280814199.863435     
  -94460.0000000000       0.985728035120701       -280814190.004816     
  -94450.0000000000       0.985458991868654       -280814180.148881     
  -94440.0000000000       0.985190024694020       -280814170.295622     
  -94430.0000000000       0.984921134357137       -280814160.445087     
  -94420.0000000000       0.984652320428722       -280814150.597214     
  -94410.0000000000       0.984383582574083       -280814140.752043     
  -94400.0000000000       0.984114921444416       -280814130.909545     
  -94390.0000000000       0.983846336912393       -280814121.069736     
  -94380.0000000000       0.983577828101261       -280814111.232617     
  -94370.0000000000       0.983309396047844       -280814101.398176     
  -94360.0000000000       0.983041040490207       -280814091.566421     
  -94350.0000000000       0.982772760926309       -280814081.737359     
  -94340.0000000000       0.982504557607172       -280814071.910973     
  -94330.0000000000       0.982236430798366       -280814062.087268     
  -94320.0000000000       0.981968380201579       -280814052.266237     
  -94310.0000000000       0.981700405765878       -280814042.447899     
  -94300.0000000000       0.981432507524005       -280814032.632230     
  -94290.0000000000       0.981164685112162       -280814022.819251     
  -94280.0000000000       0.980896938915976       -280814013.008935     
  -94270.0000000000       0.980629269153724       -280814003.201309     
  -94260.0000000000       0.980361675185122       -280813993.396349     
  -94250.0000000000       0.980094157825079       -280813983.594070     
  -94240.0000000000       0.979826715807576       -280813973.794469     
  -94230.0000000000       0.979559350242198       -280813963.997543     
  -94220.0000000000       0.979292060637817       -280813954.203281     
  -94210.0000000000       0.979024847398250       -280813944.411694     
  -94200.0000000000       0.978757709690399       -280813934.622784     
  -94190.0000000000       0.978490647688886       -280813924.836555     
  -94180.0000000000       0.978223662285018       -280813915.052975     
  -94170.0000000000       0.977956752274622       -280813905.272067     
  -94160.0000000000       0.977689917937823       -280813895.493841     
  -94150.0000000000       0.977423160256876       -280813885.718277     
  -94140.0000000000       0.977156477962126       -280813875.945380     
  -94130.0000000000       0.976889871421008       -280813866.175141     
  -94120.0000000000       0.976623340924561       -280813856.407575     
  -94110.0000000000       0.976356886407302       -280813846.642677     
  -94100.0000000000       0.976090507137997       -280813836.880442     
  -94090.0000000000       0.975824203542288       -280813827.120874     
  -94080.0000000000       0.975557976005803       -280813817.363962     
  -94070.0000000000       0.975291824070155       -280813807.609715     
  -94060.0000000000       0.975025747888139       -280813797.858116     
  -94050.0000000000       0.974759747317876       -280813788.109183     
  -94040.0000000000       0.974493822370277       -280813778.362910     
  -94030.0000000000       0.974227973016241       -280813768.619315     
  -94020.0000000000       0.973962199270318       -280813758.878366     
  -94010.0000000000       0.973696500816004       -280813749.140067     
  -94000.0000000000       0.973430878395448       -280813739.404425     
  -93990.0000000000       0.973165331397468       -280813729.671455     
  -93980.0000000000       0.972899859858444       -280813719.941125     
  -93970.0000000000       0.972634463603754       -280813710.213453     
  -93960.0000000000       0.972369142913522       -280813700.488441     
  -93950.0000000000       0.972103897907800       -280813690.766067     
  -93940.0000000000       0.971838727560680       -280813681.046358     
  -93930.0000000000       0.971573633287335       -280813671.329295     
  -93920.0000000000       0.971308614403824       -280813661.614888     
  -93910.0000000000       0.971043670728250       -280813651.903129     
  -93900.0000000000       0.970778802206041       -280813642.194021     
  -93890.0000000000       0.970514009386534       -280813632.487540     
  -93880.0000000000       0.970249291574873       -280813622.783730     
  -93870.0000000000       0.969984649414982       -280813613.082566     
  -93860.0000000000       0.969720082328422       -280813603.384032     
  -93850.0000000000       0.969455589911377       -280813593.688165     
  -93840.0000000000       0.969191173513536       -280813583.994926     
  -93830.0000000000       0.968926831850695       -280813574.304338     
  -93820.0000000000       0.968662565344857       -280813564.616384     
  -93810.0000000000       0.968398374345270       -280813554.931087     
  -93800.0000000000       0.968134258033388       -280813545.248424     
  -93790.0000000000       0.967870216929441       -280813535.568400     
  -93780.0000000000       0.967606251397228       -280813525.891017     
  -93770.0000000000       0.967342360319890       -280813516.216287     
  -93760.0000000000       0.967078544672404       -280813506.544165     
  -93750.0000000000       0.966814803934540       -280813496.874703     
  -93740.0000000000       0.966551138139039       -280813487.207868     
  -93730.0000000000       0.966287547344109       -280813477.543674     
  -93720.0000000000       0.966024030913104       -280813467.882126     
  -93710.0000000000       0.965760590403079       -280813458.223199     
  -93700.0000000000       0.965497224504361       -280813448.566913     
  -93690.0000000000       0.965233933315176       -280813438.913249     
  -93680.0000000000       0.964970717046526       -280813429.262233     
  -93670.0000000000       0.964707575869397       -280813419.613845     
  -93660.0000000000       0.964444509223540       -280813409.968081     
  -93650.0000000000       0.964181517258112       -280813400.324957     
  -93640.0000000000       0.963918600358738       -280813390.684443     
  -93630.0000000000       0.963655758660025       -280813381.046578     
  -93620.0000000000       0.963392990935972       -280813371.411338     
  -93610.0000000000       0.963130298809119       -280813361.778707     
  -93600.0000000000       0.962867680551426       -280813352.148720     
  -93590.0000000000       0.962605137505307       -280813342.521359     
  -93580.0000000000       0.962342668939527       -280813332.896627     
  -93570.0000000000       0.962080274966866       -280813323.274503     
  -93560.0000000000       0.961817955678271       -280813313.655020     
  -93550.0000000000       0.961555711004621       -280813304.038147     
  -93540.0000000000       0.961293541222403       -280813294.423906     
  -93530.0000000000       0.961031445247500       -280813284.812271     
  -93520.0000000000       0.960769424636965       -280813275.203285     
  -93510.0000000000       0.960507477844658       -280813265.596898     
  -93500.0000000000       0.960245606078388       -280813255.993126     
  -93490.0000000000       0.959983808432298       -280813246.391977     
  -93480.0000000000       0.959722085215617       -280813236.793464     
  -93470.0000000000       0.959460437086818       -280813227.197533     
  -93460.0000000000       0.959198863023630       -280813217.604239     
  -93450.0000000000       0.958937363135192       -280813208.013561     
  -93440.0000000000       0.958675937763473       -280813198.425485     
  -93430.0000000000       0.958414587057632       -280813188.840039     
  -93420.0000000000       0.958153310792113       -280813179.257190     
  -93410.0000000000       0.957892108253873       -280813169.676970     
  -93400.0000000000       0.957630980123213       -280813160.099367     
  -93390.0000000000       0.957369926709362       -280813150.524348     
  -93380.0000000000       0.957108946975495       -280813140.951964     
  -93370.0000000000       0.956848041685589       -280813131.382181     
  -93360.0000000000       0.956587210726866       -280813121.815005     
  -93350.0000000000       0.956326454186637       -280813112.250438     
  -93340.0000000000       0.956065771690191       -280813102.688467     
  -93330.0000000000       0.955805163284822       -280813093.129112     
  -93320.0000000000       0.955544628690404       -280813083.572364     
  -93310.0000000000       0.955284169136576       -280813074.018223     
  -93300.0000000000       0.955023782436911       -280813064.466683     
  -93290.0000000000       0.954763470843318       -280813054.917739     
  -93280.0000000000       0.954503232656862       -280813045.371406     
  -93270.0000000000       0.954243068939832       -280813035.827672     
  -93260.0000000000       0.953982978888234       -280813026.286554     
  -93250.0000000000       0.953722963196924       -280813016.748015     
  -93240.0000000000       0.953463021076459       -280813007.212089     
  -93230.0000000000       0.953203153330833       -280812997.678763     
  -93220.0000000000       0.952943359596247       -280812988.148029     
  -93210.0000000000       0.952683639337920       -280812978.619892     
  -93200.0000000000       0.952423993374396       -280812969.094354     
  -93190.0000000000       0.952164420981717       -280812959.571415     
  -93180.0000000000       0.951904922731046       -280812950.051062     
  -93170.0000000000       0.951645497862046       -280812940.533314     
  -93160.0000000000       0.951386146931327       -280812931.018152     
  -93150.0000000000       0.951126870691951       -280812921.505589     
  -93140.0000000000       0.950867667506827       -280812911.995608     
  -93130.0000000000       0.950608537888911       -280812902.488239     
  -93120.0000000000       0.950349482169258       -280812892.983446     
  -93110.0000000000       0.950090500271472       -280812883.481249     
  -93100.0000000000       0.949831592115515       -280812873.981630     
  -93090.0000000000       0.949572757464921       -280812864.484613     
  -93080.0000000000       0.949313996472483       -280812854.990179     
  -93070.0000000000       0.949055309651158       -280812845.498337     
  -93060.0000000000       0.948796695789497       -280812836.009071     
  -93050.0000000000       0.948538155967981       -280812826.522399     
  -93040.0000000000       0.948279689284391       -280812817.038320     
  -93030.0000000000       0.948021296546358       -280812807.556808     
  -93020.0000000000       0.947762977204547       -280812798.077884     
  -93010.0000000000       0.947504731568188       -280812788.601547     
  -93000.0000000000       0.947246559077030       -280812779.127790     
  -92990.0000000000       0.946988460415014       -280812769.656616     
  -92980.0000000000       0.946730434909114       -280812760.188036     
  -92970.0000000000       0.946472483134130       -280812750.722016     
  -92960.0000000000       0.946214604435227       -280812741.258566     
  -92950.0000000000       0.945956799740088       -280812731.797714     
  -92940.0000000000       0.945699067702662       -280812722.339431     
  -92930.0000000000       0.945441409901832       -280812712.883738     
  -92920.0000000000       0.945183824729611       -280812703.430621     
  -92910.0000000000       0.944926313150063       -280812693.980048     
  -92900.0000000000       0.944668874886702       -280812684.532081     
  -92890.0000000000       0.944411509906786       -280812675.086679     
  -92880.0000000000       0.944154218264885       -280812665.643851     
  -92870.0000000000       0.943896999557182       -280812656.203601     
  -92860.0000000000       0.943639854609501       -280812646.765915     
  -92850.0000000000       0.943382782388653       -280812637.330796     
  -92840.0000000000       0.943125783538562       -280812627.898252     
  -92830.0000000000       0.942868857771828       -280812618.468294     
  -92820.0000000000       0.942612005335832       -280812609.040874     
  -92810.0000000000       0.942355225855863       -280812599.616040     
  -92800.0000000000       0.942098519572028       -280812590.193776     
  -92790.0000000000       0.941841886422480       -280812580.774080     
  -92780.0000000000       0.941585326381755       -280812571.356928     
  -92770.0000000000       0.941328839504422       -280812561.942364     
  -92760.0000000000       0.941072425011953       -280812552.530361     
  -92750.0000000000       0.940816084650578       -280812543.120924     
  -92740.0000000000       0.940559816579480       -280812533.714031     
  -92730.0000000000       0.940303621693602       -280812524.309725     
  -92720.0000000000       0.940047499301727       -280812514.907966     
  -92710.0000000000       0.939791450386110       -280812505.508764     
  -92700.0000000000       0.939535474652075       -280812496.112124     
  -92690.0000000000       0.939279570848157       -280812486.718054     
  -92680.0000000000       0.939023740756966       -280812477.326549     
  -92670.0000000000       0.938767983774596       -280812467.937576     
  -92660.0000000000       0.938512298806017       -280812458.551181     
  -92650.0000000000       0.938256686877139       -280812449.167346     
  -92640.0000000000       0.938001148075273       -280812439.786044     
  -92630.0000000000       0.937745681836532       -280812430.407314     
  -92620.0000000000       0.937490288371919       -280812421.031130     
  -92610.0000000000       0.937234967972472       -280812411.657512     
  -92600.0000000000       0.936979720081581       -280812402.286437     
  -92590.0000000000       0.936724544782919       -280812392.917915     
  -92580.0000000000       0.936469442127418       -280812383.551936     
  -92570.0000000000       0.936214412271511       -280812374.188516     
  -92560.0000000000       0.935959455280681       -280812364.827662     
  -92550.0000000000       0.935704571085807       -280812355.469327     
  -92540.0000000000       0.935449758919276       -280812346.113561     
  -92530.0000000000       0.935195019999810       -280812336.760343     
  -92520.0000000000       0.934940353141428       -280812327.409659     
  -92510.0000000000       0.934685759006243       -280812318.061530     
  -92500.0000000000       0.934431237597892       -280812308.715954     
  -92490.0000000000       0.934176788490731       -280812299.372918     
  -92480.0000000000       0.933922412132233       -280812290.032409     
  -92470.0000000000       0.933668107998528       -280812280.694453     
  -92460.0000000000       0.933413876828126       -280812271.359036     
  -92450.0000000000       0.933159717751550       -280812262.026180     
  -92440.0000000000       0.932905630816094       -280812252.695857     
  -92430.0000000000       0.932651617022202       -280812243.368063     
  -92420.0000000000       0.932397675140237       -280812234.042812     
  -92410.0000000000       0.932143805752276       -280812224.720118     
  -92400.0000000000       0.931890008567279       -280812215.399952     
  -92390.0000000000       0.931636284065462       -280812206.082301     
  -92380.0000000000       0.931382631551969       -280812196.767216     
  -92370.0000000000       0.931129051568860       -280812187.454655     
  -92360.0000000000       0.930875543945149       -280812178.144641     
  -92350.0000000000       0.930622108400712       -280812168.837152     
  -92340.0000000000       0.930368744993757       -280812159.532197     
  -92330.0000000000       0.930115454299084       -280812150.229772     
  -92320.0000000000       0.929862235429027       -280812140.929888     
  -92310.0000000000       0.929609089031146       -280812131.632528     
  -92300.0000000000       0.929356014858058       -280812122.337692     
  -92290.0000000000       0.929103012837004       -280812113.045417     
  -92280.0000000000       0.928850082575082       -280812103.755636     
  -92270.0000000000       0.928597224774421       -280812094.468405     
  -92260.0000000000       0.928344439038483       -280812085.183703     
  -92250.0000000000       0.928091725476406       -280812075.901512     
  -92240.0000000000       0.927839083786239       -280812066.621867     
  -92230.0000000000       0.927586514357245       -280812057.344728     
  -92220.0000000000       0.927334016800160       -280812048.070133     
  -92210.0000000000       0.927081591158640       -280812038.798042     
  -92200.0000000000       0.926829237629136       -280812029.528503     
