  -98050.0000000000        1.08743202038750       -280817908.220728     
  -98040.0000000000        1.08713405423987       -280817897.347901     
  -98030.0000000000        1.08683617352290       -280817886.478051     
  -98020.0000000000        1.08653837667953       -280817875.611189     
  -98010.0000000000        1.08624066511402       -280817864.747291     
  -98000.0000000000        1.08594303799691       -280817853.886374     
  -97990.0000000000        1.08564549537914       -280817843.028426     
  -97980.0000000000        1.08534803773728       -280817832.173446     
  -97970.0000000000        1.08505066395446       -280817821.321477     
  -97960.0000000000        1.08475337501659       -280817810.472451     
  -97950.0000000000        1.08445617101461       -280817799.626421     
  -97940.0000000000        1.08415905135189       -280817788.783315     
  -97930.0000000000        1.08386201574467       -280817777.943210     
  -97920.0000000000        1.08356506454948       -280817767.106075     
  -97910.0000000000        1.08326819803187       -280817756.271921     
  -97900.0000000000        1.08297141618459       -280817745.440710     
  -97890.0000000000        1.08267471851650       -280817734.612493     
  -97880.0000000000        1.08237810488572       -280817723.787241     
  -97870.0000000000        1.08208157589615       -280817712.964924     
  -97860.0000000000        1.08178513106395       -280817702.145598     
  -97850.0000000000        1.08148877087297       -280817691.329226     
  -97840.0000000000        1.08119249494484       -280817680.515814     
  -97830.0000000000        1.08089630303584       -280817669.705362     
  -97820.0000000000        1.08060019529876       -280817658.897899     
  -97810.0000000000        1.08030417134432       -280817648.093361     
  -97800.0000000000        1.08000823217299       -280817637.291814     
  -97790.0000000000        1.07971237726815       -280817626.493186     
  -97780.0000000000        1.07941660633151       -280817615.697569     
  -97770.0000000000        1.07912091925027       -280817604.904867     
  -97760.0000000000        1.07882531675932       -280817594.115134     
  -97750.0000000000        1.07852979756717       -280817583.328359     
  -97740.0000000000        1.07823436286344       -280817572.544528     
  -97730.0000000000        1.07793901240802       -280817561.763699     
  -97720.0000000000        1.07764374541148       -280817550.985772     
  -97710.0000000000        1.07734856265233       -280817540.210799     
  -97700.0000000000        1.07705346400326       -280817529.438794     
  -97690.0000000000        1.07675844933692       -280817518.669739     
  -97680.0000000000        1.07646351791846       -280817507.903612     
  -97670.0000000000        1.07616867032993       -280817497.140461     
  -97660.0000000000        1.07587390760818       -280817486.380255     
  -97650.0000000000        1.07557922778142       -280817475.622991     
  -97640.0000000000        1.07528463238123       -280817464.868673     
  -97630.0000000000        1.07499012066546       -280817454.117289     
  -97620.0000000000        1.07469569210298       -280817443.368851     
  -97610.0000000000        1.07440134777426       -280817432.623383     
  -97600.0000000000        1.07410708745374       -280817421.880829     
  -97590.0000000000        1.07381290968624       -280817411.141233     
  -97580.0000000000        1.07351881681097       -280817400.404559     
  -97570.0000000000        1.07322480716903       -280817389.670875     
  -97560.0000000000        1.07293088075312       -280817378.940089     
  -97550.0000000000        1.07263703863646       -280817368.212244     
  -97540.0000000000        1.07234327978222       -280817357.487346     
  -97530.0000000000        1.07204960418676       -280817346.765366     
  -97520.0000000000        1.07175601232302       -280817336.046346     
  -97510.0000000000        1.07146250376172       -280817325.330249     
  -97500.0000000000        1.07116907911040       -280817314.617108     
  -97490.0000000000        1.07087573738318       -280817303.906872     
  -97480.0000000000        1.07058247941313       -280817293.199597     
  -97470.0000000000        1.07028930476008       -280817282.495222     
  -97460.0000000000        1.06999621334398       -280817271.793806     
  -97450.0000000000        1.06970320575056       -280817261.095310     
  -97440.0000000000        1.06941028105211       -280817250.399736     
  -97430.0000000000        1.06911744016907       -280817239.707096     
  -97420.0000000000        1.06882468197000       -280817229.017380     
  -97410.0000000000        1.06853200744808       -280817218.330604     
  -97400.0000000000        1.06823941587936       -280817207.646734     
  -97390.0000000000        1.06794690790048       -280817196.965804     
  -97380.0000000000        1.06765448307851       -280817186.287799     
  -97370.0000000000        1.06736214110424       -280817175.612698     
  -97360.0000000000        1.06706988224323       -280817164.940549     
  -97350.0000000000        1.06677770656097       -280817154.271319     
  -97340.0000000000        1.06648561444672       -280817143.604999     
  -97330.0000000000        1.06619360498371       -280817132.941623     
  -97320.0000000000        1.06590167837203       -280817122.281138     
  -97310.0000000000        1.06560983511736       -280817111.623595     
  -97300.0000000000        1.06531807497959       -280817100.968932     
  -97290.0000000000        1.06502639802420       -280817090.317216     
  -97280.0000000000        1.06473480346904       -280817079.668404     
  -97270.0000000000        1.06444329224905       -280817069.022521     
  -97260.0000000000        1.06415186366576       -280817058.379541     
  -97250.0000000000        1.06386051802838       -280817047.739478     
  -97240.0000000000        1.06356925513319       -280817037.102353     
  -97230.0000000000        1.06327807515845       -280817026.468106     
  -97220.0000000000        1.06298697846069       -280817015.836761     
  -97210.0000000000        1.06269596394850       -280817005.208353     
  -97200.0000000000        1.06240503256777       -280816994.582831     
  -97190.0000000000        1.06211418396924       -280816983.960261     
  -97180.0000000000        1.06182341809108       -280816973.340566     
  -97170.0000000000        1.06153273475138       -280816962.723768     
  -97160.0000000000        1.06124213413932       -280816952.109927     
  -97150.0000000000        1.06095161610210       -280816941.498931     
  -97140.0000000000        1.06066118084709       -280816930.890872     
  -97130.0000000000        1.06037082820330       -280816920.285731     
  -97120.0000000000        1.06008055803613       -280816909.683448     
  -97110.0000000000        1.05979037052748       -280816899.084098     
  -97100.0000000000        1.05950026554274       -280816888.487653     
  -97090.0000000000        1.05921024331474       -280816877.894095     
  -97080.0000000000        1.05892030300674       -280816867.303446     
  -97070.0000000000        1.05863044581929       -280816856.715688     
  -97060.0000000000        1.05834067073738       -280816846.130842     
  -97050.0000000000        1.05805097806297       -280816835.548891     
  -97040.0000000000        1.05776136787608       -280816824.969829     
  -97030.0000000000        1.05747183988206       -280816814.393652     
  -97020.0000000000        1.05718239437920       -280816803.820385     
  -97010.0000000000        1.05689303130566       -280816793.250010     
  -97000.0000000000        1.05660375048319       -280816782.682537     
  -96990.0000000000        1.05631455193725       -280816772.117932     
  -96980.0000000000        1.05602543590066       -280816761.556235     
  -96970.0000000000        1.05573640124931       -280816750.997414     
  -96960.0000000000        1.05544744967483       -280816740.441491     
  -96950.0000000000        1.05515857991486       -280816729.888481     
  -96940.0000000000        1.05486979278794       -280816719.338314     
  -96930.0000000000        1.05458108704624       -280816708.791081     
  -96920.0000000000        1.05429246418862       -280816698.246709     
  -96910.0000000000        1.05400392285810       -280816687.705230     
  -96900.0000000000        1.05371546367678       -280816677.166615     
  -96890.0000000000        1.05342708680109       -280816666.630924     
  -96880.0000000000        1.05313879186724       -280816656.098084     
  -96870.0000000000        1.05285057893343       -280816645.568137     
  -96860.0000000000        1.05256244804332       -280816635.041070     
  -96850.0000000000        1.05227439913142       -280816624.516893     
  -96840.0000000000        1.05198643143740       -280816613.995576     
  -96830.0000000000        1.05169854677661       -280816603.477158     
  -96820.0000000000        1.05141074303538       -280816592.961624     
  -96810.0000000000        1.05112302195266       -280816582.448948     
  -96800.0000000000        1.05083538215695       -280816571.939160     
  -96790.0000000000        1.05054782431034       -280816561.432233     
  -96780.0000000000        1.05026034847106       -280816550.928209     
  -96770.0000000000        1.04997295419525       -280816540.427028     
  -96760.0000000000        1.04968564207593       -280816529.928746     
  -96750.0000000000        1.04939841094529       -280816519.433331     
  -96740.0000000000        1.04911126224761       -280816508.940789     
  -96730.0000000000        1.04882419469504       -280816498.451087     
  -96720.0000000000        1.04853720930623       -280816487.964275     
  -96710.0000000000        1.04825030541906       -280816477.480347     
  -96700.0000000000        1.04796348269520       -280816466.999273     
  -96690.0000000000        1.04767674186587       -280816456.521089     
  -96680.0000000000        1.04739008249817       -280816446.045749     
  -96670.0000000000        1.04710350491587       -280816435.573286     
  -96660.0000000000        1.04681700873698       -280816425.103663     
  -96650.0000000000        1.04653059397242       -280816414.636941     
  -96640.0000000000        1.04624426083319       -280816404.173067     
  -96630.0000000000        1.04595800863899       -280816393.712051     
  -96620.0000000000        1.04567183841937       -280816383.253927     
  -96610.0000000000        1.04538574925755       -280816372.798625     
  -96600.0000000000        1.04509974153189       -280816362.346191     
  -96590.0000000000        1.04481381575170       -280816351.896612     
  -96580.0000000000        1.04452797043996       -280816341.449915     
  -96570.0000000000        1.04424220672081       -280816331.006052     
  -96560.0000000000        1.04395652476160       -280816320.565076     
  -96550.0000000000        1.04367092353641       -280816310.126919     
  -96540.0000000000        1.04338540376193       -280816299.691645     
  -96530.0000000000        1.04309996491793       -280816289.259229     
  -96520.0000000000        1.04281460757920       -280816278.829651     
  -96510.0000000000        1.04252933112002       -280816268.402914     
  -96500.0000000000        1.04224413586053       -280816257.979053     
  -96490.0000000000        1.04195902190622       -280816247.558050     
  -96480.0000000000        1.04167398888967       -280816237.139876     
  -96470.0000000000        1.04138903655621       -280816226.724568     
  -96460.0000000000        1.04110416630647       -280816216.312107     
  -96450.0000000000        1.04081937599040       -280816205.902477     
  -96440.0000000000        1.04053466759797       -280816195.495717     
  -96430.0000000000        1.04025003981224       -280816185.091790     
  -96420.0000000000        1.03996549322255       -280816174.690712     
  -96410.0000000000        1.03968102701401       -280816164.292473     
  -96400.0000000000        1.03939664215795       -280816153.897066     
  -96390.0000000000        1.03911233787949       -280816143.504552     
  -96380.0000000000        1.03882811490985       -280816133.114843     
  -96370.0000000000        1.03854397272880       -280816122.727977     
  -96360.0000000000        1.03825991041231       -280816112.343981     
  -96350.0000000000        1.03797592971750       -280816101.962812     
  -96340.0000000000        1.03769202995682       -280816091.584445     
  -96330.0000000000        1.03740821055180       -280816081.208936     
  -96320.0000000000        1.03712447212092       -280816070.836284     
  -96310.0000000000        1.03684081399115       -280816060.466462     
  -96300.0000000000        1.03655723717384       -280816050.099462     
  -96290.0000000000        1.03627374086136       -280816039.735296     
  -96280.0000000000        1.03599032443526       -280816029.373980     
  -96270.0000000000        1.03570698939075       -280816019.015503     
  -96260.0000000000        1.03542373435266       -280816008.659857     
  -96250.0000000000        1.03514056035056       -280815998.307027     
  -96240.0000000000        1.03485746698061       -280815987.957026     
  -96230.0000000000        1.03457445397726       -280815977.609891     
  -96220.0000000000        1.03429152133685       -280815967.265538     
  -96210.0000000000        1.03400866884840       -280815956.924041     
  -96200.0000000000        1.03372589726132       -280815946.585386     
  -96190.0000000000        1.03344320622637       -280815936.249515     
  -96180.0000000000        1.03316059524514       -280815925.916513     
  -96170.0000000000        1.03287806495791       -280815915.586330     
  -96160.0000000000        1.03259561483355       -280815905.258950     
  -96150.0000000000        1.03231324529770       -280815894.934407     
  -96140.0000000000        1.03203095548815       -280815884.612677     
  -96130.0000000000        1.03174874636534       -280815874.293769     
  -96120.0000000000        1.03146661736173       -280815863.977727     
  -96110.0000000000        1.03118456896482       -280815853.664460     
  -96100.0000000000        1.03090260024328       -280815843.354002     
  -96090.0000000000        1.03062071188106       -280815833.046408     
  -96080.0000000000        1.03033890418010       -280815822.741595     
  -96070.0000000000        1.03005717613632       -280815812.439608     
  -96060.0000000000        1.02977552811717       -280815802.140462     
  -96050.0000000000        1.02949396051554       -280815791.844100     
  -96040.0000000000        1.02921247270933       -280815781.550575     
  -96030.0000000000        1.02893106516058       -280815771.259867     
  -96020.0000000000        1.02864973749820       -280815760.971956     
  -96010.0000000000        1.02836849011510       -280815750.686859     
  -96000.0000000000        1.02808732255289       -280815740.404593     
  -95990.0000000000        1.02780623494982       -280815730.125117     
  -95980.0000000000        1.02752522710944       -280815719.848439     
  -95970.0000000000        1.02724429931186       -280815709.574616     
  -95960.0000000000        1.02696345166987       -280815699.303568     
  -95950.0000000000        1.02668268372145       -280815689.035341     
  -95940.0000000000        1.02640199559755       -280815678.769922     
  -95930.0000000000        1.02612138713084       -280815668.507316     
  -95920.0000000000        1.02584085886338       -280815658.247485     
  -95910.0000000000        1.02556040992931       -280815647.990498     
  -95900.0000000000        1.02528004107444       -280815637.736275     
  -95890.0000000000        1.02499975212413       -280815627.484890     
  -95880.0000000000        1.02471954223802       -280815617.236284     
  -95870.0000000000        1.02443941239108       -280815606.990474     
  -95860.0000000000        1.02415936229954       -280815596.747494     
  -95850.0000000000        1.02387939189430       -280815586.507305     
  -95840.0000000000        1.02359950081154       -280815576.269916     
  -95830.0000000000        1.02331968953877       -280815566.035321     
  -95820.0000000000        1.02303995757393       -280815555.803517     
  -95810.0000000000        1.02276030527719       -280815545.574518     
  -95800.0000000000        1.02248073289229       -280815535.348323     
  -95790.0000000000        1.02220123959705       -280815525.124888     
  -95780.0000000000        1.02192182590807       -280815514.904279     
  -95770.0000000000        1.02164249166526       -280815504.686469     
  -95760.0000000000        1.02136323699960       -280815494.471434     
  -95750.0000000000        1.02108406175466       -280815484.259197     
  -95740.0000000000        1.02080496538110       -280815474.049753     
  -95730.0000000000        1.02052594889392       -280815463.843096     
  -95720.0000000000        1.02024701151822       -280815453.639238     
  -95710.0000000000        1.01996815387974       -280815443.438163     
  -95700.0000000000        1.01968937482525       -280815433.239862     
  -95690.0000000000        1.01941067578082       -280815423.044366     
  -95680.0000000000        1.01913205559686       -280815412.851667     
  -95670.0000000000        1.01885351441160       -280815402.661732     
  -95660.0000000000        1.01857505277439       -280815392.474593     
  -95650.0000000000        1.01829667007769       -280815382.290233     
  -95640.0000000000        1.01801836702725       -280815372.108657     
  -95630.0000000000        1.01774014295006       -280815361.929863     
  -95620.0000000000        1.01746199791523       -280815351.753844     
  -95610.0000000000        1.01718393189731       -280815341.580622     
  -95600.0000000000        1.01690594461616       -280815331.410177     
  -95590.0000000000        1.01662803697400       -280815321.242493     
  -95580.0000000000        1.01635020806498       -280815311.077604     
  -95570.0000000000        1.01607245823834       -280815300.915498     
  -95560.0000000000        1.01579478709755       -280815290.756171     
  -95550.0000000000        1.01551719524650       -280815280.599603     
  -95540.0000000000        1.01523968257243       -280815270.445830     
  -95530.0000000000        1.01496224821676       -280815260.294811     
  -95520.0000000000        1.01468489307808       -280815250.146565     
  -95510.0000000000        1.01440761659978       -280815240.001099     
  -95500.0000000000        1.01413041924752       -280815229.858410     
  -95490.0000000000        1.01385330105404       -280815219.718497     
  -95480.0000000000        1.01357626066238       -280815209.581351     
  -95470.0000000000        1.01329929977874       -280815199.446969     
  -95460.0000000000        1.01302241747180       -280815189.315367     
  -95450.0000000000        1.01274561387254       -280815179.186534     
  -95440.0000000000        1.01246888902097       -280815169.060454     
  -95430.0000000000        1.01219224265151       -280815158.937149     
  -95420.0000000000        1.01191567524438       -280815148.816602     
  -95410.0000000000        1.01163918662132       -280815138.698833     
  -95400.0000000000        1.01136277596015       -280815128.583818     
  -95390.0000000000        1.01108644399574       -280815118.471585     
  -95380.0000000000        1.01081019115009       -280815108.362100     
  -95370.0000000000        1.01053401663739       -280815098.255369     
  -95360.0000000000        1.01025792067230       -280815088.151410     
  -95350.0000000000        1.00998190292376       -280815078.050227     
  -95340.0000000000        1.00970596381376       -280815067.951779     
  -95330.0000000000        1.00943010326591       -280815057.856112     
  -95320.0000000000        1.00915432131660       -280815047.763184     
  -95310.0000000000        1.00887861742012       -280815037.673011     
  -95300.0000000000        1.00860299183114       -280815027.585601     
  -95290.0000000000        1.00832744526633       -280815017.500954     
  -95280.0000000000        1.00805197650334       -280815007.419054     
  -95270.0000000000        1.00777658591323       -280814997.339914     
  -95260.0000000000        1.00750127419087       -280814987.263517     
  -95250.0000000000        1.00722604016846       -280814977.189897     
  -95240.0000000000        1.00695088482098       -280814967.119012     
  -95230.0000000000        1.00667580765730       -280814957.050870     
  -95220.0000000000        1.00640080857193       -280814946.985488     
  -95210.0000000000        1.00612588748481       -280814936.922851     
  -95200.0000000000        1.00585104502170       -280814926.862965     
  -95190.0000000000        1.00557628055685       -280814916.805819     
  -95180.0000000000        1.00530159398113       -280814906.751448     
  -95170.0000000000        1.00502698573109       -280814896.699785     
  -95160.0000000000        1.00475245525740       -280814886.650901     
  -95150.0000000000        1.00447800336406       -280814876.604748     
  -95140.0000000000        1.00420362909790       -280814866.561334     
  -95130.0000000000        1.00392933303738       -280814856.520669     
  -95120.0000000000        1.00365511464042       -280814846.482763     
  -95110.0000000000        1.00338097433632       -280814836.447581     
  -95100.0000000000        1.00310691224513       -280814826.415136     
  -95090.0000000000        1.00283292797758       -280814816.385434     
  -95080.0000000000        1.00255902169374       -280814806.358463     
  -95070.0000000000        1.00228519318989       -280814796.334255     
  -95060.0000000000        1.00201144274615       -280814786.312780     
  -95050.0000000000        1.00173776944212       -280814776.294022     
  -95040.0000000000        1.00146417446376       -280814766.278005     
  -95030.0000000000        1.00119065713443       -280814756.264740     
  -95020.0000000000        1.00091721776334       -280814746.254196     
  -95010.0000000000        1.00064385627775       -280814736.246394     
  -95000.0000000000        1.00037057182635       -280814726.241336     
  -94990.0000000000        1.00009736560605       -280814716.238978     
  -94980.0000000000       0.999824236856512       -280814706.239365     
  -94970.0000000000       0.999551186039753       -280814696.242492     
  -94960.0000000000       0.999278212639183       -280814686.248347     
  -94950.0000000000       0.999005316421972       -280814676.256936     
  -94940.0000000000       0.998732498555910       -280814666.268242     
  -94930.0000000000       0.998459757840465       -280814656.282281     
  -94920.0000000000       0.998187094635796       -280814646.299054     
  -94910.0000000000       0.997914509283873       -280814636.318542     
  -94900.0000000000       0.997642000980704       -280814626.340763     
  -94890.0000000000       0.997369570603041       -280814616.365708     
  -94880.0000000000       0.997097217390547       -280814606.393367     
  -94870.0000000000       0.996824941805244       -280814596.423765     
  -94860.0000000000       0.996552743246866       -280814586.456870     
  -94850.0000000000       0.996280622333870       -280814576.492708     
  -94840.0000000000       0.996008578971669       -280814566.531251     
  -94830.0000000000       0.995736612756446       -280814556.572533     
  -94820.0000000000       0.995464723891928       -280814546.616528     
  -94810.0000000000       0.995192912731000       -280814536.663227     
  -94800.0000000000       0.994921178171353       -280814526.712656     
  -94790.0000000000       0.994649520653184       -280814516.764819     
  -94780.0000000000       0.994377941162384       -280814506.819673     
  -94770.0000000000       0.994106438069139       -280814496.877259     
  -94760.0000000000       0.993835013581702       -280814486.937539     
  -94750.0000000000       0.993563664746034       -280814477.000561     
  -94740.0000000000       0.993292393850425       -280814467.066281     
  -94730.0000000000       0.993021199701616       -280814457.134709     
  -94720.0000000000       0.992750083081773       -280814447.205846     
  -94710.0000000000       0.992479043441563       -280814437.279698     
  -94700.0000000000       0.992208080348064       -280814427.356274     
  -94690.0000000000       0.991937194514321       -280814417.435549     
  -94680.0000000000       0.991666385922144       -280814407.517524     
  -94670.0000000000       0.991395654349617       -280814397.602213     
  -94660.0000000000       0.991124999476597       -280814387.689611     
  -94650.0000000000       0.990854421947006       -280814377.779724     
  -94640.0000000000       0.990583920880454       -280814367.872515     
  -94630.0000000000       0.990313497488387       -280814357.968021     
  -94620.0000000000       0.990043150133715       -280814348.066245     
  -94610.0000000000       0.989772879627708       -280814338.167168     
  -94600.0000000000       0.989502686374180       -280814328.270794     
  -94590.0000000000       0.989232569932938       -280814318.377104     
  -94580.0000000000       0.988962530078425       -280814308.486153     
  -94570.0000000000       0.988692567123508       -280814298.597869     
  -94560.0000000000       0.988422680860822       -280814288.712292     
  -94550.0000000000       0.988152871283091       -280814278.829402     
  -94540.0000000000       0.987883138630423       -280814268.949222     
  -94530.0000000000       0.987613482517190       -280814259.071748     
  -94520.0000000000       0.987343902987050       -280814249.196962     
  -94510.0000000000       0.987074400312849       -280814239.324875     
  -94500.0000000000       0.986804974265397       -280814229.455475     
  -94490.0000000000       0.986535624491808       -280814219.588765     
  -94480.0000000000       0.986266351534141       -280814209.724769     
  -94470.0000000000       0.985997154992219       -280814199.863435     
  -94460.0000000000       0.985728035120701       -280814190.004816     
  -94450.0000000000       0.985458991868654       -280814180.148881     
  -94440.0000000000       0.985190024694020       -280814170.295622     
  -94430.0000000000       0.984921134357137       -280814160.445087     
  -94420.0000000000       0.984652320428722       -280814150.597214     
  -94410.0000000000       0.984383582574083       -280814140.752043     
  -94400.0000000000       0.984114921444416       -280814130.909545     
  -94390.0000000000       0.983846336912393       -280814121.069736     
  -94380.0000000000       0.983577828101261       -280814111.232617     
  -94370.0000000000       0.983309396047844       -280814101.398176     
  -94360.0000000000       0.983041040490207       -280814091.566421     
  -94350.0000000000       0.982772760926309       -280814081.737359     
  -94340.0000000000       0.982504557607172       -280814071.910973     
  -94330.0000000000       0.982236430798366       -280814062.087268     
  -94320.0000000000       0.981968380201579       -280814052.266237     
  -94310.0000000000       0.981700405765878       -280814042.447899     
  -94300.0000000000       0.981432507524005       -280814032.632230     
  -94290.0000000000       0.981164685112162       -280814022.819251     
  -94280.0000000000       0.980896938915976       -280814013.008935     
  -94270.0000000000       0.980629269153724       -280814003.201309     
  -94260.0000000000       0.980361675185122       -280813993.396349     
  -94250.0000000000       0.980094157825079       -280813983.594070     
  -94240.0000000000       0.979826715807576       -280813973.794469     
  -94230.0000000000       0.979559350242198       -280813963.997543     
  -94220.0000000000       0.979292060637817       -280813954.203281     
  -94210.0000000000       0.979024847398250       -280813944.411694     
  -94200.0000000000       0.978757709690399       -280813934.622784     
  -94190.0000000000       0.978490647688886       -280813924.836555     
  -94180.0000000000       0.978223662285018       -280813915.052975     
  -94170.0000000000       0.977956752274622       -280813905.272067     
  -94160.0000000000       0.977689917937823       -280813895.493841     
  -94150.0000000000       0.977423160256876       -280813885.718277     
  -94140.0000000000       0.977156477962126       -280813875.945380     
  -94130.0000000000       0.976889871421008       -280813866.175141     
  -94120.0000000000       0.976623340924561       -280813856.407575     
  -94110.0000000000       0.976356886407302       -280813846.642677     
  -94100.0000000000       0.976090507137997       -280813836.880442     
  -94090.0000000000       0.975824203542288       -280813827.120874     
  -94080.0000000000       0.975557976005803       -280813817.363962     
  -94070.0000000000       0.975291824070155       -280813807.609715     
  -94060.0000000000       0.975025747888139       -280813797.858116     
  -94050.0000000000       0.974759747317876       -280813788.109183     
  -94040.0000000000       0.974493822370277       -280813778.362910     
  -94030.0000000000       0.974227973016241       -280813768.619315     
  -94020.0000000000       0.973962199270318       -280813758.878366     
  -94010.0000000000       0.973696500816004       -280813749.140067     
  -94000.0000000000       0.973430878395448       -280813739.404425     
  -93990.0000000000       0.973165331397468       -280813729.671455     
  -93980.0000000000       0.972899859858444       -280813719.941125     
  -93970.0000000000       0.972634463603754       -280813710.213453     
  -93960.0000000000       0.972369142913522       -280813700.488441     
  -93950.0000000000       0.972103897907800       -280813690.766067     
  -93940.0000000000       0.971838727560680       -280813681.046358     
  -93930.0000000000       0.971573633287335       -280813671.329295     
  -93920.0000000000       0.971308614403824       -280813661.614888     
  -93910.0000000000       0.971043670728250       -280813651.903129     
  -93900.0000000000       0.970778802206041       -280813642.194021     
  -93890.0000000000       0.970514009386534       -280813632.487540     
  -93880.0000000000       0.970249291574873       -280813622.783730     
  -93870.0000000000       0.969984649414982       -280813613.082566     
  -93860.0000000000       0.969720082328422       -280813603.384032     
  -93850.0000000000       0.969455589911377       -280813593.688165     
  -93840.0000000000       0.969191173513536       -280813583.994926     
  -93830.0000000000       0.968926831850695       -280813574.304338     
  -93820.0000000000       0.968662565344857       -280813564.616384     
  -93810.0000000000       0.968398374345270       -280813554.931087     
  -93800.0000000000       0.968134258033388       -280813545.248424     
  -93790.0000000000       0.967870216929441       -280813535.568400     
  -93780.0000000000       0.967606251397228       -280813525.891017     
  -93770.0000000000       0.967342360319890       -280813516.216287     
  -93760.0000000000       0.967078544672404       -280813506.544165     
  -93750.0000000000       0.966814803934540       -280813496.874703     
  -93740.0000000000       0.966551138139039       -280813487.207868     
  -93730.0000000000       0.966287547344109       -280813477.543674     
  -93720.0000000000       0.966024030913104       -280813467.882126     
  -93710.0000000000       0.965760590403079       -280813458.223199     
  -93700.0000000000       0.965497224504361       -280813448.566913     
  -93690.0000000000       0.965233933315176       -280813438.913249     
  -93680.0000000000       0.964970717046526       -280813429.262233     
  -93670.0000000000       0.964707575869397       -280813419.613845     
  -93660.0000000000       0.964444509223540       -280813409.968081     
  -93650.0000000000       0.964181517258112       -280813400.324957     
  -93640.0000000000       0.963918600358738       -280813390.684443     
  -93630.0000000000       0.963655758660025       -280813381.046578     
  -93620.0000000000       0.963392990935972       -280813371.411338     
  -93610.0000000000       0.963130298809119       -280813361.778707     
  -93600.0000000000       0.962867680551426       -280813352.148720     
  -93590.0000000000       0.962605137505307       -280813342.521359     
  -93580.0000000000       0.962342668939527       -280813332.896627     
  -93570.0000000000       0.962080274966866       -280813323.274503     
  -93560.0000000000       0.961817955678271       -280813313.655020     
  -93550.0000000000       0.961555711004621       -280813304.038147     
  -93540.0000000000       0.961293541222403       -280813294.423906     
  -93530.0000000000       0.961031445247500       -280813284.812271     
  -93520.0000000000       0.960769424636965       -280813275.203285     
  -93510.0000000000       0.960507477844658       -280813265.596898     
  -93500.0000000000       0.960245606078388       -280813255.993126     
  -93490.0000000000       0.959983808432298       -280813246.391977     
  -93480.0000000000       0.959722085215617       -280813236.793464     
  -93470.0000000000       0.959460437086818       -280813227.197533     
  -93460.0000000000       0.959198863023630       -280813217.604239     
  -93450.0000000000       0.958937363135192       -280813208.013561     
  -93440.0000000000       0.958675937763473       -280813198.425485     
  -93430.0000000000       0.958414587057632       -280813188.840039     
  -93420.0000000000       0.958153310792113       -280813179.257190     
  -93410.0000000000       0.957892108253873       -280813169.676970     
  -93400.0000000000       0.957630980123213       -280813160.099367     
  -93390.0000000000       0.957369926709362       -280813150.524348     
  -93380.0000000000       0.957108946975495       -280813140.951964     
  -93370.0000000000       0.956848041685589       -280813131.382181     
  -93360.0000000000       0.956587210726866       -280813121.815005     
  -93350.0000000000       0.956326454186637       -280813112.250438     
  -93340.0000000000       0.956065771690191       -280813102.688467     
  -93330.0000000000       0.955805163284822       -280813093.129112     
  -93320.0000000000       0.955544628690404       -280813083.572364     
  -93310.0000000000       0.955284169136576       -280813074.018223     
  -93300.0000000000       0.955023782436911       -280813064.466683     
  -93290.0000000000       0.954763470843318       -280813054.917739     
  -93280.0000000000       0.954503232656862       -280813045.371406     
  -93270.0000000000       0.954243068939832       -280813035.827672     
  -93260.0000000000       0.953982978888234       -280813026.286554     
  -93250.0000000000       0.953722963196924       -280813016.748015     
  -93240.0000000000       0.953463021076459       -280813007.212089     
  -93230.0000000000       0.953203153330833       -280812997.678763     
  -93220.0000000000       0.952943359596247       -280812988.148029     
  -93210.0000000000       0.952683639337920       -280812978.619892     
  -93200.0000000000       0.952423993374396       -280812969.094354     
  -93190.0000000000       0.952164420981717       -280812959.571415     
  -93180.0000000000       0.951904922731046       -280812950.051062     
  -93170.0000000000       0.951645497862046       -280812940.533314     
  -93160.0000000000       0.951386146931327       -280812931.018152     
  -93150.0000000000       0.951126870691951       -280812921.505589     
  -93140.0000000000       0.950867667506827       -280812911.995608     
  -93130.0000000000       0.950608537888911       -280812902.488239     
  -93120.0000000000       0.950349482169258       -280812892.983446     
  -93110.0000000000       0.950090500271472       -280812883.481249     
  -93100.0000000000       0.949831592115515       -280812873.981630     
  -93090.0000000000       0.949572757464921       -280812864.484613     
  -93080.0000000000       0.949313996472483       -280812854.990179     
  -93070.0000000000       0.949055309651158       -280812845.498337     
  -93060.0000000000       0.948796695789497       -280812836.009071     
  -93050.0000000000       0.948538155967981       -280812826.522399     
  -93040.0000000000       0.948279689284391       -280812817.038320     
  -93030.0000000000       0.948021296546358       -280812807.556808     
  -93020.0000000000       0.947762977204547       -280812798.077884     
  -93010.0000000000       0.947504731568188       -280812788.601547     
  -93000.0000000000       0.947246559077030       -280812779.127790     
  -92990.0000000000       0.946988460415014       -280812769.656616     
  -92980.0000000000       0.946730434909114       -280812760.188036     
  -92970.0000000000       0.946472483134130       -280812750.722016     
  -92960.0000000000       0.946214604435227       -280812741.258566     
  -92950.0000000000       0.945956799740088       -280812731.797714     
  -92940.0000000000       0.945699067702662       -280812722.339431     
  -92930.0000000000       0.945441409901832       -280812712.883738     
  -92920.0000000000       0.945183824729611       -280812703.430621     
  -92910.0000000000       0.944926313150063       -280812693.980048     
  -92900.0000000000       0.944668874886702       -280812684.532081     
  -92890.0000000000       0.944411509906786       -280812675.086679     
  -92880.0000000000       0.944154218264885       -280812665.643851     
  -92870.0000000000       0.943896999557182       -280812656.203601     
  -92860.0000000000       0.943639854609501       -280812646.765915     
  -92850.0000000000       0.943382782388653       -280812637.330796     
  -92840.0000000000       0.943125783538562       -280812627.898252     
  -92830.0000000000       0.942868857771828       -280812618.468294     
  -92820.0000000000       0.942612005335832       -280812609.040874     
  -92810.0000000000       0.942355225855863       -280812599.616040     
  -92800.0000000000       0.942098519572028       -280812590.193776     
  -92790.0000000000       0.941841886422480       -280812580.774080     
  -92780.0000000000       0.941585326381755       -280812571.356928     
  -92770.0000000000       0.941328839504422       -280812561.942364     
  -92760.0000000000       0.941072425011953       -280812552.530361     
  -92750.0000000000       0.940816084650578       -280812543.120924     
  -92740.0000000000       0.940559816579480       -280812533.714031     
  -92730.0000000000       0.940303621693602       -280812524.309725     
  -92720.0000000000       0.940047499301727       -280812514.907966     
  -92710.0000000000       0.939791450386110       -280812505.508764     
  -92700.0000000000       0.939535474652075       -280812496.112124     
  -92690.0000000000       0.939279570848157       -280812486.718054     
  -92680.0000000000       0.939023740756966       -280812477.326549     
  -92670.0000000000       0.938767983774596       -280812467.937576     
  -92660.0000000000       0.938512298806017       -280812458.551181     
  -92650.0000000000       0.938256686877139       -280812449.167346     
  -92640.0000000000       0.938001148075273       -280812439.786044     
  -92630.0000000000       0.937745681836532       -280812430.407314     
  -92620.0000000000       0.937490288371919       -280812421.031130     
  -92610.0000000000       0.937234967972472       -280812411.657512     
  -92600.0000000000       0.936979720081581       -280812402.286437     
  -92590.0000000000       0.936724544782919       -280812392.917915     
  -92580.0000000000       0.936469442127418       -280812383.551936     
  -92570.0000000000       0.936214412271511       -280812374.188516     
  -92560.0000000000       0.935959455280681       -280812364.827662     
  -92550.0000000000       0.935704571085807       -280812355.469327     
  -92540.0000000000       0.935449758919276       -280812346.113561     
  -92530.0000000000       0.935195019999810       -280812336.760343     
  -92520.0000000000       0.934940353141428       -280812327.409659     
  -92510.0000000000       0.934685759006243       -280812318.061530     
  -92500.0000000000       0.934431237597892       -280812308.715954     
  -92490.0000000000       0.934176788490731       -280812299.372918     
  -92480.0000000000       0.933922412132233       -280812290.032409     
  -92470.0000000000       0.933668107998528       -280812280.694453     
  -92460.0000000000       0.933413876828126       -280812271.359036     
  -92450.0000000000       0.933159717751550       -280812262.026180     
  -92440.0000000000       0.932905630816094       -280812252.695857     
  -92430.0000000000       0.932651617022202       -280812243.368063     
  -92420.0000000000       0.932397675140237       -280812234.042812     
  -92410.0000000000       0.932143805752276       -280812224.720118     
  -92400.0000000000       0.931890008567279       -280812215.399952     
  -92390.0000000000       0.931636284065462       -280812206.082301     
  -92380.0000000000       0.931382631551969       -280812196.767216     
  -92370.0000000000       0.931129051568860       -280812187.454655     
  -92360.0000000000       0.930875543945149       -280812178.144641     
  -92350.0000000000       0.930622108400712       -280812168.837152     
  -92340.0000000000       0.930368744993757       -280812159.532197     
  -92330.0000000000       0.930115454299084       -280812150.229772     
  -92320.0000000000       0.929862235429027       -280812140.929888     
  -92310.0000000000       0.929609089031146       -280812131.632528     
  -92300.0000000000       0.929356014858058       -280812122.337692     
  -92290.0000000000       0.929103012837004       -280812113.045417     
  -92280.0000000000       0.928850082575082       -280812103.755636     
  -92270.0000000000       0.928597224774421       -280812094.468405     
  -92260.0000000000       0.928344439038483       -280812085.183703     
  -92250.0000000000       0.928091725476406       -280812075.901512     
  -92240.0000000000       0.927839083786239       -280812066.621867     
  -92230.0000000000       0.927586514357245       -280812057.344728     
  -92220.0000000000       0.927334016800160       -280812048.070133     
  -92210.0000000000       0.927081591158640       -280812038.798042     
  -92200.0000000000       0.926829237629136       -280812029.528503     
  -92190.0000000000       0.926576956302597       -280812020.261469     
  -92180.0000000000       0.926324747251783       -280812010.996958     
  -92170.0000000000       0.926072609541734       -280812001.734981     
  -92160.0000000000       0.925820543870941       -280811992.475515     
  -92150.0000000000       0.925568550148455       -280811983.218567     
  -92140.0000000000       0.925316628650762       -280811973.964145     
  -92130.0000000000       0.925064778824890       -280811964.712232     
  -92120.0000000000       0.924813000678114       -280811955.462840     
  -92110.0000000000       0.924561294650630       -280811946.215989     
  -92100.0000000000       0.924309660298604       -280811936.971623     
  -92090.0000000000       0.924058097672969       -280811927.729770     
  -92080.0000000000       0.923806607042934       -280811918.490460     
  -92070.0000000000       0.923555188153841       -280811909.253651     
  -92060.0000000000       0.923303840987501       -280811900.019350     
  -92050.0000000000       0.923052565667604       -280811890.787571     
  -92040.0000000000       0.922801362008613       -280811881.558296     
  -92030.0000000000       0.922550230294291       -280811872.331524     
  -92020.0000000000       0.922299169724283       -280811863.107300     
  -92010.0000000000       0.922048181273567       -280811853.885552     
  -92000.0000000000       0.921797264381894       -280811844.666325     
  -91990.0000000000       0.921546419194783       -280811835.449610     
  -91980.0000000000       0.921295645424834       -280811826.235403     
  -91970.0000000000       0.921044943595916       -280811817.023688     
  -91960.0000000000       0.920794313064107       -280811807.814507     
  -91950.0000000000       0.920543754415121       -280811798.607804     
  -91940.0000000000       0.920293266968656       -280811789.403629     
  -91930.0000000000       0.920042851063045       -280811780.201947     
  -91920.0000000000       0.919792506938393       -280811771.002763     
  -91910.0000000000       0.919542234125402       -280811761.806086     
  -91900.0000000000       0.919292033253441       -280811752.611926     
  -91890.0000000000       0.919041903445759       -280811743.420262     
  -91880.0000000000       0.918791844836960       -280811734.231089     
  -91870.0000000000       0.918541858067329       -280811725.044428     
  -91860.0000000000       0.918291943053191       -280811715.860257     
  -91850.0000000000       0.918042098794103       -280811706.678576     
  -91840.0000000000       0.917792326479685       -280811697.499396     
  -91830.0000000000       0.917542625171336       -280811688.322732     
  -91820.0000000000       0.917292995312891       -280811679.148557     
  -91810.0000000000       0.917043436991662       -280811669.976874     
  -91800.0000000000       0.916793949392741       -280811660.807686     
  -91790.0000000000       0.916544533658453       -280811651.640978     
  -91780.0000000000       0.916295189254015       -280811642.476804     
  -91770.0000000000       0.916045915877476       -280811633.315088     
  -91760.0000000000       0.915796713979944       -280811624.155865     
  -91750.0000000000       0.915547582892032       -280811614.999156     
  -91740.0000000000       0.915298523654201       -280811605.844933     
  -91730.0000000000       0.915049535044091       -280811596.693184     
  -91720.0000000000       0.914800618164008       -280811587.543932     
  -91710.0000000000       0.914551772024424       -280811578.397169     
  -91700.0000000000       0.914302997371124       -280811569.252893     
  -91690.0000000000       0.914054293440131       -280811560.111109     
  -91680.0000000000       0.913805660959042       -280811550.971820     
  -91670.0000000000       0.913557099673199       -280811541.834990     
  -91660.0000000000       0.913308609622618       -280811532.700664     
  -91650.0000000000       0.913060190352553       -280811523.568825     
  -91640.0000000000       0.912811842106748       -280811514.439456     
  -91630.0000000000       0.912563565216260       -280811505.312589     
  -91620.0000000000       0.912315359106287       -280811496.188195     
  -91610.0000000000       0.912067224238854       -280811487.066274     
  -91600.0000000000       0.911819160442974       -280811477.946854     
  -91590.0000000000       0.911571167318471       -280811468.829900     
  -91580.0000000000       0.911323245156382       -280811459.715430     
  -91570.0000000000       0.911075393782085       -280811450.603442     
  -91560.0000000000       0.910827614068694       -280811441.493913     
  -91550.0000000000       0.910579905073973       -280811432.386876     
  -91540.0000000000       0.910332266223122       -280811423.282318     
  -91530.0000000000       0.910084699178697       -280811414.180230     
  -91520.0000000000       0.909837202976632       -280811405.080618     
  -91510.0000000000       0.909589777020301       -280811395.983492     
  -91500.0000000000       0.909342422572081       -280811386.888821     
  -91490.0000000000       0.909095138522389       -280811377.796637     
  -91480.0000000000       0.908847925336886       -280811368.706926     
  -91470.0000000000       0.908600783288421       -280811359.619675     
  -91460.0000000000       0.908353711642121       -280811350.534915     
  -91450.0000000000       0.908106710998254       -280811341.452611     
  -91440.0000000000       0.907859781298612       -280811332.372774     
  -91430.0000000000       0.907612922019325       -280811323.295418     
  -91420.0000000000       0.907366133542382       -280811314.220525     
  -91410.0000000000       0.907119416027854       -280811305.148082     
  -91400.0000000000       0.906872768900939       -280811296.078128     
  -91390.0000000000       0.906626192430849       -280811287.010636     
  -91380.0000000000       0.906379687414301       -280811277.945593     
  -91370.0000000000       0.906133252108702       -280811268.883045     
  -91360.0000000000       0.905886887816450       -280811259.822942     
  -91350.0000000000       0.905640594559372       -280811250.765301     
  -91340.0000000000       0.905394371184229       -280811241.710121     
  -91330.0000000000       0.905148218967952       -280811232.657413     
  -91320.0000000000       0.904902136844612       -280811223.607162     
  -91310.0000000000       0.904656125490874       -280811214.559373     
  -91300.0000000000       0.904410184823064       -280811205.514035     
  -91290.0000000000       0.904164314957598       -280811196.471167     
  -91280.0000000000       0.903918515308760       -280811187.430745     
  -91270.0000000000       0.903672785836534       -280811178.392800     
  -91260.0000000000       0.903427127512259       -280811169.357297     
  -91250.0000000000       0.903181539571960       -280811160.324248     
  -91240.0000000000       0.902936021622736       -280811151.293667     
  -91230.0000000000       0.902690574341250       -280811142.265533     
  -91220.0000000000       0.902445198022178       -280811133.239854     
  -91210.0000000000       0.902199891766941       -280811124.216627     
  -91200.0000000000       0.901954655604641       -280811115.195853     
  -91190.0000000000       0.901709490281064       -280811106.177544     
  -91180.0000000000       0.901464395286894       -280811097.161665     
  -91170.0000000000       0.901219370967738       -280811088.148243     
  -91160.0000000000       0.900974416159443       -280811079.137280     
  -91150.0000000000       0.900729532686455       -280811070.128761     
  -91140.0000000000       0.900484718922598       -280811061.122680     
  -91130.0000000000       0.900239975790100       -280811052.119060     
  -91120.0000000000       0.899995302841489       -280811043.117894     
  -91110.0000000000       0.899750700180448       -280811034.119161     
  -91100.0000000000       0.899506168014341       -280811025.122870     
  -91090.0000000000       0.899261705959361       -280811016.129028     
  -91080.0000000000       0.899017313971854       -280811007.137639     
  -91070.0000000000       0.898772992781232       -280810998.148678     
  -91060.0000000000       0.898528741436166       -280810989.162172     
  -91050.0000000000       0.898284560142201       -280810980.178104     
  -91040.0000000000       0.898040449459586       -280810971.196491     
  -91030.0000000000       0.897796408735303       -280810962.217302     
  -91020.0000000000       0.897552438287676       -280810953.240561     
  -91010.0000000000       0.897308538345897       -280810944.266244     
  -91000.0000000000       0.897064707554819       -280810935.294389     
  -90990.0000000000       0.896820948124514       -280810926.324964     
  -90980.0000000000       0.896577258088655       -280810917.357960     
  -90970.0000000000       0.896333638269425       -280810908.393414     
  -90960.0000000000       0.896090088839628       -280810899.431292     
  -90950.0000000000       0.895846609389991       -280810890.471622     
  -90940.0000000000       0.895603200031474       -280810881.514370     
  -90930.0000000000       0.895359860569442       -280810872.559546     
  -90920.0000000000       0.895116591325859       -280810863.607155     
  -90910.0000000000       0.894873392000591       -280810854.657212     
  -90900.0000000000       0.894630263235740       -280810845.709697     
  -90890.0000000000       0.894387204007216       -280810836.764624     
  -90880.0000000000       0.894144214955304       -280810827.821956     
  -90870.0000000000       0.893901295656178       -280810818.881721     
  -90860.0000000000       0.893658446653717       -280810809.943927     
  -90850.0000000000       0.893415667482259       -280810801.008559     
  -90840.0000000000       0.893172958434661       -280810792.075610     
  -90830.0000000000       0.892930319461811       -280810783.145094     
  -90820.0000000000       0.892687750219920       -280810774.217008     
  -90810.0000000000       0.892445250634410       -280810765.291341     
  -90800.0000000000       0.892202821523824       -280810756.368096     
  -90790.0000000000       0.891960462018687       -280810747.447291     
  -90780.0000000000       0.891718172497349       -280810738.528895     
  -90770.0000000000       0.891475952425026       -280810729.612916     
  -90760.0000000000       0.891233802803981       -280810720.699373     
  -90750.0000000000       0.890991722963008       -280810711.788243     
  -90740.0000000000       0.890749713415062       -280810702.879525     
  -90730.0000000000       0.890507773003264       -280810693.973255     
  -90720.0000000000       0.890265902266037       -280810685.069384     
  -90710.0000000000       0.890024101930976       -280810676.167935     
  -90700.0000000000       0.889782371397814       -280810667.268897     
  -90690.0000000000       0.889540710333677       -280810658.372275     
  -90680.0000000000       0.889299119144198       -280810649.478090     
  -90670.0000000000       0.889057598176805       -280810640.586307     
  -90660.0000000000       0.888816146622048       -280810631.696928     
  -90650.0000000000       0.888574764630903       -280810622.809976     
  -90640.0000000000       0.888333452727238       -280810613.925436     
  -90630.0000000000       0.888092210512696       -280810605.043309     
  -90620.0000000000       0.887851038245572       -280810596.163593     
  -90610.0000000000       0.887609935132787       -280810587.286293     
  -90600.0000000000       0.887368901887385       -280810578.411388     
  -90590.0000000000       0.887127938867707       -280810569.538917     
  -90580.0000000000       0.886887045076946       -280810560.668832     
  -90570.0000000000       0.886646221142655       -280810551.801169     
  -90560.0000000000       0.886405466681026       -280810542.935905     
  -90550.0000000000       0.886164781970365       -280810534.073072     
  -90540.0000000000       0.885924167667326       -280810525.212606     
  -90530.0000000000       0.885683622123906       -280810516.354571     
  -90520.0000000000       0.885443145845784       -280810507.498944     
  -90510.0000000000       0.885202740071691       -280810498.645704     
  -90500.0000000000       0.884962403808458       -280810489.794888     
  -90490.0000000000       0.884722137025165       -280810480.946472     
  -90480.0000000000       0.884481939863690       -280810472.100444     
  -90470.0000000000       0.884241812149412       -280810463.256826     
  -90460.0000000000       0.884001754053315       -280810454.415609     
  -90450.0000000000       0.883761765771851       -280810445.576796     
  -90440.0000000000       0.883521847059455       -280810436.740374     
  -90430.0000000000       0.883281997779704       -280810427.906345     
  -90420.0000000000       0.883042218047194       -280810419.074732     
  -90410.0000000000       0.882802507854649       -280810410.245501     
  -90400.0000000000       0.882562867116576       -280810401.418682     
  -90390.0000000000       0.882323296002141       -280810392.594253     
  -90380.0000000000       0.882083794329446       -280810383.772209     
  -90370.0000000000       0.881844362316770       -280810374.952567     
  -90360.0000000000       0.881604999887713       -280810366.135331     
  -90350.0000000000       0.881365706687575       -280810357.320475     
  -90340.0000000000       0.881126483325716       -280810348.508019     
  -90330.0000000000       0.880887329103643       -280810339.697940     
  -90320.0000000000       0.880648244365148       -280810330.890260     
  -90310.0000000000       0.880409229144789       -280810322.084978     
  -90300.0000000000       0.880170283582629       -280810313.282080     
  -90290.0000000000       0.879931407391268       -280810304.481569     
  -90280.0000000000       0.879692600383351       -280810295.683454     
  -90270.0000000000       0.879453863455637       -280810286.887723     
  -90260.0000000000       0.879215195365759       -280810278.094379     
  -90250.0000000000       0.878976596684879       -280810269.303418     
  -90240.0000000000       0.878738067749509       -280810260.514845     
  -90230.0000000000       0.878499608485072       -280810251.728658     
  -90220.0000000000       0.878261218183980       -280810242.944853     
  -90210.0000000000       0.878022896831681       -280810234.163430     
  -90200.0000000000       0.877784645648717       -280810225.384394     
  -90190.0000000000       0.877546463389081       -280810216.607744     
  -90180.0000000000       0.877308350976818       -280810207.833457     
  -90170.0000000000       0.877070307717077       -280810199.061569     
  -90160.0000000000       0.876832333891798       -280810190.292064     
  -90150.0000000000       0.876594429541001       -280810181.524921     
  -90140.0000000000       0.876356594033496       -280810172.760168     
  -90130.0000000000       0.876118828158724       -280810163.997798     
  -90120.0000000000       0.875881131716596       -280810155.237795     
  -90110.0000000000       0.875643504847176       -280810146.480175     
  -90100.0000000000       0.875405946519095       -280810137.724915     
  -90090.0000000000       0.875168458329426       -280810128.972044     
  -90080.0000000000       0.874931039095827       -280810120.221555     
  -90070.0000000000       0.874693689307605       -280810111.473424     
  -90060.0000000000       0.874456408855622       -280810102.727674     
  -90050.0000000000       0.874219197705315       -280810093.984304     
  -90040.0000000000       0.873982055629313       -280810085.243296     
  -90030.0000000000       0.873744983207871       -280810076.504658     
  -90020.0000000000       0.873507979984424       -280810067.768402     
  -90010.0000000000       0.873271045682486       -280810059.034503     
  -90000.0000000000       0.873034181555340       -280810050.302967     
  -89990.0000000000       0.872797386100501       -280810041.573805     
  -89980.0000000000       0.872560659516239       -280810032.847029     
  -89970.0000000000       0.872324002988535       -280810024.122605     
  -89960.0000000000       0.872087415329588       -280810015.400535     
  -89950.0000000000       0.871850897172408       -280810006.680853     
  -89940.0000000000       0.871614448315086       -280809997.963520     
  -89930.0000000000       0.871378068295598       -280809989.248563     
  -89920.0000000000       0.871141757730584       -280809980.535965     
  -89910.0000000000       0.870905516761923       -280809971.825726     
  -89900.0000000000       0.870669344758426       -280809963.117852     
  -89890.0000000000       0.870433241807405       -280809954.412342     
  -89880.0000000000       0.870197208187165       -280809945.709184     
  -89870.0000000000       0.869961244221486       -280809937.008398     
  -89860.0000000000       0.869725349100918       -280809928.309963     
  -89850.0000000000       0.869489523316588       -280809919.613889     
  -89840.0000000000       0.869253766817565       -280809910.920169     
  -89830.0000000000       0.869018079607486       -280809902.228810     
  -89820.0000000000       0.868782461659066       -280809893.539812     
  -89810.0000000000       0.868546912870443       -280809884.853163     
  -89800.0000000000       0.868311432939663       -280809876.168875     
  -89790.0000000000       0.868076022805326       -280809867.486936     
  -89780.0000000000       0.867840681901725       -280809858.807347     
  -89770.0000000000       0.867605409388489       -280809850.130124     
  -89760.0000000000       0.867370206864507       -280809841.455235     
  -89750.0000000000       0.867135073449390       -280809832.782716     
  -89740.0000000000       0.866900009592428       -280809824.112531     
  -89730.0000000000       0.866665014413229       -280809815.444708     
  -89720.0000000000       0.866430088663037       -280809806.779237     
  -89710.0000000000       0.866195232016253       -280809798.116112     
  -89700.0000000000       0.865960444487428       -280809789.455338     
  -89690.0000000000       0.865725726189339       -280809780.796903     
  -89680.0000000000       0.865491077358456       -280809772.140825     
  -89670.0000000000       0.865256497871087       -280809763.487088     
  -89660.0000000000       0.865021987081491       -280809754.835685     
  -89650.0000000000       0.864787545940999       -280809746.186643     
  -89640.0000000000       0.864553173820241       -280809737.539933     
  -89630.0000000000       0.864318870859279       -280809728.895581     
  -89620.0000000000       0.864084637174528       -280809720.253563     
  -89610.0000000000       0.863850472826016       -280809711.613891     
  -89600.0000000000       0.863616377695507       -280809702.976553     
  -89590.0000000000       0.863382351673863       -280809694.341565     
  -89580.0000000000       0.863148394970267       -280809685.708905     
  -89570.0000000000       0.862914507366440       -280809677.078591     
  -89560.0000000000       0.862680688527689       -280809668.450619     
  -89550.0000000000       0.862446939834626       -280809659.824967     
  -89540.0000000000       0.862213260017597       -280809651.201672     
  -89530.0000000000       0.861979649700515       -280809642.580706     
  -89520.0000000000       0.861746107964791       -280809633.962086     
  -89510.0000000000       0.861512635550753       -280809625.345790     
  -89500.0000000000       0.861279232756715       -280809616.731836     
  -89490.0000000000       0.861045898869634       -280809608.120206     
  -89480.0000000000       0.860812634482500       -280809599.510906     
  -89470.0000000000       0.860579439440698       -280809590.903956     
  -89460.0000000000       0.860346313231275       -280809582.299330     
  -89450.0000000000       0.860113256470868       -280809573.697020     
  -89440.0000000000       0.859880268750203       -280809565.097054     
  -89430.0000000000       0.859647350651358       -280809556.499420     
  -89420.0000000000       0.859414501421270       -280809547.904104     
  -89410.0000000000       0.859181721880304       -280809539.311140     
  -89400.0000000000       0.858949011106233       -280809530.720479     
  -89390.0000000000       0.858716369933973       -280809522.132150     
  -89380.0000000000       0.858483798268935       -280809513.546136     
  -89370.0000000000       0.858251295572700       -280809504.962470     
  -89360.0000000000       0.858018862050812       -280809496.381128     
  -89350.0000000000       0.857786497792404       -280809487.802098     
  -89340.0000000000       0.857554202801111       -280809479.225389     
  -89330.0000000000       0.857321977420725       -280809470.651008     
  -89320.0000000000       0.857089820907277       -280809462.078957     
  -89310.0000000000       0.856857734192090       -280809453.509214     
  -89300.0000000000       0.856625716500275       -280809444.941790     
  -89290.0000000000       0.856393767937334       -280809436.376703     
  -89280.0000000000       0.856161888765200       -280809427.813919     
  -89270.0000000000       0.855930079009340       -280809419.253459     
  -89260.0000000000       0.855698338658840       -280809410.695320     
  -89250.0000000000       0.855466667486326       -280809402.139499     
  -89240.0000000000       0.855235065646411       -280809393.585983     
  -89230.0000000000       0.855003533335548       -280809385.034807     
  -89220.0000000000       0.854772070490071       -280809376.485911     
  -89210.0000000000       0.854540676818942       -280809367.939356     
  -89200.0000000000       0.854309352193013       -280809359.395098     
  -89190.0000000000       0.854078097176171       -280809350.853167     
  -89180.0000000000       0.853846911428263       -280809342.313528     
  -89170.0000000000       0.853615795685982       -280809333.776235     
  -89160.0000000000       0.853384748532335       -280809325.241224     
  -89150.0000000000       0.853153771353391       -280809316.708524     
  -89140.0000000000       0.852922863354252       -280809308.178149     
  -89130.0000000000       0.852692024498538       -280809299.650076     
  -89120.0000000000       0.852461255497474       -280809291.124310     
  -89110.0000000000       0.852230555557981       -280809282.600845     
  -89100.0000000000       0.851999925449491       -280809274.079692     
  -89090.0000000000       0.851769364553547       -280809265.560847     
  -89080.0000000000       0.851538873132085       -280809257.044312     
  -89070.0000000000       0.851308451030491       -280809248.530067     
  -89060.0000000000       0.851078098447033       -280809240.018139     
  -89050.0000000000       0.850847815761881       -280809231.508515     
  -89040.0000000000       0.850617602185594       -280809223.001182     
  -89030.0000000000       0.850387458136538       -280809214.496157     
  -89020.0000000000       0.850157383800251       -280809205.993444     
  -89010.0000000000       0.849927378547363       -280809197.493012     
  -89000.0000000000       0.849697443431069       -280809188.994879     
  -88990.0000000000       0.849467577201722       -280809180.499062     
  -88980.0000000000       0.849237781263582       -280809172.005538     
  -88970.0000000000       0.849008054092337       -280809163.514300     
  -88960.0000000000       0.848778397090427       -280809155.025372     
  -88950.0000000000       0.848548809493877       -280809146.538728     
  -88940.0000000000       0.848319291448206       -280809138.054393     
  -88930.0000000000       0.848089843048001       -280809129.572362     
  -88920.0000000000       0.847860463965844       -280809121.092605     
  -88910.0000000000       0.847631155025738       -280809112.615140     
  -88900.0000000000       0.847401915412775       -280809104.139973     
  -88890.0000000000       0.847172745799980       -280809095.667106     
  -88880.0000000000       0.846943645583451       -280809087.196512     
  -88870.0000000000       0.846714615359815       -280809078.728221     
  -88860.0000000000       0.846485654450589       -280809070.262215     
  -88850.0000000000       0.846256763265046       -280809061.798521     
  -88840.0000000000       0.846027941703142       -280809053.337096     
  -88830.0000000000       0.845799190254183       -280809044.877958     
  -88820.0000000000       0.845570508739911       -280809036.421107     
  -88810.0000000000       0.845341896263562       -280809027.966552     
  -88800.0000000000       0.845113353965644       -280809019.514276     
  -88790.0000000000       0.844884881445978       -280809011.064270     
  -88780.0000000000       0.844656478700927       -280809002.616569     
  -88770.0000000000       0.844428145865095       -280808994.171155     
  -88760.0000000000       0.844199882547400       -280808985.728005     
  -88750.0000000000       0.843971689429964       -280808977.287145     
  -88740.0000000000       0.843743566103512       -280808968.848566     
  -88730.0000000000       0.843515512786325       -280808960.412283     
  -88720.0000000000       0.843287529065492       -280808951.978269     
  -88710.0000000000       0.843059615443053       -280808943.546528     
  -88700.0000000000       0.842831771744386       -280808935.117070     
  -88690.0000000000       0.842603997951301       -280808926.689889     
  -88680.0000000000       0.842376294052883       -280808918.264990     
  -88670.0000000000       0.842148660263774       -280808909.842365     
  -88660.0000000000       0.841921096311125       -280808901.422024     
  -88650.0000000000       0.841693602606028       -280808893.003948     
  -88640.0000000000       0.841466178875635       -280808884.588151     
  -88630.0000000000       0.841238825025357       -280808876.174618     
  -88620.0000000000       0.841011541175249       -280808867.763369     
  -88610.0000000000       0.840784327820074       -280808859.354392     
  -88600.0000000000       0.840557184095815       -280808850.947688     
  -88590.0000000000       0.840330110706418       -280808842.543244     
  -88580.0000000000       0.840103107340838       -280808834.141084     
  -88570.0000000000       0.839876174724850       -280808825.741186     
  -88560.0000000000       0.839649311441462       -280808817.343548     
  -88550.0000000000       0.839422519291475       -280808808.948195     
  -88540.0000000000       0.839195796554122       -280808800.555109     
  -88530.0000000000       0.838969144468138       -280808792.164278     
  -88520.0000000000       0.838742562438711       -280808783.775727     
  -88510.0000000000       0.838516050429462       -280808775.389432     
  -88500.0000000000       0.838289609329877       -280808767.005406     
  -88490.0000000000       0.838063238064933       -280808758.623645     
  -88480.0000000000       0.837836937616885       -280808750.244132     
  -88470.0000000000       0.837610707090789       -280808741.866899     
  -88460.0000000000       0.837384547436159       -280808733.491917     
  -88450.0000000000       0.837158457799887       -280808725.119205     
  -88440.0000000000       0.836932438522126       -280808716.748752     
  -88430.0000000000       0.836706489879361       -280808708.380558     
  -88420.0000000000       0.836480611822481       -280808700.014614     
  -88410.0000000000       0.836254804053169       -280808691.650961     
  -88400.0000000000       0.836029067117124       -280808683.289526     
  -88390.0000000000       0.835803400585064       -280808674.930365     
  -88380.0000000000       0.835577804222339       -280808666.573463     
  -88370.0000000000       0.835352279073049       -280808658.218810     
  -88360.0000000000       0.835126824111285       -280808649.866414     
  -88350.0000000000       0.834901440011890       -280808641.516270     
  -88340.0000000000       0.834676126691193       -280808633.168380     
  -88330.0000000000       0.834450883447062       -280808624.822757     
  -88320.0000000000       0.834225711363615       -280808616.479358     
  -88310.0000000000       0.834000610238945       -280808608.138228     
  -88300.0000000000       0.833775579842040       -280808599.799345     
  -88290.0000000000       0.833550620067399       -280808591.462714     
  -88280.0000000000       0.833325730691286       -280808583.128347     
  -88270.0000000000       0.833100912876034       -280808574.796214     
  -88260.0000000000       0.832876165699417       -280808566.466318     
  -88250.0000000000       0.832651489443379       -280808558.138679     
  -88240.0000000000       0.832426883865992       -280808549.813286     
  -88230.0000000000       0.832202349531144       -280808541.490136     
  -88220.0000000000       0.831977886064124       -280808533.169252     
  -88210.0000000000       0.831753493577708       -280808524.850594     
  -88200.0000000000       0.831529172157389       -280808516.534170     
  -88190.0000000000       0.831304921983246       -280808508.220003     
  -88180.0000000000       0.831080742658742       -280808499.908071     
  -88170.0000000000       0.830856634482188       -280808491.598384     
  -88160.0000000000       0.830632597842850       -280808483.290937     
  -88150.0000000000       0.830408631851242       -280808474.985739     
  -88140.0000000000       0.830184737615127       -280808466.682771     
  -88130.0000000000       0.829960914317780       -280808458.382044     
  -88120.0000000000       0.829737162266611       -280808450.083553     
  -88110.0000000000       0.829513481603499       -280808441.787289     
  -88100.0000000000       0.829289872379377       -280808433.493271     
  -88090.0000000000       0.829066334576055       -280808425.201496     
  -88080.0000000000       0.828842867655112       -280808416.911954     
  -88070.0000000000       0.828619472815262       -280808408.624635     
  -88060.0000000000       0.828396148868705       -280808400.339566     
  -88050.0000000000       0.828172896952310       -280808392.056709     
  -88040.0000000000       0.827949716269359       -280808383.776114     
  -88030.0000000000       0.827726607276418       -280808375.497733     
  -88020.0000000000       0.827503570262706       -280808367.221573     
  -88010.0000000000       0.827280604074986       -280808358.947647     
  -88000.0000000000       0.827057710101144       -280808350.675968     
  -87990.0000000000       0.826834887784571       -280808342.406488     
  -87980.0000000000       0.826612137234406       -280808334.139258     
  -87970.0000000000       0.826389458219637       -280808325.874254     
  -87960.0000000000       0.826166851262315       -280808317.611473     
  -87950.0000000000       0.825944316224195       -280808309.350928     
  -87940.0000000000       0.825721852625065       -280808301.092584     
  -87930.0000000000       0.825499461096115       -280808292.836478     
  -87920.0000000000       0.825277141857441       -280808284.582597     
  -87910.0000000000       0.825054894341520       -280808276.330939     
  -87900.0000000000       0.824832718873949       -280808268.081498     
  -87890.0000000000       0.824610615771235       -280808259.834278     
  -87880.0000000000       0.824388584573171       -280808251.589289     
  -87870.0000000000       0.824166625441649       -280808243.346510     
  -87860.0000000000       0.823944738862338       -280808235.105943     
  -87850.0000000000       0.823722924042158       -280808226.867611     
  -87840.0000000000       0.823501181319443       -280808218.631500     
  -87830.0000000000       0.823279511434521       -280808210.397586     
  -87820.0000000000       0.823057913847151       -280808202.165906     
  -87810.0000000000       0.822836388197175       -280808193.936444     
  -87800.0000000000       0.822614935306774       -280808185.709174     
  -87790.0000000000       0.822393554801238       -280808177.484140     
  -87780.0000000000       0.822172247120761       -280808169.261306     
  -87770.0000000000       0.821951011585043       -280808161.040683     
  -87760.0000000000       0.821729848667019       -280808152.822288     
  -87750.0000000000       0.821508758150230       -280808144.606099     
  -87740.0000000000       0.821287740898697       -280808136.392102     
  -87730.0000000000       0.821066796146624       -280808128.180334     
  -87720.0000000000       0.820845923966772       -280808119.970770     
  -87710.0000000000       0.820625124988510       -280808111.763430     
  -87700.0000000000       0.820404398478786       -280808103.558272     
  -87690.0000000000       0.820183745126997       -280808095.355336     
  -87680.0000000000       0.819963164682122       -280808087.154602     
  -87670.0000000000       0.819742657165989       -280808078.956062     
  -87660.0000000000       0.819522222678643       -280808070.759730     
  -87650.0000000000       0.819301861296481       -280808062.565612     
  -87640.0000000000       0.819081572748473       -280808054.373712     
  -87630.0000000000       0.818861357816786       -280808046.183987     
  -87620.0000000000       0.818641215739262       -280808037.996484     
  -87610.0000000000       0.818421146983383       -280808029.811158     
  -87600.0000000000       0.818201151576432       -280808021.628045     
  -87590.0000000000       0.817981229805810       -280808013.447143     
  -87580.0000000000       0.817761381080345       -280808005.268425     
  -87570.0000000000       0.817541605991210       -280807997.091916     
  -87560.0000000000       0.817321904101846       -280807988.917600     
  -87550.0000000000       0.817102276194419       -280807980.745476     
  -87540.0000000000       0.816882721646834       -280807972.575550     
  -87530.0000000000       0.816663240697380       -280807964.407816     
  -87520.0000000000       0.816443833791709       -280807956.242285     
  -87510.0000000000       0.816224500393218       -280807948.078947     
  -87500.0000000000       0.816005240951199       -280807939.917793     
  -87490.0000000000       0.815786055229182       -280807931.758843     
  -87480.0000000000       0.815566943298109       -280807923.602083     
  -87470.0000000000       0.815347905361705       -280807915.447498     
  -87460.0000000000       0.815128941791045       -280807907.295132     
  -87450.0000000000       0.814910051747574       -280807899.144920     
  -87440.0000000000       0.814691236317231       -280807890.996918     
  -87430.0000000000       0.814472494828806       -280807882.851087     
  -87420.0000000000       0.814253827913490       -280807874.707465     
  -87410.0000000000       0.814035234778203       -280807866.566023     
  -87400.0000000000       0.813816715944995       -280807858.426763     
  -87390.0000000000       0.813598272061427       -280807850.289678     
  -87380.0000000000       0.813379902243469       -280807842.154794     
  -87370.0000000000       0.813161606844005       -280807834.022092     
  -87360.0000000000       0.812943386221377       -280807825.891564     
  -87350.0000000000       0.812725239980864       -280807817.763216     
  -87340.0000000000       0.812507169066521       -280807809.637059     
  -87330.0000000000       0.812289172323290       -280807801.513079     
  -87320.0000000000       0.812071250154986       -280807793.391275     
  -87310.0000000000       0.811853403463829       -280807785.271651     
  -87300.0000000000       0.811635631282115       -280807777.154193     
  -87290.0000000000       0.811417934102792       -280807769.038939     
  -87280.0000000000       0.811200312320580       -280807760.925839     
  -87270.0000000000       0.810982765429799       -280807752.814933     
  -87260.0000000000       0.810765293314034       -280807744.706191     
  -87250.0000000000       0.810547897119250       -280807736.599630     
  -87240.0000000000       0.810330575293847       -280807728.495239     
  -87230.0000000000       0.810113329556771       -280807720.393015     
  -87220.0000000000       0.809896159255004       -280807712.292963     
  -87210.0000000000       0.809679064081138       -280807704.195099     
  -87200.0000000000       0.809462044373504       -280807696.099383     
  -87190.0000000000       0.809245100506814       -280807688.005849     
  -87180.0000000000       0.809028232408309       -280807679.914467     
  -87170.0000000000       0.808811439559577       -280807671.825287     
  -87160.0000000000       0.808594722566340       -280807663.738259     
  -87150.0000000000       0.808378081566843       -280807655.653382     
  -87140.0000000000       0.808161516797554       -280807647.570698     
  -87130.0000000000       0.807945027861933       -280807639.490155     
  -87120.0000000000       0.807728614721782       -280807631.411796     
  -87110.0000000000       0.807512278050126       -280807623.335586     
  -87100.0000000000       0.807296017144836       -280807615.261547     
  -87090.0000000000       0.807079832788077       -280807607.189660     
  -87080.0000000000       0.806863724610594       -280807599.119949     
  -87070.0000000000       0.806647693168998       -280807591.052388     
  -87060.0000000000       0.806431737752064       -280807582.986995     
  -87050.0000000000       0.806215859262011       -280807574.923761     
  -87040.0000000000       0.806000057162237       -280807566.862681     
  -87030.0000000000       0.805784331592804       -280807558.803748     
  -87020.0000000000       0.805568683159436       -280807550.746980     
  -87010.0000000000       0.805353111307340       -280807542.692370     
  -87000.0000000000       0.805137616045613       -280807534.639932     
  -86990.0000000000       0.804922198214626       -280807526.589620     
  -86980.0000000000       0.804706857292331       -280807518.541494     
  -86970.0000000000       0.804491593487910       -280807510.495486     
  -86960.0000000000       0.804276406732242       -280807502.451657     
  -86950.0000000000       0.804061297490989       -280807494.409962     
  -86940.0000000000       0.803846265462198       -280807486.370424     
  -86930.0000000000       0.803631310704077       -280807478.333038     
  -86920.0000000000       0.803416433800521       -280807470.297802     
  -86910.0000000000       0.803201634227662       -280807462.264698     
  -86900.0000000000       0.802986912302003       -280807454.233769     
  -86890.0000000000       0.802772268158151       -280807446.204965     
  -86880.0000000000       0.802557701681508       -280807438.178310     
  -86870.0000000000       0.802343212975757       -280807430.153820     
  -86860.0000000000       0.802128802606603       -280807422.131464     
  -86850.0000000000       0.801914469813710       -280807414.111239     
  -86840.0000000000       0.801700215557503       -280807406.093165     
  -86830.0000000000       0.801486039334122       -280807398.077230     
  -86820.0000000000       0.801271941521918       -280807390.063432     
  -86810.0000000000       0.801057922139080       -280807382.051796     
  -86800.0000000000       0.800843980705395       -280807374.042290     
  -86790.0000000000       0.800630118317713       -280807366.034908     
  -86780.0000000000       0.800416334232068       -280807358.029685     
  -86770.0000000000       0.800202629012347       -280807350.026576     
  -86760.0000000000       0.799989002473012       -280807342.025631     
  -86750.0000000000       0.799775454861447       -280807334.026812     
  -86740.0000000000       0.799561986137633       -280807326.030115     
  -86730.0000000000       0.799348596789059       -280807318.035561     
  -86720.0000000000       0.799135286029923       -280807310.043137     
  -86710.0000000000       0.798922054646027       -280807302.052865     
  -86700.0000000000       0.798708902761064       -280807294.064707     
  -86690.0000000000       0.798495830005777       -280807286.078683     
  -86680.0000000000       0.798282836743965       -280807278.094785     
  -86670.0000000000       0.798069923055664       -280807270.113023     
  -86660.0000000000       0.797857089381068       -280807262.133389     
  -86650.0000000000       0.797644334998040       -280807254.155883     
  -86640.0000000000       0.797431660656002       -280807246.180503     
  -86630.0000000000       0.797219066436810       -280807238.207248     
  -86620.0000000000       0.797006551874802       -280807230.236121     
  -86610.0000000000       0.796794117643003       -280807222.267121     
  -86600.0000000000       0.796581763375798       -280807214.300232     
  -86590.0000000000       0.796369489464269       -280807206.335482     
  -86580.0000000000       0.796157296039382       -280807198.372854     
  -86570.0000000000       0.795945183304866       -280807190.412343     
  -86560.0000000000       0.795733150722299       -280807182.453953     
  -86550.0000000000       0.795521198839197       -280807174.497676     
  -86540.0000000000       0.795309328315852       -280807166.543514     
  -86530.0000000000       0.795097537988113       -280807158.591488     
  -86520.0000000000       0.794885829016494       -280807150.641568     
  -86510.0000000000       0.794674200811642       -280807142.693770     
  -86500.0000000000       0.794462654019298       -280807134.748086     
  -86490.0000000000       0.794251188466660       -280807126.804522     
  -86480.0000000000       0.794039804046406       -280807118.863066     
  -86470.0000000000       0.793828501618918       -280807110.923724     
  -86460.0000000000       0.793617279985483       -280807102.986494     
  -86450.0000000000       0.793406140550360       -280807095.051380     
  -86440.0000000000       0.793195082806051       -280807087.118370     
  -86430.0000000000       0.792984106694348       -280807079.187472     
  -86420.0000000000       0.792773212895554       -280807071.258680     
  -86410.0000000000       0.792562401089526       -280807063.332005     
  -86400.0000000000       0.792351671298093       -280807055.407431     
  -86390.0000000000       0.792141024179728       -280807047.484973     
  -86380.0000000000       0.791930459059586       -280807039.564627     
  -86370.0000000000       0.791719976206878       -280807031.646367     
  -86360.0000000000       0.791509576307362       -280807023.730224     
  -86350.0000000000       0.791299259277366       -280807015.816176     
