 -0.1156500E+06 -0.3549998E+05
 -0.1156400E+06 -0.3548235E+05
 -0.1156300E+06 -0.3546473E+05
 -0.1156200E+06 -0.3544712E+05
 -0.1156100E+06 -0.3542951E+05
 -0.1156000E+06 -0.3541190E+05
 -0.1155900E+06 -0.3539430E+05
 -0.1155800E+06 -0.3537671E+05
 -0.1155700E+06 -0.3535911E+05
 -0.1155600E+06 -0.3534153E+05
 -0.1155500E+06 -0.3532395E+05
 -0.1155400E+06 -0.3530637E+05
 -0.1155300E+06 -0.3528880E+05
 -0.1155200E+06 -0.3527123E+05
 -0.1155100E+06 -0.3525367E+05
 -0.1155000E+06 -0.3523611E+05
 -0.1154900E+06 -0.3521857E+05
 -0.1154800E+06 -0.3520101E+05
 -0.1154700E+06 -0.3518347E+05
 -0.1154600E+06 -0.3516594E+05
 -0.1154500E+06 -0.3514840E+05
 -0.1154400E+06 -0.3513088E+05
 -0.1154300E+06 -0.3511335E+05
 -0.1154200E+06 -0.3509583E+05
 -0.1154100E+06 -0.3507832E+05
 -0.1154000E+06 -0.3506081E+05
 -0.1153900E+06 -0.3504331E+05
 -0.1153800E+06 -0.3502581E+05
 -0.1153700E+06 -0.3500832E+05
 -0.1153600E+06 -0.3499083E+05
 -0.1153500E+06 -0.3497334E+05
 -0.1153400E+06 -0.3495586E+05
 -0.1153300E+06 -0.3493838E+05
 -0.1153200E+06 -0.3492092E+05
 -0.1153100E+06 -0.3490345E+05
 -0.1153000E+06 -0.3488599E+05
 -0.1152900E+06 -0.3486853E+05
 -0.1152800E+06 -0.3485108E+05
 -0.1152700E+06 -0.3483364E+05
 -0.1152600E+06 -0.3481620E+05
 -0.1152500E+06 -0.3479876E+05
 -0.1152400E+06 -0.3478133E+05
 -0.1152300E+06 -0.3476390E+05
 -0.1152200E+06 -0.3474647E+05
 -0.1152100E+06 -0.3472906E+05
 -0.1152000E+06 -0.3471165E+05
 -0.1151900E+06 -0.3469424E+05
 -0.1151800E+06 -0.3467684E+05
 -0.1151700E+06 -0.3465944E+05
 -0.1151600E+06 -0.3464205E+05
 -0.1151500E+06 -0.3462465E+05
 -0.1151400E+06 -0.3460727E+05
 -0.1151300E+06 -0.3458989E+05
 -0.1151200E+06 -0.3457252E+05
 -0.1151100E+06 -0.3455515E+05
 -0.1151000E+06 -0.3453778E+05
 -0.1150900E+06 -0.3452042E+05
 -0.1150800E+06 -0.3450307E+05
 -0.1150700E+06 -0.3448572E+05
 -0.1150600E+06 -0.3446837E+05
 -0.1150500E+06 -0.3445103E+05
 -0.1150400E+06 -0.3443369E+05
 -0.1150300E+06 -0.3441636E+05
 -0.1150200E+06 -0.3439904E+05
 -0.1150100E+06 -0.3438171E+05
 -0.1150000E+06 -0.3436439E+05
 -0.1149900E+06 -0.3434708E+05
 -0.1149800E+06 -0.3432977E+05
 -0.1149700E+06 -0.3431247E+05
 -0.1149600E+06 -0.3429517E+05
 -0.1149500E+06 -0.3427788E+05
 -0.1149400E+06 -0.3426059E+05
 -0.1149300E+06 -0.3424330E+05
 -0.1149200E+06 -0.3422603E+05
 -0.1149100E+06 -0.3420875E+05
 -0.1149000E+06 -0.3419148E+05
 -0.1148900E+06 -0.3417422E+05
 -0.1148800E+06 -0.3415696E+05
 -0.1148700E+06 -0.3413970E+05
 -0.1148600E+06 -0.3412245E+05
 -0.1148500E+06 -0.3410520E+05
 -0.1148400E+06 -0.3408796E+05
 -0.1148300E+06 -0.3407072E+05
 -0.1148200E+06 -0.3405349E+05
 -0.1148100E+06 -0.3403626E+05
 -0.1148000E+06 -0.3401904E+05
 -0.1147900E+06 -0.3400182E+05
 -0.1147800E+06 -0.3398461E+05
 -0.1147700E+06 -0.3396740E+05
 -0.1147600E+06 -0.3395019E+05
 -0.1147500E+06 -0.3393300E+05
 -0.1147400E+06 -0.3391580E+05
 -0.1147300E+06 -0.3389861E+05
 -0.1147200E+06 -0.3388143E+05
 -0.1147100E+06 -0.3386425E+05
 -0.1147000E+06 -0.3384707E+05
 -0.1146900E+06 -0.3382990E+05
 -0.1146800E+06 -0.3381273E+05
 -0.1146700E+06 -0.3379557E+05
 -0.1146600E+06 -0.3377841E+05
 -0.1146500E+06 -0.3376126E+05
 -0.1146400E+06 -0.3374412E+05
 -0.1146300E+06 -0.3372697E+05
 -0.1146200E+06 -0.3370983E+05
 -0.1146100E+06 -0.3369269E+05
 -0.1146000E+06 -0.3367557E+05
 -0.1145900E+06 -0.3365845E+05
 -0.1145800E+06 -0.3364133E+05
 -0.1145700E+06 -0.3362422E+05
 -0.1145600E+06 -0.3360710E+05
 -0.1145500E+06 -0.3359000E+05
 -0.1145400E+06 -0.3357290E+05
 -0.1145300E+06 -0.3355580E+05
 -0.1145200E+06 -0.3353871E+05
 -0.1145100E+06 -0.3352162E+05
 -0.1145000E+06 -0.3350454E+05
 -0.1144900E+06 -0.3348746E+05
 -0.1144800E+06 -0.3347039E+05
 -0.1144700E+06 -0.3345332E+05
 -0.1144600E+06 -0.3343625E+05
 -0.1144500E+06 -0.3341920E+05
 -0.1144400E+06 -0.3340214E+05
 -0.1144300E+06 -0.3338510E+05
 -0.1144200E+06 -0.3336805E+05
 -0.1144100E+06 -0.3335101E+05
 -0.1144000E+06 -0.3333398E+05
 -0.1143900E+06 -0.3331694E+05
 -0.1143800E+06 -0.3329992E+05
 -0.1143700E+06 -0.3328289E+05
 -0.1143600E+06 -0.3326588E+05
 -0.1143500E+06 -0.3324887E+05
 -0.1143400E+06 -0.3323186E+05
 -0.1143300E+06 -0.3321486E+05
 -0.1143200E+06 -0.3319786E+05
 -0.1143100E+06 -0.3318087E+05
 -0.1143000E+06 -0.3316388E+05
 -0.1142900E+06 -0.3314689E+05
 -0.1142800E+06 -0.3312992E+05
 -0.1142700E+06 -0.3311294E+05
 -0.1142600E+06 -0.3309597E+05
 -0.1142500E+06 -0.3307900E+05
 -0.1142400E+06 -0.3306204E+05
 -0.1142300E+06 -0.3304509E+05
 -0.1142200E+06 -0.3302814E+05
 -0.1142100E+06 -0.3301119E+05
 -0.1142000E+06 -0.3299425E+05
 -0.1141900E+06 -0.3297731E+05
 -0.1141800E+06 -0.3296038E+05
 -0.1141700E+06 -0.3294344E+05
 -0.1141600E+06 -0.3292652E+05
 -0.1141500E+06 -0.3290961E+05
 -0.1141400E+06 -0.3289269E+05
 -0.1141300E+06 -0.3287578E+05
 -0.1141200E+06 -0.3285888E+05
 -0.1141100E+06 -0.3284197E+05
 -0.1141000E+06 -0.3282508E+05
 -0.1140900E+06 -0.3280818E+05
 -0.1140800E+06 -0.3279130E+05
 -0.1140700E+06 -0.3277442E+05
 -0.1140600E+06 -0.3275754E+05
 -0.1140500E+06 -0.3274066E+05
 -0.1140400E+06 -0.3272380E+05
 -0.1140300E+06 -0.3270693E+05
 -0.1140200E+06 -0.3269008E+05
 -0.1140100E+06 -0.3267322E+05
 -0.1140000E+06 -0.3265637E+05
 -0.1139900E+06 -0.3263952E+05
 -0.1139800E+06 -0.3262268E+05
 -0.1139700E+06 -0.3260584E+05
 -0.1139600E+06 -0.3258901E+05
 -0.1139500E+06 -0.3257219E+05
 -0.1139400E+06 -0.3255536E+05
 -0.1139300E+06 -0.3253855E+05
 -0.1139200E+06 -0.3252174E+05
 -0.1139100E+06 -0.3250493E+05
 -0.1139000E+06 -0.3248812E+05
 -0.1138900E+06 -0.3247132E+05
 -0.1138800E+06 -0.3245452E+05
 -0.1138700E+06 -0.3243774E+05
 -0.1138600E+06 -0.3242095E+05
 -0.1138500E+06 -0.3240417E+05
 -0.1138400E+06 -0.3238739E+05
 -0.1138300E+06 -0.3237062E+05
 -0.1138200E+06 -0.3235386E+05
 -0.1138100E+06 -0.3233709E+05
 -0.1138000E+06 -0.3232033E+05
 -0.1137900E+06 -0.3230358E+05
 -0.1137800E+06 -0.3228683E+05
 -0.1137700E+06 -0.3227009E+05
 -0.1137600E+06 -0.3225334E+05
 -0.1137500E+06 -0.3223661E+05
 -0.1137400E+06 -0.3221988E+05
 -0.1137300E+06 -0.3220315E+05
 -0.1137200E+06 -0.3218643E+05
 -0.1137100E+06 -0.3216971E+05
 -0.1137000E+06 -0.3215301E+05
 -0.1136900E+06 -0.3213629E+05
 -0.1136800E+06 -0.3211959E+05
 -0.1136700E+06 -0.3210289E+05
 -0.1136600E+06 -0.3208620E+05
 -0.1136500E+06 -0.3206951E+05
 -0.1136400E+06 -0.3205283E+05
 -0.1136300E+06 -0.3203615E+05
 -0.1136200E+06 -0.3201947E+05
 -0.1136100E+06 -0.3200280E+05
 -0.1136000E+06 -0.3198613E+05
 -0.1135900E+06 -0.3196947E+05
 -0.1135800E+06 -0.3195282E+05
 -0.1135700E+06 -0.3193616E+05
 -0.1135600E+06 -0.3191951E+05
 -0.1135500E+06 -0.3190287E+05
 -0.1135400E+06 -0.3188623E+05
 -0.1135300E+06 -0.3186959E+05
 -0.1135200E+06 -0.3185296E+05
 -0.1135100E+06 -0.3183634E+05
 -0.1135000E+06 -0.3181971E+05
 -0.1134900E+06 -0.3180310E+05
 -0.1134800E+06 -0.3178649E+05
 -0.1134700E+06 -0.3176988E+05
 -0.1134600E+06 -0.3175328E+05
 -0.1134500E+06 -0.3173668E+05
 -0.1134400E+06 -0.3172009E+05
 -0.1134300E+06 -0.3170350E+05
 -0.1134200E+06 -0.3168691E+05
 -0.1134100E+06 -0.3167033E+05
 -0.1134000E+06 -0.3165375E+05
 -0.1133900E+06 -0.3163718E+05
 -0.1133800E+06 -0.3162062E+05
 -0.1133700E+06 -0.3160405E+05
 -0.1133600E+06 -0.3158750E+05
 -0.1133500E+06 -0.3157094E+05
 -0.1133400E+06 -0.3155439E+05
 -0.1133300E+06 -0.3153785E+05
 -0.1133200E+06 -0.3152131E+05
 -0.1133100E+06 -0.3150478E+05
 -0.1133000E+06 -0.3148825E+05
 -0.1132900E+06 -0.3147172E+05
 -0.1132800E+06 -0.3145520E+05
 -0.1132700E+06 -0.3143868E+05
 -0.1132600E+06 -0.3142217E+05
 -0.1132500E+06 -0.3140566E+05
 -0.1132400E+06 -0.3138916E+05
 -0.1132300E+06 -0.3137266E+05
 -0.1132200E+06 -0.3135616E+05
 -0.1132100E+06 -0.3133967E+05
 -0.1132000E+06 -0.3132319E+05
 -0.1131900E+06 -0.3130671E+05
 -0.1131800E+06 -0.3129023E+05
 -0.1131700E+06 -0.3127376E+05
 -0.1131600E+06 -0.3125730E+05
 -0.1131500E+06 -0.3124083E+05
 -0.1131400E+06 -0.3122437E+05
 -0.1131300E+06 -0.3120792E+05
 -0.1131200E+06 -0.3119147E+05
 -0.1131100E+06 -0.3117502E+05
 -0.1131000E+06 -0.3115859E+05
 -0.1130900E+06 -0.3114215E+05
 -0.1130800E+06 -0.3112571E+05
 -0.1130700E+06 -0.3110929E+05
 -0.1130600E+06 -0.3109287E+05
 -0.1130500E+06 -0.3107645E+05
 -0.1130400E+06 -0.3106004E+05
 -0.1130300E+06 -0.3104363E+05
 -0.1130200E+06 -0.3102723E+05
 -0.1130100E+06 -0.3101082E+05
 -0.1130000E+06 -0.3099443E+05
 -0.1129900E+06 -0.3097804E+05
 -0.1129800E+06 -0.3096166E+05
 -0.1129700E+06 -0.3094527E+05
 -0.1129600E+06 -0.3092889E+05
 -0.1129500E+06 -0.3091252E+05
 -0.1129400E+06 -0.3089615E+05
 -0.1129300E+06 -0.3087979E+05
 -0.1129200E+06 -0.3086343E+05
 -0.1129100E+06 -0.3084708E+05
 -0.1129000E+06 -0.3083072E+05
 -0.1128900E+06 -0.3081438E+05
 -0.1128800E+06 -0.3079804E+05
 -0.1128700E+06 -0.3078170E+05
 -0.1128600E+06 -0.3076537E+05
 -0.1128500E+06 -0.3074903E+05
 -0.1128400E+06 -0.3073272E+05
 -0.1128300E+06 -0.3071639E+05
 -0.1128200E+06 -0.3070008E+05
 -0.1128100E+06 -0.3068377E+05
 -0.1128000E+06 -0.3066747E+05
 -0.1127900E+06 -0.3065116E+05
 -0.1127800E+06 -0.3063487E+05
 -0.1127700E+06 -0.3061857E+05
 -0.1127600E+06 -0.3060229E+05
 -0.1127500E+06 -0.3058601E+05
 -0.1127400E+06 -0.3056972E+05
 -0.1127300E+06 -0.3055345E+05
 -0.1127200E+06 -0.3053718E+05
 -0.1127100E+06 -0.3052091E+05
 -0.1127000E+06 -0.3050465E+05
 -0.1126900E+06 -0.3048839E+05
 -0.1126800E+06 -0.3047214E+05
 -0.1126700E+06 -0.3045589E+05
 -0.1126600E+06 -0.3043965E+05
 -0.1126500E+06 -0.3042341E+05
 -0.1126400E+06 -0.3040718E+05
 -0.1126300E+06 -0.3039095E+05
 -0.1126200E+06 -0.3037472E+05
 -0.1126100E+06 -0.3035850E+05
 -0.1126000E+06 -0.3034229E+05
 -0.1125900E+06 -0.3032607E+05
 -0.1125800E+06 -0.3030986E+05
 -0.1125700E+06 -0.3029366E+05
 -0.1125600E+06 -0.3027746E+05
 -0.1125500E+06 -0.3026127E+05
 -0.1125400E+06 -0.3024507E+05
 -0.1125300E+06 -0.3022889E+05
 -0.1125200E+06 -0.3021271E+05
 -0.1125100E+06 -0.3019653E+05
 -0.1125000E+06 -0.3018036E+05
 -0.1124900E+06 -0.3016419E+05
 -0.1124800E+06 -0.3014803E+05
 -0.1124700E+06 -0.3013187E+05
 -0.1124600E+06 -0.3011571E+05
 -0.1124500E+06 -0.3009956E+05
 -0.1124400E+06 -0.3008342E+05
 -0.1124300E+06 -0.3006728E+05
 -0.1124200E+06 -0.3005114E+05
 -0.1124100E+06 -0.3003501E+05
 -0.1124000E+06 -0.3001888E+05
 -0.1123900E+06 -0.3000275E+05
 -0.1123800E+06 -0.2998664E+05
 -0.1123700E+06 -0.2997052E+05
 -0.1123600E+06 -0.2995441E+05
 -0.1123500E+06 -0.2993831E+05
 -0.1123400E+06 -0.2992220E+05
 -0.1123300E+06 -0.2990611E+05
 -0.1123200E+06 -0.2989002E+05
 -0.1123100E+06 -0.2987393E+05
 -0.1123000E+06 -0.2985784E+05
 -0.1122900E+06 -0.2984176E+05
 -0.1122800E+06 -0.2982569E+05
 -0.1122700E+06 -0.2980962E+05
 -0.1122600E+06 -0.2979355E+05
 -0.1122500E+06 -0.2977748E+05
 -0.1122400E+06 -0.2976143E+05
 -0.1122300E+06 -0.2974538E+05
 -0.1122200E+06 -0.2972932E+05
 -0.1122100E+06 -0.2971328E+05
 -0.1122000E+06 -0.2969724E+05
 -0.1121900E+06 -0.2968121E+05
 -0.1121800E+06 -0.2966517E+05
 -0.1121700E+06 -0.2964915E+05
 -0.1121600E+06 -0.2963313E+05
 -0.1121500E+06 -0.2961711E+05
 -0.1121400E+06 -0.2960109E+05
 -0.1121300E+06 -0.2958509E+05
 -0.1121200E+06 -0.2956908E+05
 -0.1121100E+06 -0.2955308E+05
 -0.1121000E+06 -0.2953709E+05
 -0.1120900E+06 -0.2952109E+05
 -0.1120800E+06 -0.2950510E+05
 -0.1120700E+06 -0.2948912E+05
 -0.1120600E+06 -0.2947314E+05
 -0.1120500E+06 -0.2945717E+05
 -0.1120400E+06 -0.2944120E+05
 -0.1120300E+06 -0.2942523E+05
 -0.1120200E+06 -0.2940927E+05
 -0.1120100E+06 -0.2939331E+05
 -0.1120000E+06 -0.2937736E+05
 -0.1119900E+06 -0.2936142E+05
 -0.1119800E+06 -0.2934547E+05
 -0.1119700E+06 -0.2932953E+05
 -0.1119600E+06 -0.2931360E+05
 -0.1119500E+06 -0.2929767E+05
 -0.1119400E+06 -0.2928174E+05
 -0.1119300E+06 -0.2926582E+05
 -0.1119200E+06 -0.2924990E+05
 -0.1119100E+06 -0.2923399E+05
 -0.1119000E+06 -0.2921808E+05
 -0.1118900E+06 -0.2920218E+05
 -0.1118800E+06 -0.2918628E+05
 -0.1118700E+06 -0.2917038E+05
 -0.1118600E+06 -0.2915449E+05
 -0.1118500E+06 -0.2913860E+05
 -0.1118400E+06 -0.2912272E+05
 -0.1118300E+06 -0.2910684E+05
 -0.1118200E+06 -0.2909097E+05
 -0.1118100E+06 -0.2907510E+05
 -0.1118000E+06 -0.2905923E+05
 -0.1117900E+06 -0.2904337E+05
 -0.1117800E+06 -0.2902752E+05
 -0.1117700E+06 -0.2901166E+05
 -0.1117600E+06 -0.2899582E+05
 -0.1117500E+06 -0.2897997E+05
 -0.1117400E+06 -0.2896414E+05
 -0.1117300E+06 -0.2894830E+05
 -0.1117200E+06 -0.2893247E+05
 -0.1117100E+06 -0.2891665E+05
 -0.1117000E+06 -0.2890082E+05
 -0.1116900E+06 -0.2888500E+05
 -0.1116800E+06 -0.2886919E+05
 -0.1116700E+06 -0.2885339E+05
 -0.1116600E+06 -0.2883758E+05
 -0.1116500E+06 -0.2882178E+05
 -0.1116400E+06 -0.2880598E+05
 -0.1116300E+06 -0.2879019E+05
 -0.1116200E+06 -0.2877441E+05
 -0.1116100E+06 -0.2875862E+05
 -0.1116000E+06 -0.2874284E+05
 -0.1115900E+06 -0.2872707E+05
 -0.1115800E+06 -0.2871130E+05
 -0.1115700E+06 -0.2869553E+05
 -0.1115600E+06 -0.2867977E+05
 -0.1115500E+06 -0.2866402E+05
 -0.1115400E+06 -0.2864826E+05
 -0.1115300E+06 -0.2863251E+05
 -0.1115200E+06 -0.2861677E+05
 -0.1115100E+06 -0.2860103E+05
 -0.1115000E+06 -0.2858529E+05
 -0.1114900E+06 -0.2856956E+05
 -0.1114800E+06 -0.2855384E+05
 -0.1114700E+06 -0.2853812E+05
 -0.1114600E+06 -0.2852240E+05
 -0.1114500E+06 -0.2850669E+05
 -0.1114400E+06 -0.2849098E+05
 -0.1114300E+06 -0.2847527E+05
 -0.1114200E+06 -0.2845957E+05
 -0.1114100E+06 -0.2844387E+05
 -0.1114000E+06 -0.2842818E+05
 -0.1113900E+06 -0.2841250E+05
 -0.1113800E+06 -0.2839681E+05
 -0.1113700E+06 -0.2838113E+05
 -0.1113600E+06 -0.2836545E+05
 -0.1113500E+06 -0.2834979E+05
 -0.1113400E+06 -0.2833412E+05
 -0.1113300E+06 -0.2831846E+05
 -0.1113200E+06 -0.2830280E+05
 -0.1113100E+06 -0.2828715E+05
 -0.1113000E+06 -0.2827150E+05
 -0.1112900E+06 -0.2825585E+05
 -0.1112800E+06 -0.2824021E+05
 -0.1112700E+06 -0.2822458E+05
 -0.1112600E+06 -0.2820894E+05
 -0.1112500E+06 -0.2819332E+05
 -0.1112400E+06 -0.2817769E+05
 -0.1112300E+06 -0.2816208E+05
 -0.1112200E+06 -0.2814646E+05
 -0.1112100E+06 -0.2813085E+05
 -0.1112000E+06 -0.2811524E+05
 -0.1111900E+06 -0.2809964E+05
 -0.1111800E+06 -0.2808404E+05
 -0.1111700E+06 -0.2806845E+05
 -0.1111600E+06 -0.2805286E+05
 -0.1111500E+06 -0.2803728E+05
 -0.1111400E+06 -0.2802170E+05
 -0.1111300E+06 -0.2800612E+05
 -0.1111200E+06 -0.2799055E+05
 -0.1111100E+06 -0.2797498E+05
 -0.1111000E+06 -0.2795941E+05
 -0.1110900E+06 -0.2794386E+05
 -0.1110800E+06 -0.2792830E+05
 -0.1110700E+06 -0.2791275E+05
 -0.1110600E+06 -0.2789720E+05
 -0.1110500E+06 -0.2788166E+05
 -0.1110400E+06 -0.2786612E+05
 -0.1110300E+06 -0.2785059E+05
 -0.1110200E+06 -0.2783506E+05
 -0.1110100E+06 -0.2781954E+05
 -0.1110000E+06 -0.2780402E+05
 -0.1109900E+06 -0.2778850E+05
 -0.1109800E+06 -0.2777299E+05
 -0.1109700E+06 -0.2775748E+05
 -0.1109600E+06 -0.2774197E+05
 -0.1109500E+06 -0.2772648E+05
 -0.1109400E+06 -0.2771098E+05
 -0.1109300E+06 -0.2769549E+05
 -0.1109200E+06 -0.2768000E+05
 -0.1109100E+06 -0.2766452E+05
 -0.1109000E+06 -0.2764904E+05
 -0.1108900E+06 -0.2763357E+05
 -0.1108800E+06 -0.2761810E+05
 -0.1108700E+06 -0.2760264E+05
 -0.1108600E+06 -0.2758717E+05
 -0.1108500E+06 -0.2757171E+05
 -0.1108400E+06 -0.2755626E+05
 -0.1108300E+06 -0.2754081E+05
 -0.1108200E+06 -0.2752537E+05
 -0.1108100E+06 -0.2750993E+05
 -0.1108000E+06 -0.2749449E+05
 -0.1107900E+06 -0.2747906E+05
 -0.1107800E+06 -0.2746363E+05
 -0.1107700E+06 -0.2744821E+05
 -0.1107600E+06 -0.2743279E+05
 -0.1107500E+06 -0.2741737E+05
 -0.1107400E+06 -0.2740197E+05
 -0.1107300E+06 -0.2738656E+05
 -0.1107200E+06 -0.2737116E+05
 -0.1107100E+06 -0.2735576E+05
 -0.1107000E+06 -0.2734037E+05
 -0.1106900E+06 -0.2732497E+05
 -0.1106800E+06 -0.2730959E+05
 -0.1106700E+06 -0.2729421E+05
 -0.1106600E+06 -0.2727883E+05
 -0.1106500E+06 -0.2726346E+05
 -0.1106400E+06 -0.2724809E+05
 -0.1106300E+06 -0.2723273E+05
 -0.1106200E+06 -0.2721737E+05
 -0.1106100E+06 -0.2720201E+05
 -0.1106000E+06 -0.2718666E+05
 -0.1105900E+06 -0.2717132E+05
 -0.1105800E+06 -0.2715597E+05
 -0.1105700E+06 -0.2714063E+05
 -0.1105600E+06 -0.2712530E+05
 -0.1105500E+06 -0.2710997E+05
 -0.1105400E+06 -0.2709465E+05
 -0.1105300E+06 -0.2707932E+05
 -0.1105200E+06 -0.2706400E+05
 -0.1105100E+06 -0.2704869E+05
 -0.1105000E+06 -0.2703338E+05
 -0.1104900E+06 -0.2701807E+05
 -0.1104800E+06 -0.2700277E+05
 -0.1104700E+06 -0.2698748E+05
 -0.1104600E+06 -0.2697218E+05
 -0.1104500E+06 -0.2695690E+05
 -0.1104400E+06 -0.2694161E+05
 -0.1104300E+06 -0.2692633E+05
 -0.1104200E+06 -0.2691106E+05
 -0.1104100E+06 -0.2689578E+05
 -0.1104000E+06 -0.2688052E+05
 -0.1103900E+06 -0.2686525E+05
 -0.1103800E+06 -0.2684999E+05
 -0.1103700E+06 -0.2683474E+05
 -0.1103600E+06 -0.2681949E+05
 -0.1103500E+06 -0.2680424E+05
 -0.1103400E+06 -0.2678900E+05
 -0.1103300E+06 -0.2677376E+05
 -0.1103200E+06 -0.2675853E+05
 -0.1103100E+06 -0.2674330E+05
 -0.1103000E+06 -0.2672808E+05
 -0.1102900E+06 -0.2671285E+05
 -0.1102800E+06 -0.2669764E+05
 -0.1102700E+06 -0.2668242E+05
 -0.1102600E+06 -0.2666721E+05
 -0.1102500E+06 -0.2665201E+05
 -0.1102400E+06 -0.2663681E+05
 -0.1102300E+06 -0.2662161E+05
 -0.1102200E+06 -0.2660642E+05
 -0.1102100E+06 -0.2659123E+05
 -0.1102000E+06 -0.2657605E+05
 -0.1101900E+06 -0.2656087E+05
 -0.1101800E+06 -0.2654569E+05
 -0.1101700E+06 -0.2653052E+05
 -0.1101600E+06 -0.2651535E+05
 -0.1101500E+06 -0.2650019E+05
 -0.1101400E+06 -0.2648503E+05
 -0.1101300E+06 -0.2646988E+05
 -0.1101200E+06 -0.2645473E+05
 -0.1101100E+06 -0.2643958E+05
 -0.1101000E+06 -0.2642444E+05
 -0.1100900E+06 -0.2640930E+05
 -0.1100800E+06 -0.2639417E+05
 -0.1100700E+06 -0.2637904E+05
 -0.1100600E+06 -0.2636391E+05
 -0.1100500E+06 -0.2634879E+05
 -0.1100400E+06 -0.2633367E+05
 -0.1100300E+06 -0.2631856E+05
 -0.1100200E+06 -0.2630345E+05
 -0.1100100E+06 -0.2628835E+05
 -0.1100000E+06 -0.2627325E+05
 -0.1099900E+06 -0.2625815E+05
 -0.1099800E+06 -0.2624306E+05
 -0.1099700E+06 -0.2622797E+05
 -0.1099600E+06 -0.2621288E+05
 -0.1099500E+06 -0.2619781E+05
 -0.1099400E+06 -0.2618273E+05
 -0.1099300E+06 -0.2616766E+05
 -0.1099200E+06 -0.2615259E+05
 -0.1099100E+06 -0.2613753E+05
 -0.1099000E+06 -0.2612247E+05
 -0.1098900E+06 -0.2610741E+05
 -0.1098800E+06 -0.2609236E+05
 -0.1098700E+06 -0.2607731E+05
 -0.1098600E+06 -0.2606227E+05
 -0.1098500E+06 -0.2604723E+05
 -0.1098400E+06 -0.2603220E+05
 -0.1098300E+06 -0.2601717E+05
 -0.1098200E+06 -0.2600214E+05
 -0.1098100E+06 -0.2598712E+05
 -0.1098000E+06 -0.2597210E+05
 -0.1097900E+06 -0.2595709E+05
 -0.1097800E+06 -0.2594208E+05
 -0.1097700E+06 -0.2592707E+05
 -0.1097600E+06 -0.2591207E+05
 -0.1097500E+06 -0.2589707E+05
 -0.1097400E+06 -0.2588208E+05
 -0.1097300E+06 -0.2586709E+05
 -0.1097200E+06 -0.2585211E+05
 -0.1097100E+06 -0.2583713E+05
 -0.1097000E+06 -0.2582215E+05
 -0.1096900E+06 -0.2580718E+05
 -0.1096800E+06 -0.2579221E+05
 -0.1096700E+06 -0.2577724E+05
 -0.1096600E+06 -0.2576228E+05
 -0.1096500E+06 -0.2574733E+05
 -0.1096400E+06 -0.2573237E+05
 -0.1096300E+06 -0.2571743E+05
 -0.1096200E+06 -0.2570248E+05
 -0.1096100E+06 -0.2568754E+05
 -0.1096000E+06 -0.2567261E+05
 -0.1095900E+06 -0.2565768E+05
 -0.1095800E+06 -0.2564275E+05
 -0.1095700E+06 -0.2562783E+05
 -0.1095600E+06 -0.2561290E+05
 -0.1095500E+06 -0.2559799E+05
 -0.1095400E+06 -0.2558308E+05
 -0.1095300E+06 -0.2556817E+05
 -0.1095200E+06 -0.2555327E+05
 -0.1095100E+06 -0.2553837E+05
 -0.1095000E+06 -0.2552347E+05
 -0.1094900E+06 -0.2550858E+05
 -0.1094800E+06 -0.2549370E+05
 -0.1094700E+06 -0.2547881E+05
 -0.1094600E+06 -0.2546394E+05
 -0.1094500E+06 -0.2544906E+05
 -0.1094400E+06 -0.2543419E+05
 -0.1094300E+06 -0.2541933E+05
 -0.1094200E+06 -0.2540446E+05
 -0.1094100E+06 -0.2538961E+05
 -0.1094000E+06 -0.2537475E+05
 -0.1093900E+06 -0.2535990E+05
 -0.1093800E+06 -0.2534505E+05
 -0.1093700E+06 -0.2533021E+05
 -0.1093600E+06 -0.2531538E+05
 -0.1093500E+06 -0.2530054E+05
 -0.1093400E+06 -0.2528571E+05
 -0.1093300E+06 -0.2527089E+05
 -0.1093200E+06 -0.2525607E+05
 -0.1093100E+06 -0.2524125E+05
 -0.1093000E+06 -0.2522643E+05
 -0.1092900E+06 -0.2521163E+05
 -0.1092800E+06 -0.2519682E+05
 -0.1092700E+06 -0.2518202E+05
 -0.1092600E+06 -0.2516722E+05
 -0.1092500E+06 -0.2515243E+05
 -0.1092400E+06 -0.2513764E+05
 -0.1092300E+06 -0.2512286E+05
 -0.1092200E+06 -0.2510807E+05
 -0.1092100E+06 -0.2509330E+05
 -0.1092000E+06 -0.2507853E+05
 -0.1091900E+06 -0.2506376E+05
 -0.1091800E+06 -0.2504899E+05
 -0.1091700E+06 -0.2503423E+05
 -0.1091600E+06 -0.2501948E+05
 -0.1091500E+06 -0.2500472E+05
 -0.1091400E+06 -0.2498997E+05
 -0.1091300E+06 -0.2497523E+05
 -0.1091200E+06 -0.2496049E+05
 -0.1091100E+06 -0.2494576E+05
 -0.1091000E+06 -0.2493102E+05
 -0.1090900E+06 -0.2491629E+05
 -0.1090800E+06 -0.2490157E+05
 -0.1090700E+06 -0.2488685E+05
 -0.1090600E+06 -0.2487213E+05
 -0.1090500E+06 -0.2485742E+05
 -0.1090400E+06 -0.2484272E+05
 -0.1090300E+06 -0.2482801E+05
 -0.1090200E+06 -0.2481331E+05
 -0.1090100E+06 -0.2479862E+05
 -0.1090000E+06 -0.2478392E+05
 -0.1089900E+06 -0.2476923E+05
 -0.1089800E+06 -0.2475455E+05
 -0.1089700E+06 -0.2473987E+05
 -0.1089600E+06 -0.2472520E+05
 -0.1089500E+06 -0.2471052E+05
 -0.1089400E+06 -0.2469586E+05
 -0.1089300E+06 -0.2468119E+05
 -0.1089200E+06 -0.2466654E+05
 -0.1089100E+06 -0.2465188E+05
 -0.1089000E+06 -0.2463723E+05
 -0.1088900E+06 -0.2462258E+05
 -0.1088800E+06 -0.2460794E+05
 -0.1088700E+06 -0.2459330E+05
 -0.1088600E+06 -0.2457866E+05
 -0.1088500E+06 -0.2456403E+05
 -0.1088400E+06 -0.2454940E+05
 -0.1088300E+06 -0.2453478E+05
 -0.1088200E+06 -0.2452016E+05
 -0.1088100E+06 -0.2450554E+05
 -0.1088000E+06 -0.2449093E+05
 -0.1087900E+06 -0.2447632E+05
 -0.1087800E+06 -0.2446172E+05
 -0.1087700E+06 -0.2444712E+05
 -0.1087600E+06 -0.2443253E+05
 -0.1087500E+06 -0.2441794E+05
 -0.1087400E+06 -0.2440335E+05
 -0.1087300E+06 -0.2438877E+05
 -0.1087200E+06 -0.2437419E+05
 -0.1087100E+06 -0.2435961E+05
 -0.1087000E+06 -0.2434504E+05
 -0.1086900E+06 -0.2433048E+05
 -0.1086800E+06 -0.2431591E+05
 -0.1086700E+06 -0.2430135E+05
 -0.1086600E+06 -0.2428680E+05
 -0.1086500E+06 -0.2427224E+05
 -0.1086400E+06 -0.2425770E+05
 -0.1086300E+06 -0.2424315E+05
 -0.1086200E+06 -0.2422861E+05
 -0.1086100E+06 -0.2421408E+05
 -0.1086000E+06 -0.2419955E+05
 -0.1085900E+06 -0.2418502E+05
 -0.1085800E+06 -0.2417050E+05
 -0.1085700E+06 -0.2415598E+05
 -0.1085600E+06 -0.2414146E+05
 -0.1085500E+06 -0.2412695E+05
 -0.1085400E+06 -0.2411245E+05
 -0.1085300E+06 -0.2409794E+05
 -0.1085200E+06 -0.2408344E+05
 -0.1085100E+06 -0.2406895E+05
 -0.1085000E+06 -0.2405446E+05
 -0.1084900E+06 -0.2403997E+05
 -0.1084800E+06 -0.2402549E+05
 -0.1084700E+06 -0.2401101E+05
 -0.1084600E+06 -0.2399653E+05
 -0.1084500E+06 -0.2398206E+05
 -0.1084400E+06 -0.2396759E+05
 -0.1084300E+06 -0.2395313E+05
 -0.1084200E+06 -0.2393867E+05
 -0.1084100E+06 -0.2392421E+05
 -0.1084000E+06 -0.2390976E+05
 -0.1083900E+06 -0.2389531E+05
 -0.1083800E+06 -0.2388087E+05
 -0.1083700E+06 -0.2386643E+05
 -0.1083600E+06 -0.2385199E+05
 -0.1083500E+06 -0.2383756E+05
 -0.1083400E+06 -0.2382313E+05
 -0.1083300E+06 -0.2380871E+05
 -0.1083200E+06 -0.2379429E+05
 -0.1083100E+06 -0.2377987E+05
 -0.1083000E+06 -0.2376546E+05
 -0.1082900E+06 -0.2375105E+05
 -0.1082800E+06 -0.2373665E+05
 -0.1082700E+06 -0.2372225E+05
 -0.1082600E+06 -0.2370785E+05
 -0.1082500E+06 -0.2369346E+05
 -0.1082400E+06 -0.2367907E+05
 -0.1082300E+06 -0.2366469E+05
 -0.1082200E+06 -0.2365031E+05
 -0.1082100E+06 -0.2363593E+05
 -0.1082000E+06 -0.2362156E+05
 -0.1081900E+06 -0.2360719E+05
 -0.1081800E+06 -0.2359283E+05
 -0.1081700E+06 -0.2357847E+05
 -0.1081600E+06 -0.2356411E+05
 -0.1081500E+06 -0.2354975E+05
 -0.1081400E+06 -0.2353540E+05
 -0.1081300E+06 -0.2352106E+05
 -0.1081200E+06 -0.2350672E+05
 -0.1081100E+06 -0.2349238E+05
 -0.1081000E+06 -0.2347805E+05
 -0.1080900E+06 -0.2346372E+05
 -0.1080800E+06 -0.2344939E+05
 -0.1080700E+06 -0.2343507E+05
 -0.1080600E+06 -0.2342075E+05
 -0.1080500E+06 -0.2340644E+05
 -0.1080400E+06 -0.2339213E+05
 -0.1080300E+06 -0.2337783E+05
 -0.1080200E+06 -0.2336352E+05
 -0.1080100E+06 -0.2334923E+05
 -0.1080000E+06 -0.2333494E+05
 -0.1079900E+06 -0.2332064E+05
 -0.1079800E+06 -0.2330636E+05
 -0.1079700E+06 -0.2329207E+05
 -0.1079600E+06 -0.2327780E+05
 -0.1079500E+06 -0.2326352E+05
 -0.1079400E+06 -0.2324925E+05
 -0.1079300E+06 -0.2323499E+05
 -0.1079200E+06 -0.2322072E+05
 -0.1079100E+06 -0.2320647E+05
 -0.1079000E+06 -0.2319221E+05
 -0.1078900E+06 -0.2317796E+05
 -0.1078800E+06 -0.2316372E+05
 -0.1078700E+06 -0.2314947E+05
 -0.1078600E+06 -0.2313523E+05
 -0.1078500E+06 -0.2312100E+05
 -0.1078400E+06 -0.2310676E+05
 -0.1078300E+06 -0.2309254E+05
 -0.1078200E+06 -0.2307831E+05
 -0.1078100E+06 -0.2306410E+05
 -0.1078000E+06 -0.2304988E+05
 -0.1077900E+06 -0.2303567E+05
 -0.1077800E+06 -0.2302146E+05
 -0.1077700E+06 -0.2300726E+05
 -0.1077600E+06 -0.2299306E+05
 -0.1077500E+06 -0.2297886E+05
 -0.1077400E+06 -0.2296467E+05
 -0.1077300E+06 -0.2295048E+05
 -0.1077200E+06 -0.2293629E+05
 -0.1077100E+06 -0.2292211E+05
 -0.1077000E+06 -0.2290794E+05
 -0.1076900E+06 -0.2289377E+05
 -0.1076800E+06 -0.2287960E+05
 -0.1076700E+06 -0.2286543E+05
 -0.1076600E+06 -0.2285127E+05
 -0.1076500E+06 -0.2283711E+05
 -0.1076400E+06 -0.2282296E+05
 -0.1076300E+06 -0.2280881E+05
 -0.1076200E+06 -0.2279466E+05
 -0.1076100E+06 -0.2278052E+05
 -0.1076000E+06 -0.2276639E+05
 -0.1075900E+06 -0.2275225E+05
 -0.1075800E+06 -0.2273812E+05
 -0.1075700E+06 -0.2272400E+05
 -0.1075600E+06 -0.2270987E+05
 -0.1075500E+06 -0.2269576E+05
 -0.1075400E+06 -0.2268164E+05
 -0.1075300E+06 -0.2266753E+05
 -0.1075200E+06 -0.2265342E+05
 -0.1075100E+06 -0.2263932E+05
 -0.1075000E+06 -0.2262522E+05
 -0.1074900E+06 -0.2261113E+05
 -0.1074800E+06 -0.2259704E+05
 -0.1074700E+06 -0.2258295E+05
 -0.1074600E+06 -0.2256887E+05
 -0.1074500E+06 -0.2255478E+05
 -0.1074400E+06 -0.2254071E+05
 -0.1074300E+06 -0.2252664E+05
 -0.1074200E+06 -0.2251257E+05
 -0.1074100E+06 -0.2249851E+05
 -0.1074000E+06 -0.2248445E+05
 -0.1073900E+06 -0.2247039E+05
 -0.1073800E+06 -0.2245634E+05
 -0.1073700E+06 -0.2244229E+05
 -0.1073600E+06 -0.2242824E+05
 -0.1073500E+06 -0.2241420E+05
 -0.1073400E+06 -0.2240017E+05
 -0.1073300E+06 -0.2238613E+05
 -0.1073200E+06 -0.2237210E+05
 -0.1073100E+06 -0.2235808E+05
 -0.1073000E+06 -0.2234405E+05
 -0.1072900E+06 -0.2233004E+05
 -0.1072800E+06 -0.2231602E+05
 -0.1072700E+06 -0.2230201E+05
 -0.1072600E+06 -0.2228800E+05
 -0.1072500E+06 -0.2227400E+05
 -0.1072400E+06 -0.2226001E+05
 -0.1072300E+06 -0.2224601E+05
 -0.1072200E+06 -0.2223202E+05
 -0.1072100E+06 -0.2221803E+05
 -0.1072000E+06 -0.2220405E+05
 -0.1071900E+06 -0.2219007E+05
 -0.1071800E+06 -0.2217610E+05
 -0.1071700E+06 -0.2216212E+05
 -0.1071600E+06 -0.2214815E+05
 -0.1071500E+06 -0.2213419E+05
 -0.1071400E+06 -0.2212023E+05
 -0.1071300E+06 -0.2210627E+05
 -0.1071200E+06 -0.2209232E+05
 -0.1071100E+06 -0.2207837E+05
 -0.1071000E+06 -0.2206442E+05
 -0.1070900E+06 -0.2205049E+05
 -0.1070800E+06 -0.2203655E+05
 -0.1070700E+06 -0.2202261E+05
 -0.1070600E+06 -0.2200869E+05
 -0.1070500E+06 -0.2199476E+05
 -0.1070400E+06 -0.2198084E+05
 -0.1070300E+06 -0.2196692E+05
 -0.1070200E+06 -0.2195300E+05
 -0.1070100E+06 -0.2193909E+05
 -0.1070000E+06 -0.2192519E+05
 -0.1069900E+06 -0.2191128E+05
 -0.1069800E+06 -0.2189739E+05
 -0.1069700E+06 -0.2188349E+05
 -0.1069600E+06 -0.2186960E+05
 -0.1069500E+06 -0.2185571E+05
 -0.1069400E+06 -0.2184183E+05
 -0.1069300E+06 -0.2182795E+05
 -0.1069200E+06 -0.2181407E+05
 -0.1069100E+06 -0.2180020E+05
 -0.1069000E+06 -0.2178633E+05
 -0.1068900E+06 -0.2177246E+05
 -0.1068800E+06 -0.2175861E+05
 -0.1068700E+06 -0.2174475E+05
 -0.1068600E+06 -0.2173089E+05
 -0.1068500E+06 -0.2171704E+05
 -0.1068400E+06 -0.2170320E+05
 -0.1068300E+06 -0.2168936E+05
 -0.1068200E+06 -0.2167552E+05
 -0.1068100E+06 -0.2166168E+05
 -0.1068000E+06 -0.2164785E+05
 -0.1067900E+06 -0.2163403E+05
 -0.1067800E+06 -0.2162021E+05
 -0.1067700E+06 -0.2160638E+05
 -0.1067600E+06 -0.2159257E+05
 -0.1067500E+06 -0.2157876E+05
 -0.1067400E+06 -0.2156495E+05
 -0.1067300E+06 -0.2155114E+05
 -0.1067200E+06 -0.2153735E+05
 -0.1067100E+06 -0.2152355E+05
 -0.1067000E+06 -0.2150976E+05
 -0.1066900E+06 -0.2149597E+05
 -0.1066800E+06 -0.2148218E+05
 -0.1066700E+06 -0.2146840E+05
 -0.1066600E+06 -0.2145463E+05
 -0.1066500E+06 -0.2144085E+05
 -0.1066400E+06 -0.2142708E+05
 -0.1066300E+06 -0.2141332E+05
 -0.1066200E+06 -0.2139955E+05
 -0.1066100E+06 -0.2138579E+05
 -0.1066000E+06 -0.2137204E+05
 -0.1065900E+06 -0.2135829E+05
 -0.1065800E+06 -0.2134454E+05
 -0.1065700E+06 -0.2133080E+05
 -0.1065600E+06 -0.2131706E+05
 -0.1065500E+06 -0.2130332E+05
 -0.1065400E+06 -0.2128959E+05
 -0.1065300E+06 -0.2127586E+05
 -0.1065200E+06 -0.2126214E+05
 -0.1065100E+06 -0.2124842E+05
 -0.1065000E+06 -0.2123470E+05
 -0.1064900E+06 -0.2122099E+05
 -0.1064800E+06 -0.2120727E+05
 -0.1064700E+06 -0.2119357E+05
 -0.1064600E+06 -0.2117987E+05
 -0.1064500E+06 -0.2116617E+05
 -0.1064400E+06 -0.2115247E+05
 -0.1064300E+06 -0.2113879E+05
 -0.1064200E+06 -0.2112510E+05
 -0.1064100E+06 -0.2111142E+05
 -0.1064000E+06 -0.2109774E+05
 -0.1063900E+06 -0.2108406E+05
 -0.1063800E+06 -0.2107039E+05
 -0.1063700E+06 -0.2105672E+05
 -0.1063600E+06 -0.2104305E+05
 -0.1063500E+06 -0.2102939E+05
 -0.1063400E+06 -0.2101574E+05
 -0.1063300E+06 -0.2100208E+05
 -0.1063200E+06 -0.2098843E+05
 -0.1063100E+06 -0.2097479E+05
 -0.1063000E+06 -0.2096115E+05
 -0.1062900E+06 -0.2094751E+05
 -0.1062800E+06 -0.2093387E+05
 -0.1062700E+06 -0.2092024E+05
 -0.1062600E+06 -0.2090662E+05
 -0.1062500E+06 -0.2089300E+05
 -0.1062400E+06 -0.2087937E+05
 -0.1062300E+06 -0.2086576E+05
 -0.1062200E+06 -0.2085215E+05
 -0.1062100E+06 -0.2083854E+05
 -0.1062000E+06 -0.2082493E+05
 -0.1061900E+06 -0.2081134E+05
 -0.1061800E+06 -0.2079774E+05
 -0.1061700E+06 -0.2078414E+05
 -0.1061600E+06 -0.2077056E+05
 -0.1061500E+06 -0.2075697E+05
 -0.1061400E+06 -0.2074338E+05
 -0.1061300E+06 -0.2072981E+05
 -0.1061200E+06 -0.2071623E+05
 -0.1061100E+06 -0.2070266E+05
 -0.1061000E+06 -0.2068910E+05
 -0.1060900E+06 -0.2067553E+05
 -0.1060800E+06 -0.2066197E+05
 -0.1060700E+06 -0.2064842E+05
 -0.1060600E+06 -0.2063486E+05
 -0.1060500E+06 -0.2062132E+05
 -0.1060400E+06 -0.2060777E+05
 -0.1060300E+06 -0.2059423E+05
 -0.1060200E+06 -0.2058069E+05
 -0.1060100E+06 -0.2056716E+05
 -0.1060000E+06 -0.2055363E+05
 -0.1059900E+06 -0.2054010E+05
 -0.1059800E+06 -0.2052658E+05
 -0.1059700E+06 -0.2051306E+05
 -0.1059600E+06 -0.2049954E+05
 -0.1059500E+06 -0.2048603E+05
 -0.1059400E+06 -0.2047253E+05
 -0.1059300E+06 -0.2045902E+05
 -0.1059200E+06 -0.2044552E+05
 -0.1059100E+06 -0.2043203E+05
 -0.1059000E+06 -0.2041853E+05
 -0.1058900E+06 -0.2040504E+05
 -0.1058800E+06 -0.2039156E+05
 -0.1058700E+06 -0.2037808E+05
 -0.1058600E+06 -0.2036460E+05
 -0.1058500E+06 -0.2035112E+05
 -0.1058400E+06 -0.2033765E+05
 -0.1058300E+06 -0.2032419E+05
 -0.1058200E+06 -0.2031072E+05
 -0.1058100E+06 -0.2029726E+05
 -0.1058000E+06 -0.2028381E+05
 -0.1057900E+06 -0.2027036E+05
 -0.1057800E+06 -0.2025691E+05
 -0.1057700E+06 -0.2024346E+05
 -0.1057600E+06 -0.2023002E+05
 -0.1057500E+06 -0.2021658E+05
 -0.1057400E+06 -0.2020315E+05
 -0.1057300E+06 -0.2018972E+05
 -0.1057200E+06 -0.2017629E+05
 -0.1057100E+06 -0.2016287E+05
 -0.1057000E+06 -0.2014945E+05
 -0.1056900E+06 -0.2013604E+05
 -0.1056800E+06 -0.2012263E+05
 -0.1056700E+06 -0.2010922E+05
 -0.1056600E+06 -0.2009581E+05
 -0.1056500E+06 -0.2008241E+05
 -0.1056400E+06 -0.2006902E+05
 -0.1056300E+06 -0.2005562E+05
 -0.1056200E+06 -0.2004223E+05
 -0.1056100E+06 -0.2002885E+05
 -0.1056000E+06 -0.2001547E+05
 -0.1055900E+06 -0.2000209E+05
 -0.1055800E+06 -0.1998871E+05
 -0.1055700E+06 -0.1997534E+05
 -0.1055600E+06 -0.1996198E+05
 -0.1055500E+06 -0.1994861E+05
 -0.1055400E+06 -0.1993525E+05
 -0.1055300E+06 -0.1992189E+05
 -0.1055200E+06 -0.1990854E+05
 -0.1055100E+06 -0.1989519E+05
 -0.1055000E+06 -0.1988184E+05
 -0.1054900E+06 -0.1986851E+05
 -0.1054800E+06 -0.1985517E+05
 -0.1054700E+06 -0.1984183E+05
 -0.1054600E+06 -0.1982850E+05
 -0.1054500E+06 -0.1981517E+05
 -0.1054400E+06 -0.1980185E+05
 -0.1054300E+06 -0.1978853E+05
 -0.1054200E+06 -0.1977521E+05
 -0.1054100E+06 -0.1976190E+05
 -0.1054000E+06 -0.1974859E+05
 -0.1053900E+06 -0.1973529E+05
 -0.1053800E+06 -0.1972198E+05
 -0.1053700E+06 -0.1970869E+05
 -0.1053600E+06 -0.1969539E+05
 -0.1053500E+06 -0.1968210E+05
 -0.1053400E+06 -0.1966882E+05
 -0.1053300E+06 -0.1965553E+05
 -0.1053200E+06 -0.1964225E+05
 -0.1053100E+06 -0.1962898E+05
 -0.1053000E+06 -0.1961571E+05
 -0.1052900E+06 -0.1960244E+05
 -0.1052800E+06 -0.1958917E+05
 -0.1052700E+06 -0.1957591E+05
 -0.1052600E+06 -0.1956265E+05
 -0.1052500E+06 -0.1954940E+05
 -0.1052400E+06 -0.1953615E+05
 -0.1052300E+06 -0.1952290E+05
 -0.1052200E+06 -0.1950966E+05
 -0.1052100E+06 -0.1949642E+05
 -0.1052000E+06 -0.1948318E+05
 -0.1051900E+06 -0.1946995E+05
 -0.1051800E+06 -0.1945672E+05
 -0.1051700E+06 -0.1944350E+05
 -0.1051600E+06 -0.1943028E+05
 -0.1051500E+06 -0.1941706E+05
 -0.1051400E+06 -0.1940385E+05
 -0.1051300E+06 -0.1939063E+05
 -0.1051200E+06 -0.1937743E+05
 -0.1051100E+06 -0.1936423E+05
 -0.1051000E+06 -0.1935103E+05
 -0.1050900E+06 -0.1933783E+05
 -0.1050800E+06 -0.1932464E+05
 -0.1050700E+06 -0.1931145E+05
 -0.1050600E+06 -0.1929826E+05
 -0.1050500E+06 -0.1928508E+05
 -0.1050400E+06 -0.1927190E+05
 -0.1050300E+06 -0.1925873E+05
 -0.1050200E+06 -0.1924556E+05
 -0.1050100E+06 -0.1923239E+05
 -0.1050000E+06 -0.1921923E+05
 -0.1049900E+06 -0.1920607E+05
 -0.1049800E+06 -0.1919291E+05
 -0.1049700E+06 -0.1917976E+05
 -0.1049600E+06 -0.1916661E+05
 -0.1049500E+06 -0.1915347E+05
 -0.1049400E+06 -0.1914032E+05
 -0.1049300E+06 -0.1912719E+05
 -0.1049200E+06 -0.1911405E+05
 -0.1049100E+06 -0.1910092E+05
 -0.1049000E+06 -0.1908779E+05
 -0.1048900E+06 -0.1907467E+05
 -0.1048800E+06 -0.1906155E+05
 -0.1048700E+06 -0.1904843E+05
 -0.1048600E+06 -0.1903532E+05
 -0.1048500E+06 -0.1902221E+05
 -0.1048400E+06 -0.1900911E+05
 -0.1048300E+06 -0.1899601E+05
 -0.1048200E+06 -0.1898291E+05
 -0.1048100E+06 -0.1896981E+05
 -0.1048000E+06 -0.1895672E+05
 -0.1047900E+06 -0.1894363E+05
 -0.1047800E+06 -0.1893055E+05
 -0.1047700E+06 -0.1891747E+05
 -0.1047600E+06 -0.1890439E+05
 -0.1047500E+06 -0.1889132E+05
 -0.1047400E+06 -0.1887825E+05
 -0.1047300E+06 -0.1886518E+05
 -0.1047200E+06 -0.1885212E+05
 -0.1047100E+06 -0.1883906E+05
 -0.1047000E+06 -0.1882601E+05
 -0.1046900E+06 -0.1881295E+05
 -0.1046800E+06 -0.1879991E+05
 -0.1046700E+06 -0.1878686E+05
 -0.1046600E+06 -0.1877382E+05
 -0.1046500E+06 -0.1876078E+05
 -0.1046400E+06 -0.1874775E+05
 -0.1046300E+06 -0.1873472E+05
 -0.1046200E+06 -0.1872169E+05
 -0.1046100E+06 -0.1870867E+05
 -0.1046000E+06 -0.1869565E+05
 -0.1045900E+06 -0.1868264E+05
 -0.1045800E+06 -0.1866962E+05
 -0.1045700E+06 -0.1865662E+05
 -0.1045600E+06 -0.1864361E+05
 -0.1045500E+06 -0.1863061E+05
 -0.1045400E+06 -0.1861761E+05
 -0.1045300E+06 -0.1860462E+05
 -0.1045200E+06 -0.1859162E+05
 -0.1045100E+06 -0.1857864E+05
 -0.1045000E+06 -0.1856565E+05
 -0.1044900E+06 -0.1855267E+05
 -0.1044800E+06 -0.1853970E+05
 -0.1044700E+06 -0.1852673E+05
 -0.1044600E+06 -0.1851375E+05
 -0.1044500E+06 -0.1850079E+05
 -0.1044400E+06 -0.1848783E+05
 -0.1044300E+06 -0.1847487E+05
 -0.1044200E+06 -0.1846191E+05
 -0.1044100E+06 -0.1844896E+05
 -0.1044000E+06 -0.1843601E+05
 -0.1043900E+06 -0.1842307E+05
 -0.1043800E+06 -0.1841013E+05
 -0.1043700E+06 -0.1839719E+05
 -0.1043600E+06 -0.1838426E+05
 -0.1043500E+06 -0.1837132E+05
 -0.1043400E+06 -0.1835840E+05
 -0.1043300E+06 -0.1834548E+05
 -0.1043200E+06 -0.1833255E+05
 -0.1043100E+06 -0.1831964E+05
 -0.1043000E+06 -0.1830673E+05
 -0.1042900E+06 -0.1829382E+05
 -0.1042800E+06 -0.1828091E+05
 -0.1042700E+06 -0.1826801E+05
 -0.1042600E+06 -0.1825511E+05
 -0.1042500E+06 -0.1824222E+05
 -0.1042400E+06 -0.1822933E+05
 -0.1042300E+06 -0.1821644E+05
 -0.1042200E+06 -0.1820356E+05
 -0.1042100E+06 -0.1819067E+05
 -0.1042000E+06 -0.1817780E+05
 -0.1041900E+06 -0.1816492E+05
 -0.1041800E+06 -0.1815205E+05
 -0.1041700E+06 -0.1813919E+05
 -0.1041600E+06 -0.1812632E+05
 -0.1041500E+06 -0.1811347E+05
 -0.1041400E+06 -0.1810061E+05
 -0.1041300E+06 -0.1808776E+05
 -0.1041200E+06 -0.1807491E+05
 -0.1041100E+06 -0.1806206E+05
 -0.1041000E+06 -0.1804922E+05
 -0.1040900E+06 -0.1803639E+05
 -0.1040800E+06 -0.1802355E+05
 -0.1040700E+06 -0.1801072E+05
 -0.1040600E+06 -0.1799789E+05
 -0.1040500E+06 -0.1798506E+05
 -0.1040400E+06 -0.1797224E+05
 -0.1040300E+06 -0.1795943E+05
 -0.1040200E+06 -0.1794661E+05
 -0.1040100E+06 -0.1793380E+05
 -0.1040000E+06 -0.1792100E+05
 -0.1039900E+06 -0.1790819E+05
 -0.1039800E+06 -0.1789539E+05
 -0.1039700E+06 -0.1788260E+05
 -0.1039600E+06 -0.1786980E+05
 -0.1039500E+06 -0.1785702E+05
 -0.1039400E+06 -0.1784423E+05
 -0.1039300E+06 -0.1783145E+05
 -0.1039200E+06 -0.1781867E+05
 -0.1039100E+06 -0.1780589E+05
 -0.1039000E+06 -0.1779312E+05
 -0.1038900E+06 -0.1778036E+05
 -0.1038800E+06 -0.1776759E+05
 -0.1038700E+06 -0.1775483E+05
 -0.1038600E+06 -0.1774208E+05
 -0.1038500E+06 -0.1772932E+05
 -0.1038400E+06 -0.1771657E+05
 -0.1038300E+06 -0.1770382E+05
 -0.1038200E+06 -0.1769108E+05
 -0.1038100E+06 -0.1767834E+05
 -0.1038000E+06 -0.1766560E+05
 -0.1037900E+06 -0.1765287E+05
 -0.1037800E+06 -0.1764014E+05
 -0.1037700E+06 -0.1762742E+05
 -0.1037600E+06 -0.1761469E+05
 -0.1037500E+06 -0.1760198E+05
 -0.1037400E+06 -0.1758926E+05
 -0.1037300E+06 -0.1757655E+05
 -0.1037200E+06 -0.1756384E+05
 -0.1037100E+06 -0.1755113E+05
 -0.1037000E+06 -0.1753843E+05
 -0.1036900E+06 -0.1752574E+05
 -0.1036800E+06 -0.1751304E+05
 -0.1036700E+06 -0.1750035E+05
 -0.1036600E+06 -0.1748766E+05
 -0.1036500E+06 -0.1747498E+05
 -0.1036400E+06 -0.1746230E+05
 -0.1036300E+06 -0.1744962E+05
 -0.1036200E+06 -0.1743695E+05
 -0.1036100E+06 -0.1742428E+05
 -0.1036000E+06 -0.1741161E+05
 -0.1035900E+06 -0.1739895E+05
 -0.1035800E+06 -0.1738629E+05
 -0.1035700E+06 -0.1737363E+05
 -0.1035600E+06 -0.1736098E+05
 -0.1035500E+06 -0.1734833E+05
 -0.1035400E+06 -0.1733569E+05
 -0.1035300E+06 -0.1732304E+05
 -0.1035200E+06 -0.1731040E+05
 -0.1035100E+06 -0.1729777E+05
 -0.1035000E+06 -0.1728514E+05
 -0.1034900E+06 -0.1727251E+05
 -0.1034800E+06 -0.1725989E+05
 -0.1034700E+06 -0.1724727E+05
 -0.1034600E+06 -0.1723465E+05
 -0.1034500E+06 -0.1722203E+05
 -0.1034400E+06 -0.1720942E+05
 -0.1034300E+06 -0.1719681E+05
 -0.1034200E+06 -0.1718421E+05
 -0.1034100E+06 -0.1717161E+05
 -0.1034000E+06 -0.1715901E+05
 -0.1033900E+06 -0.1714642E+05
 -0.1033800E+06 -0.1713383E+05
 -0.1033700E+06 -0.1712124E+05
 -0.1033600E+06 -0.1710866E+05
 -0.1033500E+06 -0.1709608E+05
 -0.1033400E+06 -0.1708350E+05
 -0.1033300E+06 -0.1707093E+05
 -0.1033200E+06 -0.1705836E+05
 -0.1033100E+06 -0.1704579E+05
 -0.1033000E+06 -0.1703323E+05
 -0.1032900E+06 -0.1702067E+05
 -0.1032800E+06 -0.1700812E+05
 -0.1032700E+06 -0.1699556E+05
 -0.1032600E+06 -0.1698302E+05
 -0.1032500E+06 -0.1697047E+05
 -0.1032400E+06 -0.1695793E+05
 -0.1032300E+06 -0.1694539E+05
 -0.1032200E+06 -0.1693286E+05
 -0.1032100E+06 -0.1692033E+05
 -0.1032000E+06 -0.1690780E+05
 -0.1031900E+06 -0.1689527E+05
 -0.1031800E+06 -0.1688275E+05
 -0.1031700E+06 -0.1687024E+05
 -0.1031600E+06 -0.1685772E+05
 -0.1031500E+06 -0.1684521E+05
 -0.1031400E+06 -0.1683270E+05
 -0.1031300E+06 -0.1682020E+05
 -0.1031200E+06 -0.1680770E+05
 -0.1031100E+06 -0.1679520E+05
 -0.1031000E+06 -0.1678271E+05
 -0.1030900E+06 -0.1677022E+05
 -0.1030800E+06 -0.1675773E+05
 -0.1030700E+06 -0.1674525E+05
 -0.1030600E+06 -0.1673277E+05
 -0.1030500E+06 -0.1672029E+05
 -0.1030400E+06 -0.1670782E+05
 -0.1030300E+06 -0.1669535E+05
 -0.1030200E+06 -0.1668288E+05
 -0.1030100E+06 -0.1667042E+05
 -0.1030000E+06 -0.1665796E+05
 -0.1029900E+06 -0.1664551E+05
 -0.1029800E+06 -0.1663305E+05
 -0.1029700E+06 -0.1662060E+05
 -0.1029600E+06 -0.1660816E+05
 -0.1029500E+06 -0.1659572E+05
 -0.1029400E+06 -0.1658328E+05
 -0.1029300E+06 -0.1657084E+05
 -0.1029200E+06 -0.1655841E+05
 -0.1029100E+06 -0.1654598E+05
 -0.1029000E+06 -0.1653356E+05
 -0.1028900E+06 -0.1652114E+05
 -0.1028800E+06 -0.1650872E+05
 -0.1028700E+06 -0.1649630E+05
 -0.1028600E+06 -0.1648389E+05
 -0.1028500E+06 -0.1647148E+05
 -0.1028400E+06 -0.1645908E+05
 -0.1028300E+06 -0.1644668E+05
 -0.1028200E+06 -0.1643428E+05
 -0.1028100E+06 -0.1642188E+05
 -0.1028000E+06 -0.1640949E+05
 -0.1027900E+06 -0.1639711E+05
 -0.1027800E+06 -0.1638472E+05
 -0.1027700E+06 -0.1637234E+05
 -0.1027600E+06 -0.1635996E+05
 -0.1027500E+06 -0.1634759E+05
 -0.1027400E+06 -0.1633522E+05
 -0.1027300E+06 -0.1632285E+05
 -0.1027200E+06 -0.1631049E+05
 -0.1027100E+06 -0.1629813E+05
 -0.1027000E+06 -0.1628577E+05
 -0.1026900E+06 -0.1627341E+05
 -0.1026800E+06 -0.1626107E+05
 -0.1026700E+06 -0.1624872E+05
 -0.1026600E+06 -0.1623638E+05
 -0.1026500E+06 -0.1622404E+05
 -0.1026400E+06 -0.1621170E+05
 -0.1026300E+06 -0.1619937E+05
 -0.1026200E+06 -0.1618704E+05
 -0.1026100E+06 -0.1617471E+05
 -0.1026000E+06 -0.1616239E+05
 -0.1025900E+06 -0.1615007E+05
 -0.1025800E+06 -0.1613775E+05
 -0.1025700E+06 -0.1612544E+05
 -0.1025600E+06 -0.1611313E+05
 -0.1025500E+06 -0.1610083E+05
 -0.1025400E+06 -0.1608852E+05
 -0.1025300E+06 -0.1607622E+05
 -0.1025200E+06 -0.1606393E+05
 -0.1025100E+06 -0.1605163E+05
 -0.1025000E+06 -0.1603934E+05
 -0.1024900E+06 -0.1602706E+05
 -0.1024800E+06 -0.1601477E+05
 -0.1024700E+06 -0.1600250E+05
 -0.1024600E+06 -0.1599022E+05
 -0.1024500E+06 -0.1597795E+05
 -0.1024400E+06 -0.1596568E+05
 -0.1024300E+06 -0.1595342E+05
 -0.1024200E+06 -0.1594115E+05
 -0.1024100E+06 -0.1592889E+05
 -0.1024000E+06 -0.1591664E+05
 -0.1023900E+06 -0.1590439E+05
 -0.1023800E+06 -0.1589213E+05
 -0.1023700E+06 -0.1587989E+05
 -0.1023600E+06 -0.1586765E+05
 -0.1023500E+06 -0.1585541E+05
 -0.1023400E+06 -0.1584318E+05
 -0.1023300E+06 -0.1583094E+05
 -0.1023200E+06 -0.1581872E+05
 -0.1023100E+06 -0.1580649E+05
 -0.1023000E+06 -0.1579427E+05
 -0.1022900E+06 -0.1578205E+05
 -0.1022800E+06 -0.1576984E+05
 -0.1022700E+06 -0.1575762E+05
 -0.1022600E+06 -0.1574542E+05
 -0.1022500E+06 -0.1573321E+05
 -0.1022400E+06 -0.1572101E+05
 -0.1022300E+06 -0.1570881E+05
 -0.1022200E+06 -0.1569662E+05
 -0.1022100E+06 -0.1568442E+05
 -0.1022000E+06 -0.1567223E+05
 -0.1021900E+06 -0.1566005E+05
 -0.1021800E+06 -0.1564787E+05
 -0.1021700E+06 -0.1563569E+05
 -0.1021600E+06 -0.1562351E+05
 -0.1021500E+06 -0.1561134E+05
 -0.1021400E+06 -0.1559918E+05
 -0.1021300E+06 -0.1558701E+05
 -0.1021200E+06 -0.1557485E+05
 -0.1021100E+06 -0.1556269E+05
 -0.1021000E+06 -0.1555054E+05
 -0.1020900E+06 -0.1553838E+05
 -0.1020800E+06 -0.1552624E+05
 -0.1020700E+06 -0.1551409E+05
 -0.1020600E+06 -0.1550195E+05
 -0.1020500E+06 -0.1548981E+05
 -0.1020400E+06 -0.1547768E+05
 -0.1020300E+06 -0.1546554E+05
 -0.1020200E+06 -0.1545342E+05
 -0.1020100E+06 -0.1544129E+05
 -0.1020000E+06 -0.1542917E+05
 -0.1019900E+06 -0.1541705E+05
 -0.1019800E+06 -0.1540494E+05
 -0.1019700E+06 -0.1539283E+05
 -0.1019600E+06 -0.1538072E+05
 -0.1019500E+06 -0.1536861E+05
 -0.1019400E+06 -0.1535651E+05
 -0.1019300E+06 -0.1534441E+05
 -0.1019200E+06 -0.1533232E+05
 -0.1019100E+06 -0.1532023E+05
 -0.1019000E+06 -0.1530814E+05
 -0.1018900E+06 -0.1529605E+05
 -0.1018800E+06 -0.1528397E+05
 -0.1018700E+06 -0.1527189E+05
 -0.1018600E+06 -0.1525982E+05
 -0.1018500E+06 -0.1524775E+05
 -0.1018400E+06 -0.1523568E+05
 -0.1018300E+06 -0.1522362E+05
 -0.1018200E+06 -0.1521156E+05
 -0.1018100E+06 -0.1519950E+05
 -0.1018000E+06 -0.1518744E+05
 -0.1017900E+06 -0.1517539E+05
 -0.1017800E+06 -0.1516334E+05
 -0.1017700E+06 -0.1515129E+05
 -0.1017600E+06 -0.1513925E+05
 -0.1017500E+06 -0.1512722E+05
 -0.1017400E+06 -0.1511518E+05
 -0.1017300E+06 -0.1510315E+05
 -0.1017200E+06 -0.1509112E+05
 -0.1017100E+06 -0.1507909E+05
 -0.1017000E+06 -0.1506707E+05
 -0.1016900E+06 -0.1505505E+05
 -0.1016800E+06 -0.1504304E+05
 -0.1016700E+06 -0.1503103E+05
 -0.1016600E+06 -0.1501902E+05
 -0.1016500E+06 -0.1500701E+05
 -0.1016400E+06 -0.1499501E+05
 -0.1016300E+06 -0.1498301E+05
 -0.1016200E+06 -0.1497102E+05
 -0.1016100E+06 -0.1495902E+05
 -0.1016000E+06 -0.1494703E+05
 -0.1015900E+06 -0.1493505E+05
 -0.1015800E+06 -0.1492307E+05
 -0.1015700E+06 -0.1491109E+05
 -0.1015600E+06 -0.1489911E+05
 -0.1015500E+06 -0.1488714E+05
 -0.1015400E+06 -0.1487517E+05
 -0.1015300E+06 -0.1486321E+05
 -0.1015200E+06 -0.1485124E+05
 -0.1015100E+06 -0.1483928E+05
 -0.1015000E+06 -0.1482733E+05
 -0.1014900E+06 -0.1481537E+05
 -0.1014800E+06 -0.1480343E+05
 -0.1014700E+06 -0.1479148E+05
 -0.1014600E+06 -0.1477954E+05
 -0.1014500E+06 -0.1476760E+05
 -0.1014400E+06 -0.1475566E+05
 -0.1014300E+06 -0.1474373E+05
 -0.1014200E+06 -0.1473179E+05
 -0.1014100E+06 -0.1471987E+05
 -0.1014000E+06 -0.1470795E+05
 -0.1013900E+06 -0.1469603E+05
 -0.1013800E+06 -0.1468411E+05
 -0.1013700E+06 -0.1467220E+05
 -0.1013600E+06 -0.1466029E+05
 -0.1013500E+06 -0.1464838E+05
 -0.1013400E+06 -0.1463648E+05
 -0.1013300E+06 -0.1462458E+05
 -0.1013200E+06 -0.1461268E+05
 -0.1013100E+06 -0.1460079E+05
 -0.1013000E+06 -0.1458890E+05
 -0.1012900E+06 -0.1457701E+05
 -0.1012800E+06 -0.1456512E+05
 -0.1012700E+06 -0.1455324E+05
 -0.1012600E+06 -0.1454136E+05
 -0.1012500E+06 -0.1452949E+05
 -0.1012400E+06 -0.1451762E+05
 -0.1012300E+06 -0.1450575E+05
 -0.1012200E+06 -0.1449389E+05
 -0.1012100E+06 -0.1448203E+05
 -0.1012000E+06 -0.1447017E+05
 -0.1011900E+06 -0.1445832E+05
 -0.1011800E+06 -0.1444646E+05
 -0.1011700E+06 -0.1443462E+05
 -0.1011600E+06 -0.1442277E+05
 -0.1011500E+06 -0.1441093E+05
 -0.1011400E+06 -0.1439909E+05
 -0.1011300E+06 -0.1438726E+05
 -0.1011200E+06 -0.1437542E+05
 -0.1011100E+06 -0.1436360E+05
 -0.1011000E+06 -0.1435177E+05
 -0.1010900E+06 -0.1433995E+05
 -0.1010800E+06 -0.1432813E+05
 -0.1010700E+06 -0.1431631E+05
 -0.1010600E+06 -0.1430450E+05
 -0.1010500E+06 -0.1429269E+05
 -0.1010400E+06 -0.1428089E+05
 -0.1010300E+06 -0.1426908E+05
 -0.1010200E+06 -0.1425728E+05
 -0.1010100E+06 -0.1424549E+05
 -0.1010000E+06 -0.1423369E+05
 -0.1009900E+06 -0.1422191E+05
 -0.1009800E+06 -0.1421012E+05
 -0.1009700E+06 -0.1419833E+05
 -0.1009600E+06 -0.1418656E+05
 -0.1009500E+06 -0.1417478E+05
 -0.1009400E+06 -0.1416301E+05
 -0.1009300E+06 -0.1415124E+05
 -0.1009200E+06 -0.1413947E+05
 -0.1009100E+06 -0.1412771E+05
 -0.1009000E+06 -0.1411595E+05
 -0.1008900E+06 -0.1410419E+05
 -0.1008800E+06 -0.1409243E+05
 -0.1008700E+06 -0.1408068E+05
 -0.1008600E+06 -0.1406893E+05
 -0.1008500E+06 -0.1405719E+05
 -0.1008400E+06 -0.1404545E+05
 -0.1008300E+06 -0.1403371E+05
 -0.1008200E+06 -0.1402198E+05
 -0.1008100E+06 -0.1401024E+05
 -0.1008000E+06 -0.1399852E+05
 -0.1007900E+06 -0.1398679E+05
 -0.1007800E+06 -0.1397507E+05
 -0.1007700E+06 -0.1396335E+05
 -0.1007600E+06 -0.1395164E+05
 -0.1007500E+06 -0.1393992E+05
 -0.1007400E+06 -0.1392822E+05
 -0.1007300E+06 -0.1391651E+05
 -0.1007200E+06 -0.1390481E+05
 -0.1007100E+06 -0.1389311E+05
 -0.1007000E+06 -0.1388141E+05
 -0.1006900E+06 -0.1386972E+05
 -0.1006800E+06 -0.1385803E+05
 -0.1006700E+06 -0.1384634E+05
 -0.1006600E+06 -0.1383466E+05
 -0.1006500E+06 -0.1382298E+05
 -0.1006400E+06 -0.1381130E+05
 -0.1006300E+06 -0.1379963E+05
 -0.1006200E+06 -0.1378796E+05
 -0.1006100E+06 -0.1377629E+05
 -0.1006000E+06 -0.1376463E+05
 -0.1005900E+06 -0.1375297E+05
 -0.1005800E+06 -0.1374131E+05
 -0.1005700E+06 -0.1372965E+05
 -0.1005600E+06 -0.1371800E+05
 -0.1005500E+06 -0.1370636E+05
 -0.1005400E+06 -0.1369471E+05
 -0.1005300E+06 -0.1368307E+05
 -0.1005200E+06 -0.1367143E+05
 -0.1005100E+06 -0.1365979E+05
 -0.1005000E+06 -0.1364816E+05
 -0.1004900E+06 -0.1363654E+05
 -0.1004800E+06 -0.1362491E+05
 -0.1004700E+06 -0.1361329E+05
 -0.1004600E+06 -0.1360167E+05
 -0.1004500E+06 -0.1359005E+05
 -0.1004400E+06 -0.1357844E+05
 -0.1004300E+06 -0.1356683E+05
 -0.1004200E+06 -0.1355522E+05
 -0.1004100E+06 -0.1354362E+05
 -0.1004000E+06 -0.1353202E+05
 -0.1003900E+06 -0.1352042E+05
 -0.1003800E+06 -0.1350883E+05
 -0.1003700E+06 -0.1349724E+05
 -0.1003600E+06 -0.1348565E+05
 -0.1003500E+06 -0.1347407E+05
 -0.1003400E+06 -0.1346249E+05
 -0.1003300E+06 -0.1345091E+05
 -0.1003200E+06 -0.1343933E+05
 -0.1003100E+06 -0.1342776E+05
 -0.1003000E+06 -0.1341620E+05
 -0.1002900E+06 -0.1340463E+05
 -0.1002800E+06 -0.1339306E+05
 -0.1002700E+06 -0.1338151E+05
 -0.1002600E+06 -0.1336995E+05
 -0.1002500E+06 -0.1335840E+05
 -0.1002400E+06 -0.1334685E+05
 -0.1002300E+06 -0.1333531E+05
 -0.1002200E+06 -0.1332376E+05
 -0.1002100E+06 -0.1331222E+05
 -0.1002000E+06 -0.1330068E+05
 -0.1001900E+06 -0.1328915E+05
 -0.1001800E+06 -0.1327762E+05
 -0.1001700E+06 -0.1326609E+05
 -0.1001600E+06 -0.1325457E+05
 -0.1001500E+06 -0.1324305E+05
 -0.1001400E+06 -0.1323153E+05
 -0.1001300E+06 -0.1322002E+05
 -0.1001200E+06 -0.1320851E+05
 -0.1001100E+06 -0.1319700E+05
 -0.1001000E+06 -0.1318549E+05
 -0.1000900E+06 -0.1317399E+05
 -0.1000800E+06 -0.1316249E+05
 -0.1000700E+06 -0.1315100E+05
 -0.1000600E+06 -0.1313950E+05
 -0.1000500E+06 -0.1312801E+05
 -0.1000400E+06 -0.1311653E+05
 -0.1000300E+06 -0.1310505E+05
 -0.1000200E+06 -0.1309357E+05
 -0.1000100E+06 -0.1308209E+05
 -0.1000000E+06 -0.1307062E+05
 -0.9999000E+05 -0.1305915E+05
 -0.9998000E+05 -0.1304768E+05
 -0.9997000E+05 -0.1303622E+05
 -0.9996000E+05 -0.1302475E+05
 -0.9995000E+05 -0.1301330E+05
 -0.9994000E+05 -0.1300184E+05
 -0.9993000E+05 -0.1299039E+05
 -0.9992000E+05 -0.1297894E+05
 -0.9991000E+05 -0.1296750E+05
 -0.9990000E+05 -0.1295606E+05
 -0.9989000E+05 -0.1294462E+05
 -0.9988000E+05 -0.1293318E+05
 -0.9987000E+05 -0.1292175E+05
 -0.9986000E+05 -0.1291032E+05
 -0.9985000E+05 -0.1289889E+05
 -0.9984000E+05 -0.1288747E+05
 -0.9983000E+05 -0.1287605E+05
 -0.9982000E+05 -0.1286463E+05
 -0.9981000E+05 -0.1285322E+05
 -0.9980000E+05 -0.1284181E+05
 -0.9979000E+05 -0.1283040E+05
 -0.9978000E+05 -0.1281900E+05
 -0.9977000E+05 -0.1280760E+05
 -0.9976000E+05 -0.1279620E+05
 -0.9975000E+05 -0.1278480E+05
 -0.9974000E+05 -0.1277341E+05
 -0.9973000E+05 -0.1276202E+05
 -0.9972000E+05 -0.1275064E+05
 -0.9971000E+05 -0.1273925E+05
 -0.9970000E+05 -0.1272788E+05
 -0.9969000E+05 -0.1271650E+05
 -0.9968000E+05 -0.1270513E+05
 -0.9967000E+05 -0.1269376E+05
 -0.9966000E+05 -0.1268239E+05
 -0.9965000E+05 -0.1267103E+05
 -0.9964000E+05 -0.1265966E+05
 -0.9963000E+05 -0.1264831E+05
 -0.9962000E+05 -0.1263695E+05
 -0.9961000E+05 -0.1262560E+05
 -0.9960000E+05 -0.1261425E+05
 -0.9959000E+05 -0.1260291E+05
 -0.9958000E+05 -0.1259157E+05
 -0.9957000E+05 -0.1258023E+05
 -0.9956000E+05 -0.1256889E+05
 -0.9955000E+05 -0.1255756E+05
 -0.9954000E+05 -0.1254623E+05
 -0.9953000E+05 -0.1253491E+05
 -0.9952000E+05 -0.1252358E+05
 -0.9951000E+05 -0.1251226E+05
 -0.9950000E+05 -0.1250094E+05
 -0.9949000E+05 -0.1248963E+05
 -0.9948000E+05 -0.1247832E+05
 -0.9947000E+05 -0.1246701E+05
 -0.9946000E+05 -0.1245571E+05
 -0.9945000E+05 -0.1244441E+05
 -0.9944000E+05 -0.1243311E+05
 -0.9943000E+05 -0.1242181E+05
 -0.9942000E+05 -0.1241052E+05
 -0.9941000E+05 -0.1239923E+05
 -0.9940000E+05 -0.1238795E+05
 -0.9939000E+05 -0.1237666E+05
 -0.9938000E+05 -0.1236538E+05
 -0.9937000E+05 -0.1235411E+05
 -0.9936000E+05 -0.1234283E+05
 -0.9935000E+05 -0.1233156E+05
 -0.9934000E+05 -0.1232029E+05
 -0.9933000E+05 -0.1230903E+05
 -0.9932000E+05 -0.1229777E+05
 -0.9931000E+05 -0.1228651E+05
 -0.9930000E+05 -0.1227526E+05
 -0.9929000E+05 -0.1226401E+05
 -0.9928000E+05 -0.1225276E+05
 -0.9927000E+05 -0.1224151E+05
 -0.9926000E+05 -0.1223027E+05
 -0.9925000E+05 -0.1221903E+05
 -0.9924000E+05 -0.1220779E+05
 -0.9923000E+05 -0.1219656E+05
 -0.9922000E+05 -0.1218533E+05
 -0.9921000E+05 -0.1217410E+05
 -0.9920000E+05 -0.1216287E+05
 -0.9919000E+05 -0.1215165E+05
 -0.9918000E+05 -0.1214044E+05
 -0.9917000E+05 -0.1212922E+05
 -0.9916000E+05 -0.1211801E+05
 -0.9915000E+05 -0.1210680E+05
 -0.9914000E+05 -0.1209560E+05
 -0.9913000E+05 -0.1208439E+05
 -0.9912000E+05 -0.1207319E+05
 -0.9911000E+05 -0.1206199E+05
 -0.9910000E+05 -0.1205080E+05
 -0.9909000E+05 -0.1203961E+05
 -0.9908000E+05 -0.1202843E+05
 -0.9907000E+05 -0.1201724E+05
 -0.9906000E+05 -0.1200606E+05
 -0.9905000E+05 -0.1199488E+05
 -0.9904000E+05 -0.1198371E+05
 -0.9903000E+05 -0.1197253E+05
 -0.9902000E+05 -0.1196137E+05
 -0.9901000E+05 -0.1195020E+05
 -0.9900000E+05 -0.1193904E+05
 -0.9899000E+05 -0.1192788E+05
 -0.9898000E+05 -0.1191672E+05
 -0.9897000E+05 -0.1190556E+05
 -0.9896000E+05 -0.1189442E+05
 -0.9895000E+05 -0.1188327E+05
 -0.9894000E+05 -0.1187212E+05
 -0.9893000E+05 -0.1186098E+05
 -0.9892000E+05 -0.1184984E+05
 -0.9891000E+05 -0.1183871E+05
 -0.9890000E+05 -0.1182758E+05
 -0.9889000E+05 -0.1181645E+05
 -0.9888000E+05 -0.1180532E+05
 -0.9887000E+05 -0.1179420E+05
 -0.9886000E+05 -0.1178308E+05
 -0.9885000E+05 -0.1177196E+05
 -0.9884000E+05 -0.1176085E+05
 -0.9883000E+05 -0.1174974E+05
 -0.9882000E+05 -0.1173863E+05
 -0.9881000E+05 -0.1172752E+05
 -0.9880000E+05 -0.1171642E+05
 -0.9879000E+05 -0.1170532E+05
 -0.9878000E+05 -0.1169423E+05
 -0.9877000E+05 -0.1168313E+05
 -0.9876000E+05 -0.1167205E+05
 -0.9875000E+05 -0.1166096E+05
 -0.9874000E+05 -0.1164987E+05
 -0.9873000E+05 -0.1163879E+05
 -0.9872000E+05 -0.1162772E+05
 -0.9871000E+05 -0.1161664E+05
 -0.9870000E+05 -0.1160557E+05
 -0.9869000E+05 -0.1159450E+05
 -0.9868000E+05 -0.1158344E+05
 -0.9867000E+05 -0.1157238E+05
 -0.9866000E+05 -0.1156132E+05
 -0.9865000E+05 -0.1155026E+05
 -0.9864000E+05 -0.1153921E+05
 -0.9863000E+05 -0.1152816E+05
 -0.9862000E+05 -0.1151711E+05
 -0.9861000E+05 -0.1150607E+05
 -0.9860000E+05 -0.1149503E+05
 -0.9859000E+05 -0.1148399E+05
 -0.9858000E+05 -0.1147295E+05
 -0.9857000E+05 -0.1146192E+05
 -0.9856000E+05 -0.1145089E+05
 -0.9855000E+05 -0.1143987E+05
 -0.9854000E+05 -0.1142884E+05
 -0.9853000E+05 -0.1141782E+05
 -0.9852000E+05 -0.1140681E+05
 -0.9851000E+05 -0.1139579E+05
 -0.9850000E+05 -0.1138478E+05
 -0.9849000E+05 -0.1137377E+05
 -0.9848000E+05 -0.1136277E+05
 -0.9847000E+05 -0.1135177E+05
 -0.9846000E+05 -0.1134077E+05
 -0.9845000E+05 -0.1132977E+05
 -0.9844000E+05 -0.1131878E+05
 -0.9843000E+05 -0.1130779E+05
 -0.9842000E+05 -0.1129680E+05
 -0.9841000E+05 -0.1128582E+05
 -0.9840000E+05 -0.1127484E+05
 -0.9839000E+05 -0.1126386E+05
 -0.9838000E+05 -0.1125289E+05
 -0.9837000E+05 -0.1124192E+05
 -0.9836000E+05 -0.1123095E+05
 -0.9835000E+05 -0.1121998E+05
 -0.9834000E+05 -0.1120902E+05
 -0.9833000E+05 -0.1119806E+05
 -0.9832000E+05 -0.1118710E+05
 -0.9831000E+05 -0.1117615E+05
 -0.9830000E+05 -0.1116520E+05
 -0.9829000E+05 -0.1115425E+05
 -0.9828000E+05 -0.1114331E+05
 -0.9827000E+05 -0.1113236E+05
 -0.9826000E+05 -0.1112143E+05
 -0.9825000E+05 -0.1111049E+05
 -0.9824000E+05 -0.1109956E+05
 -0.9823000E+05 -0.1108863E+05
 -0.9822000E+05 -0.1107770E+05
 -0.9821000E+05 -0.1106678E+05
 -0.9820000E+05 -0.1105586E+05
 -0.9819000E+05 -0.1104494E+05
 -0.9818000E+05 -0.1103402E+05
 -0.9817000E+05 -0.1102311E+05
 -0.9816000E+05 -0.1101220E+05
 -0.9815000E+05 -0.1100130E+05
 -0.9814000E+05 -0.1099040E+05
 -0.9813000E+05 -0.1097950E+05
 -0.9812000E+05 -0.1096860E+05
 -0.9811000E+05 -0.1095771E+05
 -0.9810000E+05 -0.1094682E+05
 -0.9809000E+05 -0.1093593E+05
 -0.9808000E+05 -0.1092504E+05
 -0.9807000E+05 -0.1091416E+05
 -0.9806000E+05 -0.1090328E+05
 -0.9805000E+05 -0.1089241E+05
 -0.9804000E+05 -0.1088154E+05
 -0.9803000E+05 -0.1087066E+05
 -0.9802000E+05 -0.1085980E+05
 -0.9801000E+05 -0.1084893E+05
 -0.9800000E+05 -0.1083807E+05
 -0.9799000E+05 -0.1082721E+05
 -0.9798000E+05 -0.1081636E+05
 -0.9797000E+05 -0.1080551E+05
 -0.9796000E+05 -0.1079466E+05
 -0.9795000E+05 -0.1078381E+05
 -0.9794000E+05 -0.1077297E+05
 -0.9793000E+05 -0.1076213E+05
 -0.9792000E+05 -0.1075129E+05
 -0.9791000E+05 -0.1074046E+05
 -0.9790000E+05 -0.1072963E+05
 -0.9789000E+05 -0.1071880E+05
 -0.9788000E+05 -0.1070797E+05
 -0.9787000E+05 -0.1069715E+05
 -0.9786000E+05 -0.1068633E+05
 -0.9785000E+05 -0.1067551E+05
 -0.9784000E+05 -0.1066470E+05
 -0.9783000E+05 -0.1065389E+05
 -0.9782000E+05 -0.1064308E+05
 -0.9781000E+05 -0.1063228E+05
 -0.9780000E+05 -0.1062148E+05
 -0.9779000E+05 -0.1061068E+05
 -0.9778000E+05 -0.1059988E+05
 -0.9777000E+05 -0.1058909E+05
 -0.9776000E+05 -0.1057830E+05
 -0.9775000E+05 -0.1056752E+05
 -0.9774000E+05 -0.1055673E+05
 -0.9773000E+05 -0.1054595E+05
 -0.9772000E+05 -0.1053517E+05
 -0.9771000E+05 -0.1052440E+05
 -0.9770000E+05 -0.1051362E+05
 -0.9769000E+05 -0.1050285E+05
 -0.9768000E+05 -0.1049209E+05
 -0.9767000E+05 -0.1048133E+05
 -0.9766000E+05 -0.1047057E+05
 -0.9765000E+05 -0.1045981E+05
 -0.9764000E+05 -0.1044906E+05
 -0.9763000E+05 -0.1043830E+05
 -0.9762000E+05 -0.1042756E+05
 -0.9761000E+05 -0.1041681E+05
 -0.9760000E+05 -0.1040607E+05
 -0.9759000E+05 -0.1039533E+05
 -0.9758000E+05 -0.1038459E+05
 -0.9757000E+05 -0.1037386E+05
 -0.9756000E+05 -0.1036313E+05
 -0.9755000E+05 -0.1035240E+05
 -0.9754000E+05 -0.1034167E+05
 -0.9753000E+05 -0.1033095E+05
 -0.9752000E+05 -0.1032023E+05
 -0.9751000E+05 -0.1030952E+05
 -0.9750000E+05 -0.1029880E+05
 -0.9749000E+05 -0.1028809E+05
 -0.9748000E+05 -0.1027739E+05
 -0.9747000E+05 -0.1026668E+05
 -0.9746000E+05 -0.1025598E+05
 -0.9745000E+05 -0.1024528E+05
 -0.9744000E+05 -0.1023459E+05
 -0.9743000E+05 -0.1022389E+05
 -0.9742000E+05 -0.1021320E+05
 -0.9741000E+05 -0.1020252E+05
 -0.9740000E+05 -0.1019183E+05
 -0.9739000E+05 -0.1018115E+05
 -0.9738000E+05 -0.1017047E+05
 -0.9737000E+05 -0.1015980E+05
 -0.9736000E+05 -0.1014913E+05
 -0.9735000E+05 -0.1013846E+05
 -0.9734000E+05 -0.1012779E+05
 -0.9733000E+05 -0.1011713E+05
 -0.9732000E+05 -0.1010647E+05
 -0.9731000E+05 -0.1009581E+05
 -0.9730000E+05 -0.1008515E+05
 -0.9729000E+05 -0.1007450E+05
 -0.9728000E+05 -0.1006385E+05
 -0.9727000E+05 -0.1005321E+05
 -0.9726000E+05 -0.1004257E+05
 -0.9725000E+05 -0.1003193E+05
 -0.9724000E+05 -0.1002129E+05
 -0.9723000E+05 -0.1001065E+05
 -0.9722000E+05 -0.1000002E+05
 -0.9721000E+05 -0.9989393E+04
 -0.9720000E+05 -0.9978769E+04
 -0.9719000E+05 -0.9968146E+04
 -0.9718000E+05 -0.9957527E+04
 -0.9717000E+05 -0.9946911E+04
 -0.9716000E+05 -0.9936297E+04
 -0.9715000E+05 -0.9925686E+04
 -0.9714000E+05 -0.9915078E+04
 -0.9713000E+05 -0.9904471E+04
 -0.9712000E+05 -0.9893869E+04
 -0.9711000E+05 -0.9883270E+04
 -0.9710000E+05 -0.9872673E+04
 -0.9709000E+05 -0.9862078E+04
 -0.9708000E+05 -0.9851488E+04
 -0.9707000E+05 -0.9840902E+04
 -0.9706000E+05 -0.9830315E+04
 -0.9705000E+05 -0.9819735E+04
 -0.9704000E+05 -0.9809156E+04
 -0.9703000E+05 -0.9798579E+04
 -0.9702000E+05 -0.9788006E+04
 -0.9701000E+05 -0.9777436E+04
 -0.9700000E+05 -0.9766869E+04
 -0.9699000E+05 -0.9756304E+04
 -0.9698000E+05 -0.9745742E+04
 -0.9697000E+05 -0.9735185E+04
 -0.9696000E+05 -0.9724627E+04
 -0.9695000E+05 -0.9714074E+04
 -0.9694000E+05 -0.9703523E+04
 -0.9693000E+05 -0.9692977E+04
 -0.9692000E+05 -0.9682433E+04
 -0.9691000E+05 -0.9671890E+04
 -0.9690000E+05 -0.9661352E+04
 -0.9689000E+05 -0.9650816E+04
 -0.9688000E+05 -0.9640284E+04
 -0.9687000E+05 -0.9629753E+04
 -0.9686000E+05 -0.9619226E+04
 -0.9685000E+05 -0.9608703E+04
 -0.9684000E+05 -0.9598181E+04
 -0.9683000E+05 -0.9587662E+04
 -0.9682000E+05 -0.9577147E+04
 -0.9681000E+05 -0.9566635E+04
 -0.9680000E+05 -0.9556125E+04
 -0.9679000E+05 -0.9545618E+04
 -0.9678000E+05 -0.9535114E+04
 -0.9677000E+05 -0.9524613E+04
 -0.9676000E+05 -0.9514115E+04
 -0.9675000E+05 -0.9503619E+04
 -0.9674000E+05 -0.9493127E+04
 -0.9673000E+05 -0.9482638E+04
 -0.9672000E+05 -0.9472150E+04
 -0.9671000E+05 -0.9461665E+04
 -0.9670000E+05 -0.9451184E+04
 -0.9669000E+05 -0.9440706E+04
 -0.9668000E+05 -0.9430232E+04
 -0.9667000E+05 -0.9419759E+04
 -0.9666000E+05 -0.9409288E+04
 -0.9665000E+05 -0.9398823E+04
 -0.9664000E+05 -0.9388359E+04
 -0.9663000E+05 -0.9377896E+04
 -0.9662000E+05 -0.9367438E+04
 -0.9661000E+05 -0.9356984E+04
 -0.9660000E+05 -0.9346531E+04
 -0.9659000E+05 -0.9336081E+04
 -0.9658000E+05 -0.9325634E+04
 -0.9657000E+05 -0.9315192E+04
 -0.9656000E+05 -0.9304749E+04
 -0.9655000E+05 -0.9294311E+04
 -0.9654000E+05 -0.9283877E+04
 -0.9653000E+05 -0.9273445E+04
 -0.9652000E+05 -0.9263016E+04
 -0.9651000E+05 -0.9252590E+04
 -0.9650000E+05 -0.9242164E+04
 -0.9649000E+05 -0.9231743E+04
 -0.9648000E+05 -0.9221324E+04
 -0.9647000E+05 -0.9210909E+04
 -0.9646000E+05 -0.9200498E+04
 -0.9645000E+05 -0.9190089E+04
 -0.9644000E+05 -0.9179681E+04
 -0.9643000E+05 -0.9169277E+04
 -0.9642000E+05 -0.9158875E+04
 -0.9641000E+05 -0.9148477E+04
 -0.9640000E+05 -0.9138082E+04
 -0.9639000E+05 -0.9127690E+04
 -0.9638000E+05 -0.9117298E+04
 -0.9637000E+05 -0.9106911E+04
 -0.9636000E+05 -0.9096530E+04
 -0.9635000E+05 -0.9086148E+04
 -0.9634000E+05 -0.9075769E+04
 -0.9633000E+05 -0.9065393E+04
 -0.9632000E+05 -0.9055020E+04
 -0.9631000E+05 -0.9044650E+04
 -0.9630000E+05 -0.9034285E+04
 -0.9629000E+05 -0.9023919E+04
 -0.9628000E+05 -0.9013559E+04
 -0.9627000E+05 -0.9003200E+04
 -0.9626000E+05 -0.8992845E+04
 -0.9625000E+05 -0.8982492E+04
 -0.9624000E+05 -0.8972140E+04
 -0.9623000E+05 -0.8961794E+04
 -0.9622000E+05 -0.8951449E+04
 -0.9621000E+05 -0.8941109E+04
 -0.9620000E+05 -0.8930770E+04
 -0.9619000E+05 -0.8920436E+04
 -0.9618000E+05 -0.8910101E+04
 -0.9617000E+05 -0.8899771E+04
 -0.9616000E+05 -0.8889442E+04
 -0.9615000E+05 -0.8879119E+04
 -0.9614000E+05 -0.8868798E+04
 -0.9613000E+05 -0.8858478E+04
 -0.9612000E+05 -0.8848162E+04
 -0.9611000E+05 -0.8837848E+04
 -0.9610000E+05 -0.8827539E+04
 -0.9609000E+05 -0.8817231E+04
 -0.9608000E+05 -0.8806925E+04
 -0.9607000E+05 -0.8796624E+04
 -0.9606000E+05 -0.8786325E+04
 -0.9605000E+05 -0.8776028E+04
 -0.9604000E+05 -0.8765735E+04
 -0.9603000E+05 -0.8755443E+04
 -0.9602000E+05 -0.8745157E+04
 -0.9601000E+05 -0.8734871E+04
 -0.9600000E+05 -0.8724589E+04
 -0.9599000E+05 -0.8714310E+04
 -0.9598000E+05 -0.8704034E+04
 -0.9597000E+05 -0.8693758E+04
 -0.9596000E+05 -0.8683489E+04
 -0.9595000E+05 -0.8673218E+04
 -0.9594000E+05 -0.8662954E+04
 -0.9593000E+05 -0.8652691E+04
 -0.9592000E+05 -0.8642431E+04
 -0.9591000E+05 -0.8632175E+04
 -0.9590000E+05 -0.8621919E+04
 -0.9589000E+05 -0.8611669E+04
 -0.9588000E+05 -0.8601420E+04
 -0.9587000E+05 -0.8591175E+04
 -0.9586000E+05 -0.8580931E+04
 -0.9585000E+05 -0.8570692E+04
 -0.9584000E+05 -0.8560455E+04
 -0.9583000E+05 -0.8550219E+04
 -0.9582000E+05 -0.8539989E+04
 -0.9581000E+05 -0.8529758E+04
 -0.9580000E+05 -0.8519533E+04
 -0.9579000E+05 -0.8509309E+04
 -0.9578000E+05 -0.8499088E+04
 -0.9577000E+05 -0.8488870E+04
 -0.9576000E+05 -0.8478655E+04
 -0.9575000E+05 -0.8468443E+04
 -0.9574000E+05 -0.8458233E+04
 -0.9573000E+05 -0.8448028E+04
 -0.9572000E+05 -0.8437823E+04
 -0.9571000E+05 -0.8427621E+04
 -0.9570000E+05 -0.8417424E+04
 -0.9569000E+05 -0.8407227E+04
 -0.9568000E+05 -0.8397036E+04
 -0.9567000E+05 -0.8386846E+04
 -0.9566000E+05 -0.8376658E+04
 -0.9565000E+05 -0.8366474E+04
 -0.9564000E+05 -0.8356293E+04
 -0.9563000E+05 -0.8346112E+04
 -0.9562000E+05 -0.8335937E+04
 -0.9561000E+05 -0.8325764E+04
 -0.9560000E+05 -0.8315594E+04
 -0.9559000E+05 -0.8305426E+04
 -0.9558000E+05 -0.8295260E+04
 -0.9557000E+05 -0.8285100E+04
 -0.9556000E+05 -0.8274941E+04
 -0.9555000E+05 -0.8264783E+04
 -0.9554000E+05 -0.8254630E+04
 -0.9553000E+05 -0.8244479E+04
 -0.9552000E+05 -0.8234329E+04
 -0.9551000E+05 -0.8224184E+04
 -0.9550000E+05 -0.8214041E+04
 -0.9549000E+05 -0.8203901E+04
 -0.9548000E+05 -0.8193765E+04
 -0.9547000E+05 -0.8183630E+04
 -0.9546000E+05 -0.8173498E+04
 -0.9545000E+05 -0.8163370E+04
 -0.9544000E+05 -0.8153243E+04
 -0.9543000E+05 -0.8143120E+04
 -0.9542000E+05 -0.8132999E+04
 -0.9541000E+05 -0.8122882E+04
 -0.9540000E+05 -0.8112767E+04
 -0.9539000E+05 -0.8102656E+04
 -0.9538000E+05 -0.8092545E+04
 -0.9537000E+05 -0.8082437E+04
 -0.9536000E+05 -0.8072333E+04
 -0.9535000E+05 -0.8062233E+04
 -0.9534000E+05 -0.8052134E+04
 -0.9533000E+05 -0.8042039E+04
 -0.9532000E+05 -0.8031947E+04
 -0.9531000E+05 -0.8021857E+04
 -0.9530000E+05 -0.8011769E+04
 -0.9529000E+05 -0.8001685E+04
 -0.9528000E+05 -0.7991601E+04
 -0.9527000E+05 -0.7981523E+04
 -0.9526000E+05 -0.7971445E+04
 -0.9525000E+05 -0.7961372E+04
 -0.9524000E+05 -0.7951303E+04
 -0.9523000E+05 -0.7941234E+04
 -0.9522000E+05 -0.7931169E+04
 -0.9521000E+05 -0.7921105E+04
 -0.9520000E+05 -0.7911046E+04
 -0.9519000E+05 -0.7900987E+04
 -0.9518000E+05 -0.7890934E+04
 -0.9517000E+05 -0.7880882E+04
 -0.9516000E+05 -0.7870833E+04
 -0.9515000E+05 -0.7860786E+04
 -0.9514000E+05 -0.7850743E+04
 -0.9513000E+05 -0.7840703E+04
 -0.9512000E+05 -0.7830665E+04
 -0.9511000E+05 -0.7820631E+04
 -0.9510000E+05 -0.7810598E+04
 -0.9509000E+05 -0.7800567E+04
 -0.9508000E+05 -0.7790541E+04
 -0.9507000E+05 -0.7780516E+04
 -0.9506000E+05 -0.7770496E+04
 -0.9505000E+05 -0.7760476E+04
 -0.9504000E+05 -0.7750460E+04
 -0.9503000E+05 -0.7740448E+04
 -0.9502000E+05 -0.7730436E+04
 -0.9501000E+05 -0.7720428E+04
 -0.9500000E+05 -0.7710425E+04
 -0.9499000E+05 -0.7700421E+04
 -0.9498000E+05 -0.7690421E+04
 -0.9497000E+05 -0.7680423E+04
 -0.9496000E+05 -0.7670431E+04
 -0.9495000E+05 -0.7660440E+04
 -0.9494000E+05 -0.7650450E+04
 -0.9493000E+05 -0.7640465E+04
 -0.9492000E+05 -0.7630481E+04
 -0.9491000E+05 -0.7620500E+04
 -0.9490000E+05 -0.7610524E+04
 -0.9489000E+05 -0.7600548E+04
 -0.9488000E+05 -0.7590575E+04
 -0.9487000E+05 -0.7580605E+04
 -0.9486000E+05 -0.7570640E+04
 -0.9485000E+05 -0.7560675E+04
 -0.9484000E+05 -0.7550713E+04
 -0.9483000E+05 -0.7540754E+04
 -0.9482000E+05 -0.7530798E+04
 -0.9481000E+05 -0.7520845E+04
 -0.9480000E+05 -0.7510895E+04
 -0.9479000E+05 -0.7500947E+04
 -0.9478000E+05 -0.7491002E+04
 -0.9477000E+05 -0.7481061E+04
 -0.9476000E+05 -0.7471120E+04
 -0.9475000E+05 -0.7461184E+04
 -0.9474000E+05 -0.7451248E+04
 -0.9473000E+05 -0.7441317E+04
 -0.9472000E+05 -0.7431387E+04
 -0.9471000E+05 -0.7421462E+04
 -0.9470000E+05 -0.7411538E+04
 -0.9469000E+05 -0.7401619E+04
 -0.9468000E+05 -0.7391700E+04
 -0.9467000E+05 -0.7381784E+04
 -0.9466000E+05 -0.7371872E+04
 -0.9465000E+05 -0.7361961E+04
 -0.9464000E+05 -0.7352055E+04
 -0.9463000E+05 -0.7342149E+04
 -0.9462000E+05 -0.7332248E+04
 -0.9461000E+05 -0.7322351E+04
 -0.9460000E+05 -0.7312453E+04
 -0.9459000E+05 -0.7302559E+04
 -0.9458000E+05 -0.7292667E+04
 -0.9457000E+05 -0.7282780E+04
 -0.9456000E+05 -0.7272894E+04
 -0.9455000E+05 -0.7263012E+04
 -0.9454000E+05 -0.7253131E+04
 -0.9453000E+05 -0.7243253E+04
 -0.9452000E+05 -0.7233380E+04
 -0.9451000E+05 -0.7223507E+04
 -0.9450000E+05 -0.7213638E+04
 -0.9449000E+05 -0.7203770E+04
 -0.9448000E+05 -0.7193907E+04
 -0.9447000E+05 -0.7184045E+04
 -0.9446000E+05 -0.7174187E+04
 -0.9445000E+05 -0.7164330E+04
 -0.9444000E+05 -0.7154478E+04
 -0.9443000E+05 -0.7144627E+04
 -0.9442000E+05 -0.7134780E+04
 -0.9441000E+05 -0.7124934E+04
 -0.9440000E+05 -0.7115092E+04
 -0.9439000E+05 -0.7105251E+04
 -0.9438000E+05 -0.7095416E+04
 -0.9437000E+05 -0.7085580E+04
 -0.9436000E+05 -0.7075748E+04
 -0.9435000E+05 -0.7065919E+04
 -0.9434000E+05 -0.7056094E+04
 -0.9433000E+05 -0.7046269E+04
 -0.9432000E+05 -0.7036449E+04
 -0.9431000E+05 -0.7026630E+04
 -0.9430000E+05 -0.7016813E+04
 -0.9429000E+05 -0.7007001E+04
 -0.9428000E+05 -0.6997191E+04
 -0.9427000E+05 -0.6987384E+04
 -0.9426000E+05 -0.6977579E+04
 -0.9425000E+05 -0.6967775E+04
 -0.9424000E+05 -0.6957977E+04
 -0.9423000E+05 -0.6948180E+04
 -0.9422000E+05 -0.6938385E+04
 -0.9421000E+05 -0.6928592E+04
 -0.9420000E+05 -0.6918804E+04
 -0.9419000E+05 -0.6909018E+04
 -0.9418000E+05 -0.6899236E+04
 -0.9417000E+05 -0.6889456E+04
 -0.9416000E+05 -0.6879676E+04
 -0.9415000E+05 -0.6869900E+04
 -0.9414000E+05 -0.6860128E+04
 -0.9413000E+05 -0.6850359E+04
 -0.9412000E+05 -0.6840590E+04
 -0.9411000E+05 -0.6830825E+04
 -0.9410000E+05 -0.6821064E+04
 -0.9409000E+05 -0.6811304E+04
 -0.9408000E+05 -0.6801546E+04
 -0.9407000E+05 -0.6791792E+04
 -0.9406000E+05 -0.6782040E+04
 -0.9405000E+05 -0.6772292E+04
 -0.9404000E+05 -0.6762544E+04
 -0.9403000E+05 -0.6752801E+04
 -0.9402000E+05 -0.6743061E+04
 -0.9401000E+05 -0.6733323E+04
 -0.9400000E+05 -0.6723585E+04
 -0.9399000E+05 -0.6713853E+04
 -0.9398000E+05 -0.6704124E+04
 -0.9397000E+05 -0.6694395E+04
 -0.9396000E+05 -0.6684671E+04
 -0.9395000E+05 -0.6674948E+04
 -0.9394000E+05 -0.6665229E+04
 -0.9393000E+05 -0.6655511E+04
 -0.9392000E+05 -0.6645797E+04
 -0.9391000E+05 -0.6636085E+04
 -0.9390000E+05 -0.6626377E+04
 -0.9389000E+05 -0.6616671E+04
 -0.9388000E+05 -0.6606966E+04
 -0.9387000E+05 -0.6597265E+04
 -0.9386000E+05 -0.6587565E+04
 -0.9385000E+05 -0.6577870E+04
 -0.9384000E+05 -0.6568177E+04
 -0.9383000E+05 -0.6558488E+04
 -0.9382000E+05 -0.6548801E+04
 -0.9381000E+05 -0.6539113E+04
 -0.9380000E+05 -0.6529430E+04
 -0.9379000E+05 -0.6519751E+04
 -0.9378000E+05 -0.6510074E+04
 -0.9377000E+05 -0.6500399E+04
 -0.9376000E+05 -0.6490726E+04
 -0.9375000E+05 -0.6481057E+04
 -0.9374000E+05 -0.6471389E+04
 -0.9373000E+05 -0.6461725E+04
 -0.9372000E+05 -0.6452066E+04
 -0.9371000E+05 -0.6442405E+04
 -0.9370000E+05 -0.6432750E+04
 -0.9369000E+05 -0.6423096E+04
 -0.9368000E+05 -0.6413445E+04
 -0.9367000E+05 -0.6403796E+04
 -0.9366000E+05 -0.6394150E+04
 -0.9365000E+05 -0.6384508E+04
 -0.9364000E+05 -0.6374868E+04
 -0.9363000E+05 -0.6365230E+04
 -0.9362000E+05 -0.6355595E+04
 -0.9361000E+05 -0.6345960E+04
 -0.9360000E+05 -0.6336332E+04
 -0.9359000E+05 -0.6326704E+04
 -0.9358000E+05 -0.6317079E+04
 -0.9357000E+05 -0.6307457E+04
 -0.9356000E+05 -0.6297837E+04
 -0.9355000E+05 -0.6288221E+04
 -0.9354000E+05 -0.6278606E+04
 -0.9353000E+05 -0.6268996E+04
 -0.9352000E+05 -0.6259386E+04
 -0.9351000E+05 -0.6249781E+04
 -0.9350000E+05 -0.6240176E+04
 -0.9349000E+05 -0.6230575E+04
 -0.9348000E+05 -0.6220978E+04
 -0.9347000E+05 -0.6211381E+04
 -0.9346000E+05 -0.6201787E+04
 -0.9345000E+05 -0.6192198E+04
 -0.9344000E+05 -0.6182608E+04
 -0.9343000E+05 -0.6173022E+04
 -0.9342000E+05 -0.6163439E+04
 -0.9341000E+05 -0.6153859E+04
 -0.9340000E+05 -0.6144283E+04
 -0.9339000E+05 -0.6134707E+04
 -0.9338000E+05 -0.6125135E+04
 -0.9337000E+05 -0.6115565E+04
 -0.9336000E+05 -0.6105998E+04
 -0.9335000E+05 -0.6096433E+04
 -0.9334000E+05 -0.6086871E+04
 -0.9333000E+05 -0.6077312E+04
 -0.9332000E+05 -0.6067756E+04
 -0.9331000E+05 -0.6058200E+04
 -0.9330000E+05 -0.6048650E+04
 -0.9329000E+05 -0.6039101E+04
 -0.9328000E+05 -0.6029556E+04
 -0.9327000E+05 -0.6020010E+04
 -0.9326000E+05 -0.6010470E+04
 -0.9325000E+05 -0.6000931E+04
 -0.9324000E+05 -0.5991396E+04
 -0.9323000E+05 -0.5981863E+04
 -0.9322000E+05 -0.5972332E+04
 -0.9321000E+05 -0.5962803E+04
 -0.9320000E+05 -0.5953276E+04
 -0.9319000E+05 -0.5943754E+04
 -0.9318000E+05 -0.5934234E+04
 -0.9317000E+05 -0.5924717E+04
 -0.9316000E+05 -0.5915201E+04
 -0.9315000E+05 -0.5905689E+04
 -0.9314000E+05 -0.5896178E+04
 -0.9313000E+05 -0.5886673E+04
 -0.9312000E+05 -0.5877166E+04
 -0.9311000E+05 -0.5867664E+04
 -0.9310000E+05 -0.5858166E+04
 -0.9309000E+05 -0.5848670E+04
 -0.9308000E+05 -0.5839174E+04
 -0.9307000E+05 -0.5829683E+04
 -0.9306000E+05 -0.5820193E+04
 -0.9305000E+05 -0.5810705E+04
 -0.9304000E+05 -0.5801223E+04
 -0.9303000E+05 -0.5791740E+04
 -0.9302000E+05 -0.5782261E+04
 -0.9301000E+05 -0.5772785E+04
 -0.9300000E+05 -0.5763311E+04
 -0.9299000E+05 -0.5753840E+04
 -0.9298000E+05 -0.5744373E+04
 -0.9297000E+05 -0.5734906E+04
 -0.9296000E+05 -0.5725444E+04
 -0.9295000E+05 -0.5715981E+04
 -0.9294000E+05 -0.5706525E+04
 -0.9293000E+05 -0.5697068E+04
 -0.9292000E+05 -0.5687616E+04
 -0.9291000E+05 -0.5678164E+04
 -0.9290000E+05 -0.5668716E+04
 -0.9289000E+05 -0.5659271E+04
 -0.9288000E+05 -0.5649828E+04
 -0.9287000E+05 -0.5640388E+04
 -0.9286000E+05 -0.5630950E+04
 -0.9285000E+05 -0.5621515E+04
 -0.9284000E+05 -0.5612082E+04
 -0.9283000E+05 -0.5602653E+04
 -0.9282000E+05 -0.5593224E+04
 -0.9281000E+05 -0.5583802E+04
 -0.9280000E+05 -0.5574379E+04
 -0.9279000E+05 -0.5564959E+04
 -0.9278000E+05 -0.5555542E+04
 -0.9277000E+05 -0.5546126E+04
 -0.9276000E+05 -0.5536715E+04
 -0.9275000E+05 -0.5527305E+04
 -0.9274000E+05 -0.5517899E+04
 -0.9273000E+05 -0.5508494E+04
 -0.9272000E+05 -0.5499093E+04
 -0.9271000E+05 -0.5489694E+04
 -0.9270000E+05 -0.5480296E+04
 -0.9269000E+05 -0.5470903E+04
 -0.9268000E+05 -0.5461511E+04
 -0.9267000E+05 -0.5452123E+04
 -0.9266000E+05 -0.5442735E+04
 -0.9265000E+05 -0.5433352E+04
 -0.9264000E+05 -0.5423971E+04
 -0.9263000E+05 -0.5414593E+04
 -0.9262000E+05 -0.5405217E+04
 -0.9261000E+05 -0.5395842E+04
 -0.9260000E+05 -0.5386472E+04
 -0.9259000E+05 -0.5377103E+04
 -0.9258000E+05 -0.5367738E+04
 -0.9257000E+05 -0.5358375E+04
 -0.9256000E+05 -0.5349013E+04
 -0.9255000E+05 -0.5339654E+04
 -0.9254000E+05 -0.5330299E+04
 -0.9253000E+05 -0.5320946E+04
 -0.9252000E+05 -0.5311595E+04
 -0.9251000E+05 -0.5302246E+04
 -0.9250000E+05 -0.5292901E+04
 -0.9249000E+05 -0.5283559E+04
 -0.9248000E+05 -0.5274218E+04
 -0.9247000E+05 -0.5264880E+04
 -0.9246000E+05 -0.5255544E+04
 -0.9245000E+05 -0.5246211E+04
 -0.9244000E+05 -0.5236881E+04
 -0.9243000E+05 -0.5227553E+04
 -0.9242000E+05 -0.5218228E+04
 -0.9241000E+05 -0.5208905E+04
 -0.9240000E+05 -0.5199585E+04
 -0.9239000E+05 -0.5190267E+04
 -0.9238000E+05 -0.5180954E+04
 -0.9237000E+05 -0.5171641E+04
 -0.9236000E+05 -0.5162332E+04
 -0.9235000E+05 -0.5153024E+04
 -0.9234000E+05 -0.5143719E+04
 -0.9233000E+05 -0.5134416E+04
 -0.9232000E+05 -0.5125116E+04
 -0.9231000E+05 -0.5115818E+04
 -0.9230000E+05 -0.5106523E+04
 -0.9229000E+05 -0.5097231E+04
 -0.9228000E+05 -0.5087941E+04
 -0.9227000E+05 -0.5078654E+04
 -0.9226000E+05 -0.5069370E+04
 -0.9225000E+05 -0.5060087E+04
 -0.9224000E+05 -0.5050808E+04
 -0.9223000E+05 -0.5041531E+04
 -0.9222000E+05 -0.5032256E+04
 -0.9221000E+05 -0.5022985E+04
 -0.9220000E+05 -0.5013715E+04
 -0.9219000E+05 -0.5004448E+04
 -0.9218000E+05 -0.4995183E+04
 -0.9217000E+05 -0.4985921E+04
 -0.9216000E+05 -0.4976661E+04
 -0.9215000E+05 -0.4967405E+04
 -0.9214000E+05 -0.4958151E+04
 -0.9213000E+05 -0.4948898E+04
 -0.9212000E+05 -0.4939649E+04
 -0.9211000E+05 -0.4930403E+04
 -0.9210000E+05 -0.4921158E+04
 -0.9209000E+05 -0.4911916E+04
 -0.9208000E+05 -0.4902676E+04
 -0.9207000E+05 -0.4893439E+04
 -0.9206000E+05 -0.4884206E+04
 -0.9205000E+05 -0.4874974E+04
 -0.9204000E+05 -0.4865745E+04
 -0.9203000E+05 -0.4856518E+04
 -0.9202000E+05 -0.4847294E+04
 -0.9201000E+05 -0.4838073E+04
 -0.9200000E+05 -0.4828853E+04
 -0.9199000E+05 -0.4819636E+04
 -0.9198000E+05 -0.4810423E+04
 -0.9197000E+05 -0.4801209E+04
 -0.9196000E+05 -0.4792001E+04
 -0.9195000E+05 -0.4782794E+04
 -0.9194000E+05 -0.4773589E+04
 -0.9193000E+05 -0.4764388E+04
 -0.9192000E+05 -0.4755189E+04
 -0.9191000E+05 -0.4745992E+04
 -0.9190000E+05 -0.4736800E+04
 -0.9189000E+05 -0.4727606E+04
 -0.9188000E+05 -0.4718418E+04
 -0.9187000E+05 -0.4709232E+04
 -0.9186000E+05 -0.4700046E+04
 -0.9185000E+05 -0.4690864E+04
 -0.9184000E+05 -0.4681686E+04
 -0.9183000E+05 -0.4672509E+04
 -0.9182000E+05 -0.4663335E+04
 -0.9181000E+05 -0.4654164E+04
 -0.9180000E+05 -0.4644994E+04
 -0.9179000E+05 -0.4635829E+04
 -0.9178000E+05 -0.4626664E+04
 -0.9177000E+05 -0.4617503E+04
 -0.9176000E+05 -0.4608343E+04
 -0.9175000E+05 -0.4599186E+04
 -0.9174000E+05 -0.4590031E+04
 -0.9173000E+05 -0.4580880E+04
 -0.9172000E+05 -0.4571731E+04
 -0.9171000E+05 -0.4562584E+04
 -0.9170000E+05 -0.4553439E+04
 -0.9169000E+05 -0.4544298E+04
 -0.9168000E+05 -0.4535160E+04
 -0.9167000E+05 -0.4526021E+04
 -0.9166000E+05 -0.4516888E+04
 -0.9165000E+05 -0.4507755E+04
 -0.9164000E+05 -0.4498626E+04
 -0.9163000E+05 -0.4489501E+04
 -0.9162000E+05 -0.4480375E+04
 -0.9161000E+05 -0.4471254E+04
 -0.9160000E+05 -0.4462133E+04
 -0.9159000E+05 -0.4453017E+04
 -0.9158000E+05 -0.4443903E+04
 -0.9157000E+05 -0.4434791E+04
 -0.9156000E+05 -0.4425680E+04
 -0.9155000E+05 -0.4416573E+04
 -0.9154000E+05 -0.4407469E+04
 -0.9153000E+05 -0.4398367E+04
 -0.9152000E+05 -0.4389267E+04
 -0.9151000E+05 -0.4380172E+04
 -0.9150000E+05 -0.4371076E+04
 -0.9149000E+05 -0.4361984E+04
 -0.9148000E+05 -0.4352894E+04
 -0.9147000E+05 -0.4343807E+04
 -0.9146000E+05 -0.4334722E+04
 -0.9145000E+05 -0.4325641E+04
 -0.9144000E+05 -0.4316560E+04
 -0.9143000E+05 -0.4307482E+04
 -0.9142000E+05 -0.4298408E+04
 -0.9141000E+05 -0.4289335E+04
 -0.9140000E+05 -0.4280267E+04
 -0.9139000E+05 -0.4271198E+04
 -0.9138000E+05 -0.4262131E+04
 -0.9137000E+05 -0.4253070E+04
 -0.9136000E+05 -0.4244010E+04
 -0.9135000E+05 -0.4234953E+04
 -0.9134000E+05 -0.4225898E+04
 -0.9133000E+05 -0.4216844E+04
 -0.9132000E+05 -0.4207795E+04
 -0.9131000E+05 -0.4198746E+04
 -0.9130000E+05 -0.4189700E+04
 -0.9129000E+05 -0.4180659E+04
 -0.9128000E+05 -0.4171618E+04
 -0.9127000E+05 -0.4162580E+04
 -0.9126000E+05 -0.4153544E+04
 -0.9125000E+05 -0.4144512E+04
 -0.9124000E+05 -0.4135481E+04
 -0.9123000E+05 -0.4126451E+04
 -0.9122000E+05 -0.4117427E+04
 -0.9121000E+05 -0.4108403E+04
 -0.9120000E+05 -0.4099382E+04
 -0.9119000E+05 -0.4090365E+04
 -0.9118000E+05 -0.4081349E+04
 -0.9117000E+05 -0.4072336E+04
 -0.9116000E+05 -0.4063325E+04
 -0.9115000E+05 -0.4054316E+04
 -0.9114000E+05 -0.4045310E+04
 -0.9113000E+05 -0.4036306E+04
 -0.9112000E+05 -0.4027306E+04
 -0.9111000E+05 -0.4018307E+04
 -0.9110000E+05 -0.4009310E+04
 -0.9109000E+05 -0.4000316E+04
 -0.9108000E+05 -0.3991324E+04
 -0.9107000E+05 -0.3982336E+04
 -0.9106000E+05 -0.3973349E+04
 -0.9105000E+05 -0.3964366E+04
 -0.9104000E+05 -0.3955383E+04
 -0.9103000E+05 -0.3946404E+04
 -0.9102000E+05 -0.3937427E+04
 -0.9101000E+05 -0.3928453E+04
 -0.9100000E+05 -0.3919482E+04
 -0.9099000E+05 -0.3910511E+04
 -0.9098000E+05 -0.3901545E+04
 -0.9097000E+05 -0.3892581E+04
 -0.9096000E+05 -0.3883619E+04
 -0.9095000E+05 -0.3874659E+04
 -0.9094000E+05 -0.3865701E+04
 -0.9093000E+05 -0.3856747E+04
 -0.9092000E+05 -0.3847795E+04
 -0.9091000E+05 -0.3838845E+04
 -0.9090000E+05 -0.3829896E+04
 -0.9089000E+05 -0.3820952E+04
 -0.9088000E+05 -0.3812009E+04
 -0.9087000E+05 -0.3803069E+04
 -0.9086000E+05 -0.3794131E+04
 -0.9085000E+05 -0.3785197E+04
 -0.9084000E+05 -0.3776262E+04
 -0.9083000E+05 -0.3767332E+04
 -0.9082000E+05 -0.3758405E+04
 -0.9081000E+05 -0.3749479E+04
 -0.9080000E+05 -0.3740555E+04
 -0.9079000E+05 -0.3731634E+04
 -0.9078000E+05 -0.3722715E+04
 -0.9077000E+05 -0.3713800E+04
 -0.9076000E+05 -0.3704886E+04
 -0.9075000E+05 -0.3695975E+04
 -0.9074000E+05 -0.3687065E+04
 -0.9073000E+05 -0.3678160E+04
 -0.9072000E+05 -0.3669256E+04
 -0.9071000E+05 -0.3660355E+04
 -0.9070000E+05 -0.3651454E+04
 -0.9069000E+05 -0.3642559E+04
 -0.9068000E+05 -0.3633664E+04
 -0.9067000E+05 -0.3624773E+04
 -0.9066000E+05 -0.3615884E+04
 -0.9065000E+05 -0.3606996E+04
 -0.9064000E+05 -0.3598112E+04
 -0.9063000E+05 -0.3589231E+04
 -0.9062000E+05 -0.3580349E+04
 -0.9061000E+05 -0.3571471E+04
 -0.9060000E+05 -0.3562598E+04
 -0.9059000E+05 -0.3553724E+04
 -0.9058000E+05 -0.3544855E+04
 -0.9057000E+05 -0.3535987E+04
 -0.9056000E+05 -0.3527122E+04
 -0.9055000E+05 -0.3518260E+04
 -0.9054000E+05 -0.3509398E+04
 -0.9053000E+05 -0.3500540E+04
 -0.9052000E+05 -0.3491685E+04
 -0.9051000E+05 -0.3482832E+04
 -0.9050000E+05 -0.3473982E+04
 -0.9049000E+05 -0.3465132E+04
 -0.9048000E+05 -0.3456286E+04
 -0.9047000E+05 -0.3447443E+04
 -0.9046000E+05 -0.3438602E+04
 -0.9045000E+05 -0.3429762E+04
 -0.9044000E+05 -0.3420925E+04
 -0.9043000E+05 -0.3412092E+04
 -0.9042000E+05 -0.3403260E+04
 -0.9041000E+05 -0.3394431E+04
 -0.9040000E+05 -0.3385604E+04
 -0.9039000E+05 -0.3376779E+04
 -0.9038000E+05 -0.3367957E+04
 -0.9037000E+05 -0.3359137E+04
 -0.9036000E+05 -0.3350321E+04
 -0.9035000E+05 -0.3341505E+04
 -0.9034000E+05 -0.3332693E+04
 -0.9033000E+05 -0.3323883E+04
 -0.9032000E+05 -0.3315076E+04
 -0.9031000E+05 -0.3306270E+04
 -0.9030000E+05 -0.3297467E+04
 -0.9029000E+05 -0.3288667E+04
 -0.9028000E+05 -0.3279869E+04
 -0.9027000E+05 -0.3271073E+04
 -0.9026000E+05 -0.3262279E+04
 -0.9025000E+05 -0.3253489E+04
 -0.9024000E+05 -0.3244701E+04
 -0.9023000E+05 -0.3235914E+04
 -0.9022000E+05 -0.3227129E+04
 -0.9021000E+05 -0.3218349E+04
 -0.9020000E+05 -0.3209569E+04
 -0.9019000E+05 -0.3200793E+04
 -0.9018000E+05 -0.3192018E+04
 -0.9017000E+05 -0.3183246E+04
 -0.9016000E+05 -0.3174477E+04
 -0.9015000E+05 -0.3165710E+04
 -0.9014000E+05 -0.3156945E+04
 -0.9013000E+05 -0.3148183E+04
 -0.9012000E+05 -0.3139422E+04
 -0.9011000E+05 -0.3130665E+04
 -0.9010000E+05 -0.3121909E+04
 -0.9009000E+05 -0.3113157E+04
 -0.9008000E+05 -0.3104406E+04
 -0.9007000E+05 -0.3095659E+04
 -0.9006000E+05 -0.3086912E+04
 -0.9005000E+05 -0.3078169E+04
 -0.9004000E+05 -0.3069428E+04
 -0.9003000E+05 -0.3060688E+04
 -0.9002000E+05 -0.3051953E+04
 -0.9001000E+05 -0.3043219E+04
 -0.9000000E+05 -0.3034488E+04
 -0.8999000E+05 -0.3025758E+04
 -0.8998000E+05 -0.3017032E+04
 -0.8997000E+05 -0.3008306E+04
 -0.8996000E+05 -0.2999585E+04
 -0.8995000E+05 -0.2990865E+04
 -0.8994000E+05 -0.2982147E+04
 -0.8993000E+05 -0.2973433E+04
 -0.8992000E+05 -0.2964719E+04
 -0.8991000E+05 -0.2956009E+04
 -0.8990000E+05 -0.2947300E+04
 -0.8989000E+05 -0.2938595E+04
 -0.8988000E+05 -0.2929892E+04
 -0.8987000E+05 -0.2921192E+04
 -0.8986000E+05 -0.2912492E+04
 -0.8985000E+05 -0.2903798E+04
 -0.8984000E+05 -0.2895104E+04
 -0.8983000E+05 -0.2886411E+04
 -0.8982000E+05 -0.2877723E+04
 -0.8981000E+05 -0.2869035E+04
 -0.8980000E+05 -0.2860352E+04
 -0.8979000E+05 -0.2851669E+04
 -0.8978000E+05 -0.2842991E+04
 -0.8977000E+05 -0.2834313E+04
 -0.8976000E+05 -0.2825638E+04
 -0.8975000E+05 -0.2816966E+04
 -0.8974000E+05 -0.2808294E+04
 -0.8973000E+05 -0.2799627E+04
 -0.8972000E+05 -0.2790963E+04
 -0.8971000E+05 -0.2782299E+04
 -0.8970000E+05 -0.2773638E+04
 -0.8969000E+05 -0.2764980E+04
 -0.8968000E+05 -0.2756323E+04
 -0.8967000E+05 -0.2747669E+04
 -0.8966000E+05 -0.2739018E+04
 -0.8965000E+05 -0.2730369E+04
 -0.8964000E+05 -0.2721722E+04
 -0.8963000E+05 -0.2713079E+04
 -0.8962000E+05 -0.2704436E+04
 -0.8961000E+05 -0.2695797E+04
 -0.8960000E+05 -0.2687159E+04
 -0.8959000E+05 -0.2678523E+04
 -0.8958000E+05 -0.2669891E+04
 -0.8957000E+05 -0.2661261E+04
 -0.8956000E+05 -0.2652633E+04
 -0.8955000E+05 -0.2644006E+04
 -0.8954000E+05 -0.2635384E+04
 -0.8953000E+05 -0.2626762E+04
 -0.8952000E+05 -0.2618144E+04
 -0.8951000E+05 -0.2609528E+04
 -0.8950000E+05 -0.2600913E+04
 -0.8949000E+05 -0.2592303E+04
 -0.8948000E+05 -0.2583692E+04
 -0.8947000E+05 -0.2575086E+04
 -0.8946000E+05 -0.2566481E+04
 -0.8945000E+05 -0.2557878E+04
 -0.8944000E+05 -0.2549279E+04
 -0.8943000E+05 -0.2540681E+04
 -0.8942000E+05 -0.2532085E+04
 -0.8941000E+05 -0.2523492E+04
 -0.8940000E+05 -0.2514902E+04
 -0.8939000E+05 -0.2506314E+04
 -0.8938000E+05 -0.2497727E+04
 -0.8937000E+05 -0.2489144E+04
 -0.8936000E+05 -0.2480563E+04
 -0.8935000E+05 -0.2471983E+04
 -0.8934000E+05 -0.2463406E+04
 -0.8933000E+05 -0.2454832E+04
 -0.8932000E+05 -0.2446260E+04
 -0.8931000E+05 -0.2437690E+04
 -0.8930000E+05 -0.2429123E+04
 -0.8929000E+05 -0.2420557E+04
 -0.8928000E+05 -0.2411995E+04
 -0.8927000E+05 -0.2403434E+04
 -0.8926000E+05 -0.2394875E+04
 -0.8925000E+05 -0.2386320E+04
 -0.8924000E+05 -0.2377767E+04
 -0.8923000E+05 -0.2369216E+04
 -0.8922000E+05 -0.2360667E+04
 -0.8921000E+05 -0.2352120E+04
 -0.8920000E+05 -0.2343576E+04
 -0.8919000E+05 -0.2335034E+04
 -0.8918000E+05 -0.2326494E+04
 -0.8917000E+05 -0.2317956E+04
 -0.8916000E+05 -0.2309422E+04
 -0.8915000E+05 -0.2300889E+04
 -0.8914000E+05 -0.2292359E+04
 -0.8913000E+05 -0.2283831E+04
 -0.8912000E+05 -0.2275306E+04
 -0.8911000E+05 -0.2266782E+04
 -0.8910000E+05 -0.2258259E+04
 -0.8909000E+05 -0.2249741E+04
 -0.8908000E+05 -0.2241224E+04
 -0.8907000E+05 -0.2232710E+04
 -0.8906000E+05 -0.2224199E+04
 -0.8905000E+05 -0.2215688E+04
 -0.8904000E+05 -0.2207181E+04
 -0.8903000E+05 -0.2198676E+04
 -0.8902000E+05 -0.2190174E+04
 -0.8901000E+05 -0.2181674E+04
 -0.8900000E+05 -0.2173175E+04
 -0.8899000E+05 -0.2164679E+04
 -0.8898000E+05 -0.2156186E+04
 -0.8897000E+05 -0.2147695E+04
 -0.8896000E+05 -0.2139206E+04
 -0.8895000E+05 -0.2130718E+04
 -0.8894000E+05 -0.2122235E+04
 -0.8893000E+05 -0.2113753E+04
 -0.8892000E+05 -0.2105273E+04
 -0.8891000E+05 -0.2096796E+04
 -0.8890000E+05 -0.2088319E+04
 -0.8889000E+05 -0.2079847E+04
 -0.8888000E+05 -0.2071376E+04
 -0.8887000E+05 -0.2062908E+04
 -0.8886000E+05 -0.2054443E+04
 -0.8885000E+05 -0.2045980E+04
 -0.8884000E+05 -0.2037518E+04
 -0.8883000E+05 -0.2029058E+04
 -0.8882000E+05 -0.2020601E+04
 -0.8881000E+05 -0.2012146E+04
 -0.8880000E+05 -0.2003695E+04
 -0.8879000E+05 -0.1995244E+04
 -0.8878000E+05 -0.1986797E+04
 -0.8877000E+05 -0.1978351E+04
 -0.8876000E+05 -0.1969908E+04
 -0.8875000E+05 -0.1961467E+04
 -0.8874000E+05 -0.1953029E+04
 -0.8873000E+05 -0.1944593E+04
 -0.8872000E+05 -0.1936158E+04
 -0.8871000E+05 -0.1927727E+04
 -0.8870000E+05 -0.1919297E+04
 -0.8869000E+05 -0.1910871E+04
 -0.8868000E+05 -0.1902444E+04
 -0.8867000E+05 -0.1894022E+04
 -0.8866000E+05 -0.1885602E+04
 -0.8865000E+05 -0.1877185E+04
 -0.8864000E+05 -0.1868768E+04
 -0.8863000E+05 -0.1860354E+04
 -0.8862000E+05 -0.1851944E+04
 -0.8861000E+05 -0.1843535E+04
 -0.8860000E+05 -0.1835128E+04
 -0.8859000E+05 -0.1826724E+04
 -0.8858000E+05 -0.1818322E+04
 -0.8857000E+05 -0.1809922E+04
 -0.8856000E+05 -0.1801524E+04
 -0.8855000E+05 -0.1793128E+04
 -0.8854000E+05 -0.1784736E+04
 -0.8853000E+05 -0.1776344E+04
 -0.8852000E+05 -0.1767957E+04
 -0.8851000E+05 -0.1759570E+04
 -0.8850000E+05 -0.1751186E+04
 -0.8849000E+05 -0.1742805E+04
 -0.8848000E+05 -0.1734425E+04
 -0.8847000E+05 -0.1726048E+04
 -0.8846000E+05 -0.1717673E+04
 -0.8845000E+05 -0.1709300E+04
 -0.8844000E+05 -0.1700929E+04
 -0.8843000E+05 -0.1692561E+04
 -0.8842000E+05 -0.1684194E+04
 -0.8841000E+05 -0.1675833E+04
 -0.8840000E+05 -0.1667469E+04
 -0.8839000E+05 -0.1659111E+04
 -0.8838000E+05 -0.1650755E+04
 -0.8837000E+05 -0.1642400E+04
 -0.8836000E+05 -0.1634048E+04
 -0.8835000E+05 -0.1625697E+04
 -0.8834000E+05 -0.1617348E+04
 -0.8833000E+05 -0.1609004E+04
 -0.8832000E+05 -0.1600660E+04
 -0.8831000E+05 -0.1592320E+04
 -0.8830000E+05 -0.1583980E+04
 -0.8829000E+05 -0.1575642E+04
 -0.8828000E+05 -0.1567310E+04
 -0.8827000E+05 -0.1558978E+04
 -0.8826000E+05 -0.1550647E+04
 -0.8825000E+05 -0.1542320E+04
 -0.8824000E+05 -0.1533994E+04
 -0.8823000E+05 -0.1525671E+04
 -0.8822000E+05 -0.1517351E+04
 -0.8821000E+05 -0.1509032E+04
 -0.8820000E+05 -0.1500717E+04
 -0.8819000E+05 -0.1492401E+04
 -0.8818000E+05 -0.1484089E+04
 -0.8817000E+05 -0.1475780E+04
 -0.8816000E+05 -0.1467473E+04
 -0.8815000E+05 -0.1459168E+04
 -0.8814000E+05 -0.1450864E+04
 -0.8813000E+05 -0.1442564E+04
 -0.8812000E+05 -0.1434265E+04
 -0.8811000E+05 -0.1425969E+04
 -0.8810000E+05 -0.1417675E+04
 -0.8809000E+05 -0.1409383E+04
 -0.8808000E+05 -0.1401094E+04
 -0.8807000E+05 -0.1392807E+04
 -0.8806000E+05 -0.1384523E+04
 -0.8805000E+05 -0.1376239E+04
 -0.8804000E+05 -0.1367959E+04
 -0.8803000E+05 -0.1359680E+04
 -0.8802000E+05 -0.1351403E+04
 -0.8801000E+05 -0.1343130E+04
 -0.8800000E+05 -0.1334859E+04
 -0.8799000E+05 -0.1326589E+04
 -0.8798000E+05 -0.1318322E+04
 -0.8797000E+05 -0.1310057E+04
 -0.8796000E+05 -0.1301795E+04
 -0.8795000E+05 -0.1293535E+04
 -0.8794000E+05 -0.1285276E+04
 -0.8793000E+05 -0.1277020E+04
 -0.8792000E+05 -0.1268765E+04
 -0.8791000E+05 -0.1260514E+04
 -0.8790000E+05 -0.1252265E+04
 -0.8789000E+05 -0.1244018E+04
 -0.8788000E+05 -0.1235773E+04
 -0.8787000E+05 -0.1227530E+04
 -0.8786000E+05 -0.1219289E+04
 -0.8785000E+05 -0.1211051E+04
 -0.8784000E+05 -0.1202816E+04
 -0.8783000E+05 -0.1194582E+04
 -0.8782000E+05 -0.1186350E+04
 -0.8781000E+05 -0.1178120E+04
 -0.8780000E+05 -0.1169893E+04
 -0.8779000E+05 -0.1161668E+04
 -0.8778000E+05 -0.1153446E+04
 -0.8777000E+05 -0.1145225E+04
 -0.8776000E+05 -0.1137007E+04
 -0.8775000E+05 -0.1128792E+04
 -0.8774000E+05 -0.1120577E+04
 -0.8773000E+05 -0.1112365E+04
 -0.8772000E+05 -0.1104155E+04
 -0.8771000E+05 -0.1095948E+04
 -0.8770000E+05 -0.1087743E+04
 -0.8769000E+05 -0.1079541E+04
 -0.8768000E+05 -0.1071340E+04
 -0.8767000E+05 -0.1063142E+04
 -0.8766000E+05 -0.1054945E+04
 -0.8765000E+05 -0.1046750E+04
 -0.8764000E+05 -0.1038560E+04
 -0.8763000E+05 -0.1030369E+04
 -0.8762000E+05 -0.1022181E+04
 -0.8761000E+05 -0.1013997E+04
 -0.8760000E+05 -0.1005814E+04
 -0.8759000E+05 -0.9976323E+03
 -0.8758000E+05 -0.9894538E+03
 -0.8757000E+05 -0.9812781E+03
 -0.8756000E+05 -0.9731041E+03
 -0.8755000E+05 -0.9649321E+03
 -0.8754000E+05 -0.9567621E+03
 -0.8753000E+05 -0.9485948E+03
 -0.8752000E+05 -0.9404287E+03
 -0.8751000E+05 -0.9322652E+03
 -0.8750000E+05 -0.9241046E+03
 -0.8749000E+05 -0.9159462E+03
 -0.8748000E+05 -0.9077882E+03
 -0.8747000E+05 -0.8996346E+03
 -0.8746000E+05 -0.8914832E+03
 -0.8745000E+05 -0.8833325E+03
 -0.8744000E+05 -0.8751839E+03
 -0.8743000E+05 -0.8670376E+03
 -0.8742000E+05 -0.8588943E+03
 -0.8741000E+05 -0.8507531E+03
 -0.8740000E+05 -0.8426142E+03
 -0.8739000E+05 -0.8344768E+03
 -0.8738000E+05 -0.8263426E+03
 -0.8737000E+05 -0.8182106E+03
 -0.8736000E+05 -0.8100797E+03
 -0.8735000E+05 -0.8019510E+03
 -0.8734000E+05 -0.7938249E+03
 -0.8733000E+05 -0.7857004E+03
 -0.8732000E+05 -0.7775793E+03
 -0.8731000E+05 -0.7694598E+03
 -0.8730000E+05 -0.7613424E+03
 -0.8729000E+05 -0.7532274E+03
 -0.8728000E+05 -0.7451135E+03
 -0.8727000E+05 -0.7370026E+03
 -0.8726000E+05 -0.7288945E+03
 -0.8725000E+05 -0.7207881E+03
 -0.8724000E+05 -0.7126843E+03
 -0.8723000E+05 -0.7045823E+03
 -0.8722000E+05 -0.6964809E+03
 -0.8721000E+05 -0.6883842E+03
 -0.8720000E+05 -0.6802886E+03
 -0.8719000E+05 -0.6721943E+03
 -0.8718000E+05 -0.6641024E+03
 -0.8717000E+05 -0.6560141E+03
 -0.8716000E+05 -0.6479275E+03
 -0.8715000E+05 -0.6398419E+03
 -0.8714000E+05 -0.6317597E+03
 -0.8713000E+05 -0.6236779E+03
 -0.8712000E+05 -0.6156015E+03
 -0.8711000E+05 -0.6075237E+03
 -0.8710000E+05 -0.5994505E+03
 -0.8709000E+05 -0.5913791E+03
 -0.8708000E+05 -0.5833094E+03
 -0.8707000E+05 -0.5752419E+03
 -0.8706000E+05 -0.5671756E+03
 -0.8705000E+05 -0.5591123E+03
 -0.8704000E+05 -0.5510514E+03
 -0.8703000E+05 -0.5429923E+03
 -0.8702000E+05 -0.5349362E+03
 -0.8701000E+05 -0.5268813E+03
 -0.8700000E+05 -0.5188288E+03
 -0.8699000E+05 -0.5107788E+03
 -0.8698000E+05 -0.5027304E+03
 -0.8697000E+05 -0.4946834E+03
 -0.8696000E+05 -0.4866412E+03
 -0.8695000E+05 -0.4785985E+03
 -0.8694000E+05 -0.4705591E+03
 -0.8693000E+05 -0.4625214E+03
 -0.8692000E+05 -0.4544863E+03
 -0.8691000E+05 -0.4464526E+03
 -0.8690000E+05 -0.4384225E+03
 -0.8689000E+05 -0.4303931E+03
 -0.8688000E+05 -0.4223659E+03
 -0.8687000E+05 -0.4143420E+03
 -0.8686000E+05 -0.4063195E+03
 -0.8685000E+05 -0.3982989E+03
 -0.8684000E+05 -0.3902814E+03
 -0.8683000E+05 -0.3822648E+03
 -0.8682000E+05 -0.3742503E+03
 -0.8681000E+05 -0.3662389E+03
 -0.8680000E+05 -0.3582294E+03
 -0.8679000E+05 -0.3502224E+03
 -0.8678000E+05 -0.3422171E+03
 -0.8677000E+05 -0.3342128E+03
 -0.8676000E+05 -0.3262124E+03
 -0.8675000E+05 -0.3182126E+03
 -0.8674000E+05 -0.3102164E+03
 -0.8673000E+05 -0.3022210E+03
 -0.8672000E+05 -0.2942292E+03
 -0.8671000E+05 -0.2862387E+03
 -0.8670000E+05 -0.2782500E+03
 -0.8669000E+05 -0.2702636E+03
 -0.8668000E+05 -0.2622802E+03
 -0.8667000E+05 -0.2542977E+03
 -0.8666000E+05 -0.2463181E+03
 -0.8665000E+05 -0.2383395E+03
 -0.8664000E+05 -0.2303650E+03
 -0.8663000E+05 -0.2223907E+03
 -0.8662000E+05 -0.2144190E+03
 -0.8661000E+05 -0.2064509E+03
 -0.8660000E+05 -0.1984829E+03
 -0.8659000E+05 -0.1905190E+03
 -0.8658000E+05 -0.1825552E+03
 -0.8657000E+05 -0.1745941E+03
 -0.8656000E+05 -0.1666361E+03
 -0.8655000E+05 -0.1586790E+03
 -0.8654000E+05 -0.1507245E+03
 -0.8653000E+05 -0.1427722E+03
 -0.8652000E+05 -0.1348219E+03
 -0.8651000E+05 -0.1268739E+03
 -0.8650000E+05 -0.1189276E+03
 -0.8649000E+05 -0.1109828E+03
 -0.8648000E+05 -0.1030423E+03
 -0.8647000E+05 -0.9510184E+02
 -0.8646000E+05 -0.8716384E+02
 -0.8645000E+05 -0.7922916E+02
 -0.8644000E+05 -0.7129481E+02
 -0.8643000E+05 -0.6336399E+02
 -0.8642000E+05 -0.5543460E+02
 -0.8641000E+05 -0.4750672E+02
 -0.8640000E+05 -0.3958198E+02
 -0.8639000E+05 -0.3165903E+02
 -0.8638000E+05 -0.2373876E+02
 -0.8637000E+05 -0.1581947E+02
 -0.8636000E+05 -0.7902893E+01
 -0.8635000E+05  0.1163769E-01
