0.10   200       bin size; N of bins
5.0              initial value for Lambda.
END
16               No of files input.
1   10000  990000000  1   run No.; starting step; ending step; weight.
2   10000  990000000  1 
3   10000  990000000  1 
4   10000  990000000  1 
5   10000  990000000  1 
6   10000  990000000  1 
7   10000  990000000  1 
8   10000  990000000  1 
9   10000  990000000  1 
10  10000  990000000  1 
11  10000  990000000  1 
12  10000  990000000  1 
13  10000  990000000  1 
14  10000  990000000  1 
15  10000  990000000  1 
16  10000  990000000  1 
END  
