50.0   2000
-130000.0
END
50           No of files input.
   1     20000  990000000         1
   2     20000  990000000         1
   3     20000  990000000         1
   4     20000  990000000         1
   5     20000  990000000         1
   6     20000  990000000         1
   7     20000  990000000         1
   8     20000  990000000         1
   9     20000  990000000         1
  10     20000  990000000         1
  11     20000  990000000         1
  12     20000  990000000         1
  13     20000  990000000         1
  14     20000  990000000         1
  15     20000  990000000         1
  16     20000  990000000         1
  17     20000  990000000         1
  18     20000  990000000         1
  19     20000  990000000         1
  20     20000  990000000         1
  21     20000  990000000         1
  22     20000  990000000         1
  23     20000  990000000         1
  24     20000  990000000         1
  25     20000  990000000         1
  26     20000  990000000         1
  27     20000  990000000         1
  28     20000  990000000         1
  29     20000  990000000         1
  30     20000  990000000         1
  31     20000  990000000         1
  32     20000  990000000         1
  33     20000  990000000         1
  34     20000  990000000         1
  35     20000  990000000         1
  36     20000  990000000         1
  37     20000  990000000         1
  38     20000  990000000         1
  39     20000  990000000         1
  40     20000  990000000         1
  41     20000  990000000         1
  42     20000  990000000         1
  43     20000  990000000         1
  44     20000  990000000         1
  45     20000  990000000         1
  46     20000  990000000         1
  47     20000  990000000         1
  48     20000  990000000         1
  49     20000  990000000         1
  50     20000  990000000         1
END  
