 -0.1156500E+06  0.1762765E+01
 -0.1156000E+06  0.1760375E+01
 -0.1155500E+06  0.1757987E+01
 -0.1155000E+06  0.1755600E+01
 -0.1154500E+06  0.1753214E+01
 -0.1154000E+06  0.1750830E+01
 -0.1153500E+06  0.1748448E+01
 -0.1153000E+06  0.1746068E+01
 -0.1152500E+06  0.1743691E+01
 -0.1152000E+06  0.1741315E+01
 -0.1151500E+06  0.1738941E+01
 -0.1151000E+06  0.1736570E+01
 -0.1150500E+06  0.1734202E+01
 -0.1150000E+06  0.1731835E+01
 -0.1149500E+06  0.1729472E+01
 -0.1149000E+06  0.1727111E+01
 -0.1148500E+06  0.1724753E+01
 -0.1148000E+06  0.1722397E+01
 -0.1147500E+06  0.1720045E+01
 -0.1147000E+06  0.1717695E+01
 -0.1146500E+06  0.1715348E+01
 -0.1146000E+06  0.1713004E+01
 -0.1145500E+06  0.1710663E+01
 -0.1145000E+06  0.1708325E+01
 -0.1144500E+06  0.1705990E+01
 -0.1144000E+06  0.1703658E+01
 -0.1143500E+06  0.1701329E+01
 -0.1143000E+06  0.1699003E+01
 -0.1142500E+06  0.1696681E+01
 -0.1142000E+06  0.1694361E+01
 -0.1141500E+06  0.1692044E+01
 -0.1141000E+06  0.1689731E+01
 -0.1140500E+06  0.1687420E+01
 -0.1140000E+06  0.1685113E+01
 -0.1139500E+06  0.1682808E+01
 -0.1139000E+06  0.1680507E+01
 -0.1138500E+06  0.1678209E+01
 -0.1138000E+06  0.1675914E+01
 -0.1137500E+06  0.1673622E+01
 -0.1137000E+06  0.1671333E+01
 -0.1136500E+06  0.1669047E+01
 -0.1136000E+06  0.1666764E+01
 -0.1135500E+06  0.1664485E+01
 -0.1135000E+06  0.1662208E+01
 -0.1134500E+06  0.1659934E+01
 -0.1134000E+06  0.1657664E+01
 -0.1133500E+06  0.1655396E+01
 -0.1133000E+06  0.1653131E+01
 -0.1132500E+06  0.1650869E+01
 -0.1132000E+06  0.1648611E+01
 -0.1131500E+06  0.1646355E+01
 -0.1131000E+06  0.1644102E+01
 -0.1130500E+06  0.1641853E+01
 -0.1130000E+06  0.1639606E+01
 -0.1129500E+06  0.1637362E+01
 -0.1129000E+06  0.1635121E+01
 -0.1128500E+06  0.1632883E+01
 -0.1128000E+06  0.1630648E+01
 -0.1127500E+06  0.1628415E+01
