 -0.1141850E+06  0.1693666E+01
 -0.1141350E+06  0.1691350E+01
 -0.1140850E+06  0.1689037E+01
 -0.1140350E+06  0.1686728E+01
 -0.1139850E+06  0.1684421E+01
 -0.1139350E+06  0.1682118E+01
 -0.1138850E+06  0.1679817E+01
 -0.1138350E+06  0.1677520E+01
 -0.1137850E+06  0.1675226E+01
 -0.1137350E+06  0.1672935E+01
 -0.1136850E+06  0.1670647E+01
 -0.1136350E+06  0.1668362E+01
 -0.1135850E+06  0.1666080E+01
 -0.1135350E+06  0.1663801E+01
 -0.1134850E+06  0.1661525E+01
 -0.1134350E+06  0.1659253E+01
 -0.1133850E+06  0.1656983E+01
 -0.1133350E+06  0.1654716E+01
 -0.1132850E+06  0.1652452E+01
 -0.1132350E+06  0.1650192E+01
 -0.1131850E+06  0.1647934E+01
 -0.1131350E+06  0.1645679E+01
 -0.1130850E+06  0.1643427E+01
 -0.1130350E+06  0.1641178E+01
 -0.1129850E+06  0.1638932E+01
 -0.1129350E+06  0.1636689E+01
 -0.1128850E+06  0.1634449E+01
 -0.1128350E+06  0.1632212E+01
 -0.1127850E+06  0.1629978E+01
 -0.1127350E+06  0.1627746E+01
 -0.1126850E+06  0.1625518E+01
 -0.1126350E+06  0.1623292E+01
 -0.1125850E+06  0.1621070E+01
 -0.1125350E+06  0.1618850E+01
 -0.1124850E+06  0.1616633E+01
 -0.1124350E+06  0.1614419E+01
 -0.1123850E+06  0.1612208E+01
 -0.1123350E+06  0.1610000E+01
 -0.1122850E+06  0.1607794E+01
 -0.1122350E+06  0.1605591E+01
 -0.1121850E+06  0.1603392E+01
 -0.1121350E+06  0.1601195E+01
 -0.1120850E+06  0.1599001E+01
 -0.1120350E+06  0.1596810E+01
 -0.1119850E+06  0.1594622E+01
 -0.1119350E+06  0.1592436E+01
 -0.1118850E+06  0.1590254E+01
 -0.1118350E+06  0.1588074E+01
 -0.1117850E+06  0.1585897E+01
 -0.1117350E+06  0.1583723E+01
 -0.1116850E+06  0.1581552E+01
 -0.1116350E+06  0.1579384E+01
 -0.1115850E+06  0.1577219E+01
 -0.1115350E+06  0.1575056E+01
 -0.1114850E+06  0.1572897E+01
 -0.1114350E+06  0.1570740E+01
 -0.1113850E+06  0.1568587E+01
 -0.1113350E+06  0.1566436E+01
 -0.1112850E+06  0.1564288E+01
 -0.1112350E+06  0.1562143E+01
 -0.1111850E+06  0.1560001E+01
 -0.1111350E+06  0.1557861E+01
 -0.1110850E+06  0.1555725E+01
 -0.1110350E+06  0.1553592E+01
 -0.1109850E+06  0.1551461E+01
 -0.1109350E+06  0.1549334E+01
 -0.1108850E+06  0.1547209E+01
 -0.1108350E+06  0.1545087E+01
 -0.1107850E+06  0.1542969E+01
 -0.1107350E+06  0.1540853E+01
 -0.1106850E+06  0.1538740E+01
 -0.1106350E+06  0.1536630E+01
 -0.1105850E+06  0.1534523E+01
 -0.1105350E+06  0.1532419E+01
 -0.1104850E+06  0.1530318E+01
 -0.1104350E+06  0.1528220E+01
 -0.1103850E+06  0.1526124E+01
 -0.1103350E+06  0.1524032E+01
 -0.1102850E+06  0.1521942E+01
 -0.1102350E+06  0.1519856E+01
 -0.1101850E+06  0.1517772E+01
 -0.1101350E+06  0.1515692E+01
 -0.1100850E+06  0.1513614E+01
 -0.1100350E+06  0.1511539E+01
 -0.1099850E+06  0.1509467E+01
 -0.1099350E+06  0.1507398E+01
 -0.1098850E+06  0.1505332E+01
 -0.1098350E+06  0.1503268E+01
