 -0.1156500E+06  0.1762752E+01
 -0.1156000E+06  0.1760367E+01
 -0.1155500E+06  0.1757982E+01
 -0.1155000E+06  0.1755598E+01
 -0.1154500E+06  0.1753214E+01
 -0.1154000E+06  0.1750834E+01
 -0.1153500E+06  0.1748453E+01
 -0.1153000E+06  0.1746074E+01
 -0.1152500E+06  0.1743696E+01
 -0.1152000E+06  0.1741321E+01
 -0.1151500E+06  0.1738948E+01
 -0.1151000E+06  0.1736577E+01
 -0.1150500E+06  0.1734207E+01
 -0.1150000E+06  0.1731842E+01
 -0.1149500E+06  0.1729477E+01
 -0.1149000E+06  0.1727116E+01
 -0.1148500E+06  0.1724757E+01
 -0.1148000E+06  0.1722401E+01
 -0.1147500E+06  0.1720048E+01
 -0.1147000E+06  0.1717697E+01
 -0.1146500E+06  0.1715348E+01
 -0.1146000E+06  0.1713005E+01
 -0.1145500E+06  0.1710663E+01
 -0.1145000E+06  0.1708323E+01
 -0.1144500E+06  0.1705989E+01
 -0.1144000E+06  0.1703656E+01
 -0.1143500E+06  0.1701327E+01
 -0.1143000E+06  0.1699000E+01
 -0.1142500E+06  0.1696677E+01
 -0.1142000E+06  0.1694357E+01
 -0.1141500E+06  0.1692041E+01
 -0.1141000E+06  0.1689727E+01
 -0.1140500E+06  0.1687416E+01
 -0.1140000E+06  0.1685108E+01
 -0.1139500E+06  0.1682805E+01
 -0.1139000E+06  0.1680502E+01
 -0.1138500E+06  0.1678205E+01
 -0.1138000E+06  0.1675910E+01
 -0.1137500E+06  0.1673618E+01
 -0.1137000E+06  0.1671329E+01
 -0.1136500E+06  0.1669044E+01
 -0.1136000E+06  0.1666762E+01
 -0.1135500E+06  0.1664482E+01
 -0.1135000E+06  0.1662206E+01
 -0.1134500E+06  0.1659932E+01
 -0.1134000E+06  0.1657662E+01
 -0.1133500E+06  0.1655395E+01
 -0.1133000E+06  0.1653131E+01
 -0.1132500E+06  0.1650870E+01
 -0.1132000E+06  0.1648611E+01
 -0.1131500E+06  0.1646356E+01
 -0.1131000E+06  0.1644105E+01
 -0.1130500E+06  0.1641855E+01
 -0.1130000E+06  0.1639609E+01
 -0.1129500E+06  0.1637365E+01
 -0.1129000E+06  0.1635125E+01
 -0.1128500E+06  0.1632887E+01
 -0.1128000E+06  0.1630652E+01
 -0.1127500E+06  0.1628421E+01
 -0.1141500E+06  0.1692041E+01
 -0.1141000E+06  0.1689727E+01
 -0.1140500E+06  0.1687416E+01
 -0.1140000E+06  0.1685108E+01
 -0.1139500E+06  0.1682805E+01
 -0.1139000E+06  0.1680502E+01
 -0.1138500E+06  0.1678205E+01
 -0.1138000E+06  0.1675910E+01
 -0.1137500E+06  0.1673618E+01
 -0.1137000E+06  0.1671329E+01
 -0.1136500E+06  0.1669044E+01
 -0.1136000E+06  0.1666762E+01
 -0.1135500E+06  0.1664482E+01
 -0.1135000E+06  0.1662206E+01
 -0.1134500E+06  0.1659932E+01
 -0.1134000E+06  0.1657662E+01
 -0.1133500E+06  0.1655395E+01
 -0.1133000E+06  0.1653131E+01
 -0.1132500E+06  0.1650870E+01
 -0.1132000E+06  0.1648611E+01
 -0.1131500E+06  0.1646356E+01
 -0.1131000E+06  0.1644105E+01
 -0.1130500E+06  0.1641855E+01
 -0.1130000E+06  0.1639609E+01
 -0.1129500E+06  0.1637365E+01
 -0.1129000E+06  0.1635125E+01
 -0.1128500E+06  0.1632887E+01
 -0.1128000E+06  0.1630652E+01
 -0.1127500E+06  0.1628421E+01
 -0.1127000E+06  0.1626191E+01
 -0.1126500E+06  0.1623966E+01
 -0.1126000E+06  0.1621742E+01
 -0.1125500E+06  0.1619522E+01
 -0.1125000E+06  0.1617304E+01
 -0.1124500E+06  0.1615089E+01
 -0.1124000E+06  0.1612878E+01
 -0.1123500E+06  0.1610669E+01
 -0.1123000E+06  0.1608463E+01
 -0.1122500E+06  0.1606259E+01
 -0.1122000E+06  0.1604059E+01
 -0.1121500E+06  0.1601861E+01
 -0.1121000E+06  0.1599667E+01
 -0.1120500E+06  0.1597475E+01
 -0.1120000E+06  0.1595285E+01
 -0.1119500E+06  0.1593099E+01
 -0.1119000E+06  0.1590916E+01
 -0.1118500E+06  0.1588735E+01
 -0.1118000E+06  0.1586557E+01
 -0.1117500E+06  0.1584382E+01
 -0.1117000E+06  0.1582211E+01
 -0.1116500E+06  0.1580041E+01
 -0.1116000E+06  0.1577875E+01
 -0.1115500E+06  0.1575712E+01
 -0.1115000E+06  0.1573550E+01
 -0.1114500E+06  0.1571393E+01
 -0.1114000E+06  0.1569239E+01
 -0.1113500E+06  0.1567086E+01
 -0.1113000E+06  0.1564938E+01
 -0.1112500E+06  0.1562791E+01
 -0.1112000E+06  0.1560648E+01
 -0.1111500E+06  0.1558508E+01
 -0.1111000E+06  0.1556370E+01
 -0.1110500E+06  0.1554236E+01
 -0.1110000E+06  0.1552104E+01
 -0.1109500E+06  0.1549976E+01
 -0.1109000E+06  0.1547850E+01
 -0.1108500E+06  0.1545728E+01
 -0.1108000E+06  0.1543608E+01
 -0.1107500E+06  0.1541491E+01
 -0.1107000E+06  0.1539377E+01
 -0.1106500E+06  0.1537266E+01
 -0.1106000E+06  0.1535158E+01
 -0.1105500E+06  0.1533053E+01
 -0.1105000E+06  0.1530950E+01
 -0.1104500E+06  0.1528852E+01
 -0.1104000E+06  0.1526755E+01
 -0.1103500E+06  0.1524662E+01
 -0.1103000E+06  0.1522571E+01
 -0.1102500E+06  0.1520485E+01
 -0.1102000E+06  0.1518399E+01
 -0.1101500E+06  0.1516318E+01
 -0.1101000E+06  0.1514239E+01
 -0.1100500E+06  0.1512164E+01
 -0.1100000E+06  0.1510091E+01
 -0.1099500E+06  0.1508021E+01
 -0.1099000E+06  0.1505954E+01
 -0.1098500E+06  0.1503890E+01
 -0.1098000E+06  0.1501829E+01
 -0.1127000E+06  0.1626186E+01
 -0.1126500E+06  0.1623960E+01
 -0.1126000E+06  0.1621737E+01
 -0.1125500E+06  0.1619517E+01
 -0.1125000E+06  0.1617299E+01
 -0.1124500E+06  0.1615085E+01
 -0.1124000E+06  0.1612873E+01
 -0.1123500E+06  0.1610664E+01
 -0.1123000E+06  0.1608456E+01
 -0.1122500E+06  0.1606254E+01
 -0.1122000E+06  0.1604053E+01
 -0.1121500E+06  0.1601855E+01
 -0.1121000E+06  0.1599658E+01
 -0.1120500E+06  0.1597466E+01
 -0.1120000E+06  0.1595277E+01
 -0.1119500E+06  0.1593088E+01
 -0.1119000E+06  0.1590905E+01
 -0.1118500E+06  0.1588722E+01
 -0.1118000E+06  0.1586544E+01
 -0.1117500E+06  0.1584368E+01
 -0.1117000E+06  0.1582195E+01
 -0.1116500E+06  0.1580026E+01
 -0.1116000E+06  0.1577858E+01
 -0.1115500E+06  0.1575695E+01
 -0.1115000E+06  0.1573534E+01
 -0.1114500E+06  0.1571375E+01
 -0.1114000E+06  0.1569218E+01
 -0.1113500E+06  0.1567068E+01
 -0.1113000E+06  0.1564919E+01
 -0.1112500E+06  0.1562771E+01
 -0.1112000E+06  0.1560627E+01
 -0.1111500E+06  0.1558488E+01
 -0.1111000E+06  0.1556350E+01
 -0.1110500E+06  0.1554215E+01
 -0.1110000E+06  0.1552084E+01
 -0.1109500E+06  0.1549956E+01
 -0.1109000E+06  0.1547831E+01
 -0.1108500E+06  0.1545707E+01
 -0.1108000E+06  0.1543588E+01
 -0.1107500E+06  0.1541474E+01
 -0.1107000E+06  0.1539360E+01
 -0.1106500E+06  0.1537250E+01
 -0.1106000E+06  0.1535143E+01
 -0.1105500E+06  0.1533039E+01
 -0.1105000E+06  0.1530937E+01
 -0.1104500E+06  0.1528838E+01
 -0.1104000E+06  0.1526743E+01
 -0.1103500E+06  0.1524650E+01
 -0.1103000E+06  0.1522561E+01
 -0.1102500E+06  0.1520475E+01
 -0.1102000E+06  0.1518390E+01
 -0.1101500E+06  0.1516310E+01
 -0.1101000E+06  0.1514234E+01
 -0.1100500E+06  0.1512158E+01
 -0.1100000E+06  0.1510085E+01
 -0.1099500E+06  0.1508017E+01
 -0.1099000E+06  0.1505951E+01
 -0.1098500E+06  0.1503888E+01
 -0.1098000E+06  0.1501826E+01
 -0.1097500E+06  0.1499769E+01
 -0.1097000E+06  0.1497715E+01
 -0.1096500E+06  0.1495662E+01
 -0.1096000E+06  0.1493611E+01
 -0.1095500E+06  0.1491565E+01
 -0.1095000E+06  0.1489521E+01
 -0.1094500E+06  0.1487480E+01
 -0.1094000E+06  0.1485441E+01
 -0.1093500E+06  0.1483405E+01
 -0.1093000E+06  0.1481370E+01
 -0.1092500E+06  0.1479340E+01
 -0.1092000E+06  0.1477312E+01
 -0.1091500E+06  0.1475288E+01
 -0.1091000E+06  0.1473265E+01
 -0.1090500E+06  0.1471245E+01
 -0.1090000E+06  0.1469228E+01
 -0.1089500E+06  0.1467213E+01
 -0.1089000E+06  0.1465201E+01
 -0.1088500E+06  0.1463192E+01
 -0.1088000E+06  0.1461184E+01
 -0.1087500E+06  0.1459179E+01
 -0.1087000E+06  0.1457176E+01
 -0.1086500E+06  0.1455179E+01
 -0.1086000E+06  0.1453180E+01
 -0.1085500E+06  0.1451186E+01
 -0.1085000E+06  0.1449194E+01
 -0.1084500E+06  0.1447204E+01
 -0.1084000E+06  0.1445219E+01
 -0.1083500E+06  0.1443234E+01
 -0.1083000E+06  0.1441253E+01
 -0.1082500E+06  0.1439274E+01
 -0.1082000E+06  0.1437297E+01
 -0.1081500E+06  0.1435324E+01
 -0.1081000E+06  0.1433352E+01
 -0.1080500E+06  0.1431383E+01
 -0.1080000E+06  0.1429416E+01
 -0.1079500E+06  0.1427454E+01
 -0.1079000E+06  0.1425492E+01
 -0.1078500E+06  0.1423533E+01
 -0.1078000E+06  0.1421578E+01
 -0.1077500E+06  0.1419624E+01
 -0.1077000E+06  0.1417673E+01
 -0.1076500E+06  0.1415725E+01
 -0.1076000E+06  0.1413780E+01
 -0.1075500E+06  0.1411837E+01
 -0.1075000E+06  0.1409897E+01
 -0.1074500E+06  0.1407958E+01
 -0.1074000E+06  0.1406024E+01
 -0.1073500E+06  0.1404091E+01
 -0.1073000E+06  0.1402163E+01
 -0.1072500E+06  0.1400236E+01
 -0.1072000E+06  0.1398310E+01
 -0.1071500E+06  0.1396389E+01
 -0.1071000E+06  0.1394472E+01
 -0.1070500E+06  0.1392555E+01
 -0.1070000E+06  0.1390641E+01
 -0.1069500E+06  0.1388731E+01
 -0.1069000E+06  0.1386823E+01
 -0.1097500E+06  0.1499793E+01
 -0.1097000E+06  0.1497737E+01
 -0.1096500E+06  0.1495682E+01
 -0.1096000E+06  0.1493631E+01
 -0.1095500E+06  0.1491582E+01
 -0.1095000E+06  0.1489536E+01
 -0.1094500E+06  0.1487492E+01
 -0.1094000E+06  0.1485452E+01
 -0.1093500E+06  0.1483413E+01
 -0.1093000E+06  0.1481378E+01
 -0.1092500E+06  0.1479345E+01
 -0.1092000E+06  0.1477315E+01
 -0.1091500E+06  0.1475287E+01
 -0.1091000E+06  0.1473263E+01
 -0.1090500E+06  0.1471241E+01
 -0.1090000E+06  0.1469221E+01
 -0.1089500E+06  0.1467205E+01
 -0.1089000E+06  0.1465191E+01
 -0.1088500E+06  0.1463179E+01
 -0.1088000E+06  0.1461171E+01
 -0.1087500E+06  0.1459165E+01
 -0.1087000E+06  0.1457162E+01
 -0.1086500E+06  0.1455161E+01
 -0.1086000E+06  0.1453163E+01
 -0.1085500E+06  0.1451168E+01
 -0.1085000E+06  0.1449176E+01
 -0.1084500E+06  0.1447186E+01
 -0.1084000E+06  0.1445199E+01
 -0.1083500E+06  0.1443215E+01
 -0.1083000E+06  0.1441234E+01
 -0.1082500E+06  0.1439255E+01
 -0.1082000E+06  0.1437279E+01
 -0.1081500E+06  0.1435306E+01
 -0.1081000E+06  0.1433335E+01
 -0.1080500E+06  0.1431367E+01
 -0.1080000E+06  0.1429402E+01
 -0.1079500E+06  0.1427440E+01
 -0.1079000E+06  0.1425480E+01
 -0.1078500E+06  0.1423523E+01
 -0.1078000E+06  0.1421568E+01
 -0.1077500E+06  0.1419617E+01
 -0.1077000E+06  0.1417668E+01
 -0.1076500E+06  0.1415722E+01
 -0.1076000E+06  0.1413778E+01
 -0.1075500E+06  0.1411838E+01
 -0.1075000E+06  0.1409900E+01
 -0.1074500E+06  0.1407964E+01
 -0.1074000E+06  0.1406031E+01
 -0.1073500E+06  0.1404101E+01
 -0.1073000E+06  0.1402174E+01
 -0.1072500E+06  0.1400249E+01
 -0.1072000E+06  0.1398327E+01
 -0.1071500E+06  0.1396408E+01
 -0.1071000E+06  0.1394491E+01
 -0.1070500E+06  0.1392577E+01
 -0.1070000E+06  0.1390666E+01
 -0.1069500E+06  0.1388757E+01
 -0.1069000E+06  0.1386851E+01
 -0.1068500E+06  0.1384947E+01
 -0.1068000E+06  0.1383046E+01
 -0.1067500E+06  0.1381148E+01
 -0.1067000E+06  0.1379252E+01
 -0.1066500E+06  0.1377359E+01
 -0.1066000E+06  0.1375468E+01
 -0.1065500E+06  0.1373580E+01
 -0.1065000E+06  0.1371695E+01
 -0.1064500E+06  0.1369812E+01
 -0.1064000E+06  0.1367932E+01
 -0.1063500E+06  0.1366054E+01
 -0.1063000E+06  0.1364179E+01
 -0.1062500E+06  0.1362307E+01
 -0.1062000E+06  0.1360437E+01
 -0.1061500E+06  0.1358569E+01
 -0.1061000E+06  0.1356704E+01
 -0.1060500E+06  0.1354842E+01
 -0.1060000E+06  0.1352982E+01
 -0.1059500E+06  0.1351124E+01
 -0.1059000E+06  0.1349269E+01
 -0.1058500E+06  0.1347417E+01
 -0.1058000E+06  0.1345567E+01
 -0.1057500E+06  0.1343719E+01
 -0.1057000E+06  0.1341874E+01
 -0.1056500E+06  0.1340031E+01
 -0.1056000E+06  0.1338191E+01
 -0.1055500E+06  0.1336354E+01
 -0.1055000E+06  0.1334519E+01
 -0.1054500E+06  0.1332686E+01
 -0.1054000E+06  0.1330855E+01
 -0.1053500E+06  0.1329027E+01
 -0.1053000E+06  0.1327202E+01
 -0.1052500E+06  0.1325379E+01
 -0.1052000E+06  0.1323558E+01
 -0.1051500E+06  0.1321740E+01
 -0.1051000E+06  0.1319924E+01
 -0.1050500E+06  0.1318111E+01
 -0.1050000E+06  0.1316300E+01
 -0.1049500E+06  0.1314491E+01
 -0.1049000E+06  0.1312685E+01
 -0.1048500E+06  0.1310881E+01
 -0.1048000E+06  0.1309080E+01
 -0.1047500E+06  0.1307281E+01
 -0.1047000E+06  0.1305484E+01
 -0.1046500E+06  0.1303690E+01
 -0.1046000E+06  0.1301898E+01
 -0.1045500E+06  0.1300109E+01
 -0.1045000E+06  0.1298322E+01
 -0.1044500E+06  0.1296537E+01
 -0.1044000E+06  0.1294755E+01
 -0.1043500E+06  0.1292975E+01
 -0.1043000E+06  0.1291197E+01
 -0.1042500E+06  0.1289422E+01
 -0.1042000E+06  0.1287649E+01
 -0.1041500E+06  0.1285879E+01
 -0.1041000E+06  0.1284111E+01
 -0.1040500E+06  0.1282345E+01
 -0.1040000E+06  0.1280582E+01
 -0.1039500E+06  0.1278821E+01
 -0.1039000E+06  0.1277063E+01
 -0.1038500E+06  0.1275307E+01
 -0.1038000E+06  0.1273553E+01
 -0.1037500E+06  0.1271802E+01
 -0.1037000E+06  0.1270053E+01
 -0.1036500E+06  0.1268306E+01
 -0.1036000E+06  0.1266562E+01
 -0.1035500E+06  0.1264820E+01
 -0.1035000E+06  0.1263081E+01
 -0.1034500E+06  0.1261344E+01
 -0.1034000E+06  0.1259609E+01
 -0.1033500E+06  0.1257877E+01
 -0.1033000E+06  0.1256148E+01
 -0.1032500E+06  0.1254420E+01
 -0.1032000E+06  0.1252695E+01
 -0.1031500E+06  0.1250973E+01
 -0.1031000E+06  0.1249253E+01
 -0.1030500E+06  0.1247535E+01
 -0.1030000E+06  0.1245820E+01
 -0.1029500E+06  0.1244107E+01
 -0.1029000E+06  0.1242397E+01
 -0.1028500E+06  0.1240689E+01
 -0.1028000E+06  0.1238984E+01
 -0.1027500E+06  0.1237281E+01
 -0.1027000E+06  0.1235580E+01
 -0.1026500E+06  0.1233882E+01
 -0.1026000E+06  0.1232186E+01
 -0.1025500E+06  0.1230493E+01
 -0.1025000E+06  0.1228802E+01
 -0.1068500E+06  0.1384952E+01
 -0.1068000E+06  0.1383051E+01
 -0.1067500E+06  0.1381153E+01
 -0.1067000E+06  0.1379257E+01
 -0.1066500E+06  0.1377364E+01
 -0.1066000E+06  0.1375473E+01
 -0.1065500E+06  0.1373585E+01
 -0.1065000E+06  0.1371699E+01
 -0.1064500E+06  0.1369816E+01
 -0.1064000E+06  0.1367935E+01
 -0.1063500E+06  0.1366057E+01
 -0.1063000E+06  0.1364181E+01
 -0.1062500E+06  0.1362308E+01
 -0.1062000E+06  0.1360438E+01
 -0.1061500E+06  0.1358570E+01
 -0.1061000E+06  0.1356704E+01
 -0.1060500E+06  0.1354841E+01
 -0.1060000E+06  0.1352981E+01
 -0.1059500E+06  0.1351123E+01
 -0.1059000E+06  0.1349267E+01
 -0.1058500E+06  0.1347414E+01
 -0.1058000E+06  0.1345563E+01
 -0.1057500E+06  0.1343715E+01
 -0.1057000E+06  0.1341869E+01
 -0.1056500E+06  0.1340026E+01
 -0.1056000E+06  0.1338186E+01
 -0.1055500E+06  0.1336347E+01
 -0.1055000E+06  0.1334511E+01
 -0.1054500E+06  0.1332678E+01
 -0.1054000E+06  0.1330847E+01
 -0.1053500E+06  0.1329019E+01
 -0.1053000E+06  0.1327193E+01
 -0.1052500E+06  0.1325369E+01
 -0.1052000E+06  0.1323548E+01
 -0.1051500E+06  0.1321729E+01
 -0.1051000E+06  0.1319913E+01
 -0.1050500E+06  0.1318100E+01
 -0.1050000E+06  0.1316288E+01
 -0.1049500E+06  0.1314479E+01
 -0.1049000E+06  0.1312673E+01
 -0.1048500E+06  0.1310869E+01
 -0.1048000E+06  0.1309067E+01
 -0.1047500E+06  0.1307268E+01
 -0.1047000E+06  0.1305472E+01
 -0.1046500E+06  0.1303677E+01
 -0.1046000E+06  0.1301886E+01
 -0.1045500E+06  0.1300096E+01
 -0.1045000E+06  0.1298309E+01
 -0.1044500E+06  0.1296525E+01
 -0.1044000E+06  0.1294743E+01
 -0.1043500E+06  0.1292963E+01
 -0.1043000E+06  0.1291186E+01
 -0.1042500E+06  0.1289411E+01
 -0.1042000E+06  0.1287639E+01
 -0.1041500E+06  0.1285869E+01
 -0.1041000E+06  0.1284101E+01
 -0.1040500E+06  0.1282336E+01
 -0.1040000E+06  0.1280573E+01
 -0.1039500E+06  0.1278813E+01
 -0.1039000E+06  0.1277055E+01
 -0.1038500E+06  0.1275300E+01
 -0.1038000E+06  0.1273547E+01
 -0.1037500E+06  0.1271796E+01
 -0.1037000E+06  0.1270048E+01
 -0.1036500E+06  0.1268303E+01
 -0.1036000E+06  0.1266559E+01
 -0.1035500E+06  0.1264818E+01
 -0.1035000E+06  0.1263080E+01
 -0.1034500E+06  0.1261344E+01
 -0.1034000E+06  0.1259611E+01
 -0.1033500E+06  0.1257879E+01
 -0.1033000E+06  0.1256151E+01
 -0.1032500E+06  0.1254424E+01
 -0.1032000E+06  0.1252700E+01
 -0.1031500E+06  0.1250979E+01
 -0.1031000E+06  0.1249260E+01
 -0.1030500E+06  0.1247543E+01
 -0.1030000E+06  0.1245829E+01
 -0.1029500E+06  0.1244117E+01
 -0.1029000E+06  0.1242408E+01
 -0.1028500E+06  0.1240701E+01
 -0.1028000E+06  0.1238996E+01
 -0.1027500E+06  0.1237294E+01
 -0.1027000E+06  0.1235594E+01
 -0.1026500E+06  0.1233897E+01
 -0.1026000E+06  0.1232202E+01
 -0.1025500E+06  0.1230510E+01
 -0.1025000E+06  0.1228819E+01
 -0.1024500E+06  0.1227132E+01
 -0.1024000E+06  0.1225446E+01
 -0.1023500E+06  0.1223763E+01
 -0.1023000E+06  0.1222083E+01
 -0.1022500E+06  0.1220405E+01
 -0.1022000E+06  0.1218729E+01
 -0.1021500E+06  0.1217056E+01
 -0.1021000E+06  0.1215385E+01
 -0.1020500E+06  0.1213716E+01
 -0.1020000E+06  0.1212050E+01
 -0.1019500E+06  0.1210386E+01
 -0.1019000E+06  0.1208724E+01
 -0.1018500E+06  0.1207065E+01
 -0.1018000E+06  0.1205409E+01
 -0.1017500E+06  0.1203754E+01
 -0.1017000E+06  0.1202102E+01
 -0.1016500E+06  0.1200453E+01
 -0.1016000E+06  0.1198805E+01
 -0.1015500E+06  0.1197160E+01
 -0.1015000E+06  0.1195518E+01
 -0.1014500E+06  0.1193877E+01
 -0.1014000E+06  0.1192240E+01
 -0.1013500E+06  0.1190604E+01
 -0.1013000E+06  0.1188971E+01
 -0.1012500E+06  0.1187340E+01
 -0.1012000E+06  0.1185711E+01
 -0.1011500E+06  0.1184085E+01
 -0.1011000E+06  0.1182461E+01
 -0.1010500E+06  0.1180839E+01
 -0.1010000E+06  0.1179220E+01
 -0.1009500E+06  0.1177603E+01
 -0.1009000E+06  0.1175988E+01
 -0.1008500E+06  0.1174376E+01
 -0.1008000E+06  0.1172766E+01
 -0.1007500E+06  0.1171158E+01
 -0.1007000E+06  0.1169552E+01
 -0.1006500E+06  0.1167949E+01
 -0.1006000E+06  0.1166348E+01
 -0.1005500E+06  0.1164749E+01
 -0.1005000E+06  0.1163153E+01
 -0.1004500E+06  0.1161558E+01
 -0.1004000E+06  0.1159966E+01
 -0.1003500E+06  0.1158376E+01
 -0.1003000E+06  0.1156789E+01
 -0.1002500E+06  0.1155204E+01
 -0.1002000E+06  0.1153621E+01
 -0.1001500E+06  0.1152040E+01
 -0.1001000E+06  0.1150461E+01
 -0.1000500E+06  0.1148885E+01
 -0.1000000E+06  0.1147310E+01
 -0.9995000E+05  0.1145738E+01
 -0.9990000E+05  0.1144169E+01
 -0.9985000E+05  0.1142601E+01
 -0.9980000E+05  0.1141035E+01
 -0.9975000E+05  0.1139472E+01
 -0.9970000E+05  0.1137911E+01
 -0.9965000E+05  0.1136352E+01
 -0.9960000E+05  0.1134795E+01
 -0.9955000E+05  0.1133241E+01
 -0.9950000E+05  0.1131688E+01
 -0.9945000E+05  0.1130138E+01
 -0.9940000E+05  0.1128590E+01
 -0.9935000E+05  0.1127044E+01
 -0.9930000E+05  0.1125500E+01
 -0.9925000E+05  0.1123958E+01
 -0.9920000E+05  0.1122418E+01
 -0.9915000E+05  0.1120881E+01
 -0.9910000E+05  0.1119345E+01
 -0.9905000E+05  0.1117812E+01
 -0.9900000E+05  0.1116281E+01
 -0.9895000E+05  0.1114752E+01
 -0.9890000E+05  0.1113225E+01
 -0.9885000E+05  0.1111700E+01
 -0.9880000E+05  0.1110177E+01
 -0.9875000E+05  0.1108656E+01
 -0.9870000E+05  0.1107137E+01
 -0.9865000E+05  0.1105621E+01
 -0.9860000E+05  0.1104106E+01
 -0.9855000E+05  0.1102593E+01
 -0.9850000E+05  0.1101083E+01
 -0.9845000E+05  0.1099575E+01
 -0.9840000E+05  0.1098068E+01
 -0.9835000E+05  0.1096564E+01
 -0.9830000E+05  0.1095061E+01
 -0.9825000E+05  0.1093561E+01
 -0.9820000E+05  0.1092063E+01
 -0.9815000E+05  0.1090567E+01
 -0.9810000E+05  0.1089073E+01
 -0.1024500E+06  0.1227108E+01
 -0.1024000E+06  0.1225424E+01
 -0.1023500E+06  0.1223742E+01
 -0.1023000E+06  0.1222063E+01
 -0.1022500E+06  0.1220386E+01
 -0.1022000E+06  0.1218711E+01
 -0.1021500E+06  0.1217039E+01
 -0.1021000E+06  0.1215369E+01
 -0.1020500E+06  0.1213702E+01
 -0.1020000E+06  0.1212037E+01
 -0.1019500E+06  0.1210375E+01
 -0.1019000E+06  0.1208715E+01
 -0.1018500E+06  0.1207057E+01
 -0.1018000E+06  0.1205402E+01
 -0.1017500E+06  0.1203749E+01
 -0.1017000E+06  0.1202098E+01
 -0.1016500E+06  0.1200450E+01
 -0.1016000E+06  0.1198804E+01
 -0.1015500E+06  0.1197161E+01
 -0.1015000E+06  0.1195520E+01
 -0.1014500E+06  0.1193881E+01
 -0.1014000E+06  0.1192244E+01
 -0.1013500E+06  0.1190610E+01
 -0.1013000E+06  0.1188978E+01
 -0.1012500E+06  0.1187348E+01
 -0.1012000E+06  0.1185721E+01
 -0.1011500E+06  0.1184095E+01
 -0.1011000E+06  0.1182472E+01
 -0.1010500E+06  0.1180852E+01
 -0.1010000E+06  0.1179233E+01
 -0.1009500E+06  0.1177617E+01
 -0.1009000E+06  0.1176003E+01
 -0.1008500E+06  0.1174392E+01
 -0.1008000E+06  0.1172782E+01
 -0.1007500E+06  0.1171175E+01
 -0.1007000E+06  0.1169570E+01
 -0.1006500E+06  0.1167967E+01
 -0.1006000E+06  0.1166367E+01
 -0.1005500E+06  0.1164768E+01
 -0.1005000E+06  0.1163172E+01
 -0.1004500E+06  0.1161578E+01
 -0.1004000E+06  0.1159987E+01
 -0.1003500E+06  0.1158397E+01
 -0.1003000E+06  0.1156810E+01
 -0.1002500E+06  0.1155224E+01
 -0.1002000E+06  0.1153641E+01
 -0.1001500E+06  0.1152060E+01
 -0.1001000E+06  0.1150481E+01
 -0.1000500E+06  0.1148905E+01
 -0.1000000E+06  0.1147330E+01
 -0.9995000E+05  0.1145758E+01
 -0.9990000E+05  0.1144188E+01
 -0.9985000E+05  0.1142620E+01
 -0.9980000E+05  0.1141054E+01
 -0.9975000E+05  0.1139490E+01
 -0.9970000E+05  0.1137928E+01
 -0.9965000E+05  0.1136369E+01
 -0.9960000E+05  0.1134811E+01
 -0.9955000E+05  0.1133256E+01
 -0.9950000E+05  0.1131703E+01
 -0.9945000E+05  0.1130151E+01
 -0.9940000E+05  0.1128602E+01
 -0.9935000E+05  0.1127056E+01
 -0.9930000E+05  0.1125511E+01
 -0.9925000E+05  0.1123968E+01
 -0.9920000E+05  0.1122427E+01
 -0.9915000E+05  0.1120889E+01
 -0.9910000E+05  0.1119352E+01
 -0.9905000E+05  0.1117818E+01
 -0.9900000E+05  0.1116286E+01
 -0.9895000E+05  0.1114756E+01
 -0.9890000E+05  0.1113228E+01
 -0.9885000E+05  0.1111702E+01
 -0.9880000E+05  0.1110178E+01
 -0.9875000E+05  0.1108656E+01
 -0.9870000E+05  0.1107136E+01
 -0.9865000E+05  0.1105618E+01
 -0.9860000E+05  0.1104103E+01
 -0.9855000E+05  0.1102589E+01
 -0.9850000E+05  0.1101078E+01
 -0.9845000E+05  0.1099568E+01
 -0.9840000E+05  0.1098061E+01
 -0.9835000E+05  0.1096556E+01
 -0.9830000E+05  0.1095052E+01
 -0.9825000E+05  0.1093551E+01
 -0.9820000E+05  0.1092052E+01
 -0.9815000E+05  0.1090555E+01
 -0.9810000E+05  0.1089060E+01
 -0.9805000E+05  0.1087567E+01
 -0.9800000E+05  0.1086076E+01
 -0.9795000E+05  0.1084588E+01
 -0.9790000E+05  0.1083101E+01
 -0.9785000E+05  0.1081616E+01
 -0.9780000E+05  0.1080134E+01
 -0.9775000E+05  0.1078653E+01
 -0.9770000E+05  0.1077175E+01
 -0.9765000E+05  0.1075698E+01
 -0.9760000E+05  0.1074224E+01
 -0.9755000E+05  0.1072752E+01
 -0.9750000E+05  0.1071282E+01
 -0.9745000E+05  0.1069814E+01
 -0.9740000E+05  0.1068347E+01
 -0.9735000E+05  0.1066883E+01
 -0.9730000E+05  0.1065421E+01
 -0.9725000E+05  0.1063961E+01
 -0.9720000E+05  0.1062504E+01
 -0.9715000E+05  0.1061048E+01
 -0.9710000E+05  0.1059594E+01
 -0.9705000E+05  0.1058142E+01
 -0.9700000E+05  0.1056693E+01
 -0.9695000E+05  0.1055245E+01
 -0.9690000E+05  0.1053800E+01
 -0.9685000E+05  0.1052356E+01
 -0.9680000E+05  0.1050915E+01
 -0.9675000E+05  0.1049475E+01
 -0.9670000E+05  0.1048038E+01
 -0.9665000E+05  0.1046603E+01
 -0.9660000E+05  0.1045169E+01
 -0.9655000E+05  0.1043738E+01
 -0.9650000E+05  0.1042309E+01
 -0.9645000E+05  0.1040882E+01
 -0.9640000E+05  0.1039457E+01
 -0.9635000E+05  0.1038034E+01
 -0.9630000E+05  0.1036613E+01
 -0.9625000E+05  0.1035194E+01
 -0.9620000E+05  0.1033777E+01
 -0.9615000E+05  0.1032362E+01
 -0.9610000E+05  0.1030950E+01
 -0.9605000E+05  0.1029539E+01
 -0.9600000E+05  0.1028130E+01
 -0.9595000E+05  0.1026723E+01
 -0.9590000E+05  0.1025319E+01
 -0.9585000E+05  0.1023916E+01
 -0.9580000E+05  0.1022516E+01
 -0.9575000E+05  0.1021117E+01
 -0.9570000E+05  0.1019721E+01
 -0.9565000E+05  0.1018326E+01
 -0.9560000E+05  0.1016934E+01
 -0.9555000E+05  0.1015543E+01
 -0.9550000E+05  0.1014155E+01
 -0.9545000E+05  0.1012768E+01
 -0.9540000E+05  0.1011384E+01
 -0.9535000E+05  0.1010002E+01
 -0.9530000E+05  0.1008621E+01
 -0.9525000E+05  0.1007243E+01
 -0.9520000E+05  0.1005867E+01
 -0.9515000E+05  0.1004493E+01
 -0.9510000E+05  0.1003120E+01
 -0.9505000E+05  0.1001750E+01
 -0.9500000E+05  0.1000382E+01
 -0.9495000E+05  0.9990154E+00
 -0.9490000E+05  0.9976511E+00
 -0.9485000E+05  0.9962888E+00
 -0.9480000E+05  0.9949285E+00
 -0.9475000E+05  0.9935702E+00
 -0.9470000E+05  0.9922138E+00
 -0.9465000E+05  0.9908595E+00
 -0.9460000E+05  0.9895071E+00
 -0.9455000E+05  0.9881567E+00
 -0.9450000E+05  0.9868083E+00
 -0.9445000E+05  0.9854618E+00
 -0.9440000E+05  0.9841173E+00
 -0.9435000E+05  0.9827748E+00
 -0.9430000E+05  0.9814342E+00
 -0.9425000E+05  0.9800956E+00
 -0.9420000E+05  0.9787590E+00
 -0.9415000E+05  0.9774242E+00
 -0.9410000E+05  0.9760915E+00
 -0.9405000E+05  0.9747607E+00
 -0.9400000E+05  0.9734318E+00
 -0.9395000E+05  0.9721048E+00
 -0.9390000E+05  0.9707798E+00
 -0.9385000E+05  0.9694567E+00
 -0.9380000E+05  0.9681355E+00
 -0.9375000E+05  0.9668163E+00
 -0.9370000E+05  0.9654990E+00
 -0.9365000E+05  0.9641835E+00
 -0.9360000E+05  0.9628700E+00
 -0.9355000E+05  0.9615584E+00
 -0.9350000E+05  0.9602487E+00
 -0.9345000E+05  0.9589409E+00
 -0.9340000E+05  0.9576349E+00
 -0.9335000E+05  0.9563309E+00
 -0.9330000E+05  0.9550288E+00
 -0.9325000E+05  0.9537285E+00
 -0.9320000E+05  0.9524301E+00
 -0.9315000E+05  0.9511336E+00
 -0.9310000E+05  0.9498389E+00
 -0.9305000E+05  0.9485461E+00
 -0.9300000E+05  0.9472551E+00
 -0.9295000E+05  0.9459661E+00
 -0.9290000E+05  0.9446788E+00
 -0.9285000E+05  0.9433934E+00
 -0.9280000E+05  0.9421099E+00
 -0.9275000E+05  0.9408282E+00
 -0.9270000E+05  0.9395483E+00
 -0.9265000E+05  0.9382702E+00
 -0.9260000E+05  0.9369940E+00
 -0.9255000E+05  0.9357196E+00
 -0.9250000E+05  0.9344470E+00
 -0.9245000E+05  0.9331763E+00
 -0.9240000E+05  0.9319073E+00
 -0.9235000E+05  0.9306401E+00
 -0.9230000E+05  0.9293748E+00
 -0.9225000E+05  0.9281112E+00
 -0.9805000E+05  0.1087567E+01
 -0.9800000E+05  0.1086076E+01
 -0.9795000E+05  0.1084588E+01
 -0.9790000E+05  0.1083101E+01
 -0.9785000E+05  0.1081616E+01
 -0.9780000E+05  0.1080134E+01
 -0.9775000E+05  0.1078653E+01
 -0.9770000E+05  0.1077175E+01
 -0.9765000E+05  0.1075698E+01
 -0.9760000E+05  0.1074224E+01
 -0.9755000E+05  0.1072752E+01
 -0.9750000E+05  0.1071282E+01
 -0.9745000E+05  0.1069814E+01
 -0.9740000E+05  0.1068347E+01
 -0.9735000E+05  0.1066883E+01
 -0.9730000E+05  0.1065421E+01
 -0.9725000E+05  0.1063961E+01
 -0.9720000E+05  0.1062504E+01
 -0.9715000E+05  0.1061048E+01
 -0.9710000E+05  0.1059594E+01
 -0.9705000E+05  0.1058142E+01
 -0.9700000E+05  0.1056693E+01
 -0.9695000E+05  0.1055245E+01
 -0.9690000E+05  0.1053800E+01
 -0.9685000E+05  0.1052356E+01
 -0.9680000E+05  0.1050915E+01
 -0.9675000E+05  0.1049475E+01
 -0.9670000E+05  0.1048038E+01
 -0.9665000E+05  0.1046603E+01
 -0.9660000E+05  0.1045169E+01
 -0.9655000E+05  0.1043738E+01
 -0.9650000E+05  0.1042309E+01
 -0.9645000E+05  0.1040882E+01
 -0.9640000E+05  0.1039457E+01
 -0.9635000E+05  0.1038034E+01
 -0.9630000E+05  0.1036613E+01
 -0.9625000E+05  0.1035194E+01
 -0.9620000E+05  0.1033777E+01
 -0.9615000E+05  0.1032362E+01
 -0.9610000E+05  0.1030950E+01
 -0.9605000E+05  0.1029539E+01
 -0.9600000E+05  0.1028130E+01
 -0.9595000E+05  0.1026723E+01
 -0.9590000E+05  0.1025319E+01
 -0.9585000E+05  0.1023916E+01
 -0.9580000E+05  0.1022516E+01
 -0.9575000E+05  0.1021117E+01
 -0.9570000E+05  0.1019721E+01
 -0.9565000E+05  0.1018326E+01
 -0.9560000E+05  0.1016934E+01
 -0.9555000E+05  0.1015543E+01
 -0.9550000E+05  0.1014155E+01
 -0.9545000E+05  0.1012768E+01
 -0.9540000E+05  0.1011384E+01
 -0.9535000E+05  0.1010002E+01
 -0.9530000E+05  0.1008621E+01
 -0.9525000E+05  0.1007243E+01
 -0.9520000E+05  0.1005867E+01
 -0.9515000E+05  0.1004493E+01
 -0.9510000E+05  0.1003120E+01
 -0.9505000E+05  0.1001750E+01
 -0.9500000E+05  0.1000382E+01
 -0.9495000E+05  0.9990154E+00
 -0.9490000E+05  0.9976511E+00
 -0.9485000E+05  0.9962888E+00
 -0.9480000E+05  0.9949285E+00
 -0.9475000E+05  0.9935702E+00
 -0.9470000E+05  0.9922138E+00
 -0.9465000E+05  0.9908595E+00
 -0.9460000E+05  0.9895071E+00
 -0.9455000E+05  0.9881567E+00
 -0.9450000E+05  0.9868083E+00
 -0.9445000E+05  0.9854618E+00
 -0.9440000E+05  0.9841173E+00
 -0.9435000E+05  0.9827748E+00
 -0.9430000E+05  0.9814342E+00
 -0.9425000E+05  0.9800956E+00
 -0.9420000E+05  0.9787590E+00
 -0.9415000E+05  0.9774242E+00
 -0.9410000E+05  0.9760915E+00
 -0.9405000E+05  0.9747607E+00
 -0.9400000E+05  0.9734318E+00
 -0.9395000E+05  0.9721048E+00
 -0.9390000E+05  0.9707798E+00
 -0.9385000E+05  0.9694567E+00
 -0.9380000E+05  0.9681355E+00
 -0.9375000E+05  0.9668163E+00
 -0.9370000E+05  0.9654990E+00
 -0.9365000E+05  0.9641835E+00
 -0.9360000E+05  0.9628700E+00
 -0.9355000E+05  0.9615584E+00
 -0.9350000E+05  0.9602487E+00
 -0.9345000E+05  0.9589409E+00
 -0.9340000E+05  0.9576349E+00
 -0.9335000E+05  0.9563309E+00
 -0.9330000E+05  0.9550288E+00
 -0.9325000E+05  0.9537285E+00
 -0.9320000E+05  0.9524301E+00
 -0.9315000E+05  0.9511336E+00
 -0.9310000E+05  0.9498389E+00
 -0.9305000E+05  0.9485461E+00
 -0.9300000E+05  0.9472551E+00
 -0.9295000E+05  0.9459661E+00
 -0.9290000E+05  0.9446788E+00
 -0.9285000E+05  0.9433934E+00
 -0.9280000E+05  0.9421099E+00
 -0.9275000E+05  0.9408282E+00
 -0.9270000E+05  0.9395483E+00
 -0.9265000E+05  0.9382702E+00
 -0.9260000E+05  0.9369940E+00
 -0.9255000E+05  0.9357196E+00
 -0.9250000E+05  0.9344470E+00
 -0.9245000E+05  0.9331763E+00
 -0.9240000E+05  0.9319073E+00
 -0.9235000E+05  0.9306401E+00
 -0.9230000E+05  0.9293748E+00
 -0.9225000E+05  0.9281112E+00
 -0.9220000E+05  0.9268495E+00
 -0.9215000E+05  0.9255895E+00
 -0.9210000E+05  0.9243313E+00
 -0.9205000E+05  0.9230749E+00
 -0.9200000E+05  0.9218203E+00
 -0.9195000E+05  0.9205674E+00
 -0.9190000E+05  0.9193164E+00
 -0.9185000E+05  0.9180671E+00
 -0.9180000E+05  0.9168195E+00
 -0.9175000E+05  0.9155737E+00
 -0.9170000E+05  0.9143297E+00
 -0.9165000E+05  0.9130874E+00
 -0.9160000E+05  0.9118469E+00
 -0.9155000E+05  0.9106082E+00
 -0.9150000E+05  0.9093711E+00
 -0.9145000E+05  0.9081359E+00
 -0.9140000E+05  0.9069023E+00
 -0.9135000E+05  0.9056705E+00
 -0.9130000E+05  0.9044405E+00
 -0.9125000E+05  0.9032122E+00
 -0.9120000E+05  0.9019856E+00
 -0.9115000E+05  0.9007607E+00
 -0.9110000E+05  0.8995375E+00
 -0.9105000E+05  0.8983161E+00
 -0.9100000E+05  0.8970964E+00
 -0.9095000E+05  0.8958784E+00
 -0.9090000E+05  0.8946622E+00
 -0.9085000E+05  0.8934477E+00
 -0.9080000E+05  0.8922348E+00
 -0.9075000E+05  0.8910237E+00
 -0.9070000E+05  0.8898143E+00
 -0.9065000E+05  0.8886066E+00
 -0.9060000E+05  0.8874006E+00
 -0.9055000E+05  0.8861964E+00
 -0.9050000E+05  0.8849938E+00
 -0.9045000E+05  0.8837930E+00
 -0.9040000E+05  0.8825938E+00
 -0.9035000E+05  0.8813964E+00
 -0.9030000E+05  0.8802006E+00
 -0.9025000E+05  0.8790066E+00
 -0.9020000E+05  0.8778142E+00
 -0.9015000E+05  0.8766236E+00
 -0.9010000E+05  0.8754347E+00
 -0.9005000E+05  0.8742475E+00
 -0.9000000E+05  0.8730620E+00
 -0.8995000E+05  0.8718782E+00
 -0.8990000E+05  0.8706961E+00
 -0.8985000E+05  0.8695157E+00
 -0.8980000E+05  0.8683370E+00
 -0.8975000E+05  0.8671600E+00
 -0.8970000E+05  0.8659847E+00
 -0.8965000E+05  0.8648112E+00
 -0.8960000E+05  0.8636393E+00
 -0.8955000E+05  0.8624692E+00
 -0.8950000E+05  0.8613007E+00
 -0.8945000E+05  0.8601340E+00
 -0.8940000E+05  0.8589690E+00
 -0.8935000E+05  0.8578057E+00
 -0.8930000E+05  0.8566442E+00
 -0.8925000E+05  0.8554843E+00
 -0.8920000E+05  0.8543262E+00
 -0.8915000E+05  0.8531698E+00
 -0.8910000E+05  0.8520151E+00
 -0.8905000E+05  0.8508622E+00
 -0.8900000E+05  0.8497109E+00
 -0.8895000E+05  0.8485615E+00
 -0.8890000E+05  0.8474137E+00
 -0.8885000E+05  0.8462677E+00
 -0.8880000E+05  0.8451234E+00
 -0.8875000E+05  0.8439809E+00
 -0.8870000E+05  0.8428401E+00
 -0.8865000E+05  0.8417010E+00
 -0.8860000E+05  0.8405637E+00
 -0.8855000E+05  0.8394281E+00
 -0.8850000E+05  0.8382943E+00
 -0.8845000E+05  0.8371622E+00
 -0.8840000E+05  0.8360319E+00
 -0.8835000E+05  0.8349034E+00
 -0.8830000E+05  0.8337766E+00
 -0.8825000E+05  0.8326515E+00
 -0.8820000E+05  0.8315282E+00
 -0.8815000E+05  0.8304067E+00
 -0.8810000E+05  0.8292870E+00
 -0.8805000E+05  0.8281690E+00
 -0.8800000E+05  0.8270528E+00
 -0.8795000E+05  0.8259383E+00
 -0.8790000E+05  0.8248256E+00
 -0.8785000E+05  0.8237147E+00
 -0.8780000E+05  0.8226055E+00
 -0.8775000E+05  0.8214982E+00
 -0.8770000E+05  0.8203926E+00
 -0.8765000E+05  0.8192887E+00
 -0.8760000E+05  0.8181866E+00
 -0.8755000E+05  0.8170863E+00
 -0.8750000E+05  0.8159878E+00
 -0.8745000E+05  0.8148911E+00
 -0.8740000E+05  0.8137961E+00
 -0.8735000E+05  0.8127028E+00
 -0.8730000E+05  0.8116113E+00
 -0.8725000E+05  0.8105216E+00
 -0.8720000E+05  0.8094337E+00
 -0.8715000E+05  0.8083475E+00
 -0.8710000E+05  0.8072630E+00
 -0.8705000E+05  0.8061803E+00
 -0.8700000E+05  0.8050993E+00
 -0.8695000E+05  0.8040201E+00
 -0.8690000E+05  0.8029426E+00
 -0.8685000E+05  0.8018668E+00
 -0.8680000E+05  0.8007927E+00
 -0.8675000E+05  0.7997204E+00
 -0.8670000E+05  0.7986497E+00
 -0.8665000E+05  0.7975807E+00
 -0.8660000E+05  0.7965134E+00
 -0.8655000E+05  0.7954478E+00
 -0.8650000E+05  0.7943839E+00
 -0.8645000E+05  0.7933216E+00
 -0.8640000E+05  0.7922609E+00
 -0.8635000E+05  0.7912018E+00
