 -0.1127200E+06  0.1627079E+01
 -0.1126700E+06  0.1624851E+01
 -0.1126200E+06  0.1622626E+01
 -0.1125700E+06  0.1620404E+01
 -0.1125200E+06  0.1618184E+01
 -0.1124700E+06  0.1615967E+01
 -0.1124200E+06  0.1613754E+01
 -0.1123700E+06  0.1611543E+01
 -0.1123200E+06  0.1609335E+01
 -0.1122700E+06  0.1607130E+01
 -0.1122200E+06  0.1604928E+01
 -0.1121700E+06  0.1602729E+01
 -0.1121200E+06  0.1600532E+01
 -0.1120700E+06  0.1598339E+01
 -0.1120200E+06  0.1596149E+01
 -0.1119700E+06  0.1593961E+01
 -0.1119200E+06  0.1591776E+01
 -0.1118700E+06  0.1589595E+01
 -0.1118200E+06  0.1587416E+01
 -0.1117700E+06  0.1585240E+01
 -0.1117200E+06  0.1583067E+01
 -0.1116700E+06  0.1580897E+01
 -0.1116200E+06  0.1578730E+01
 -0.1115700E+06  0.1576566E+01
 -0.1115200E+06  0.1574405E+01
 -0.1114700E+06  0.1572246E+01
 -0.1114200E+06  0.1570091E+01
 -0.1113700E+06  0.1567939E+01
 -0.1113200E+06  0.1565789E+01
 -0.1112700E+06  0.1563643E+01
 -0.1112200E+06  0.1561500E+01
 -0.1111700E+06  0.1559359E+01
 -0.1111200E+06  0.1557221E+01
 -0.1110700E+06  0.1555086E+01
 -0.1110200E+06  0.1552954E+01
 -0.1109700E+06  0.1550825E+01
 -0.1109200E+06  0.1548699E+01
 -0.1108700E+06  0.1546576E+01
 -0.1108200E+06  0.1544456E+01
 -0.1107700E+06  0.1542338E+01
 -0.1107200E+06  0.1540224E+01
 -0.1106700E+06  0.1538112E+01
 -0.1106200E+06  0.1536004E+01
 -0.1105700E+06  0.1533898E+01
 -0.1105200E+06  0.1531795E+01
 -0.1104700E+06  0.1529695E+01
 -0.1104200E+06  0.1527598E+01
 -0.1103700E+06  0.1525504E+01
 -0.1103200E+06  0.1523412E+01
 -0.1102700E+06  0.1521323E+01
 -0.1102200E+06  0.1519238E+01
 -0.1101700E+06  0.1517155E+01
 -0.1101200E+06  0.1515075E+01
 -0.1100700E+06  0.1512998E+01
 -0.1100200E+06  0.1510923E+01
 -0.1099700E+06  0.1508851E+01
 -0.1099200E+06  0.1506783E+01
 -0.1098700E+06  0.1504717E+01
 -0.1098200E+06  0.1502654E+01
 -0.1097700E+06  0.1500593E+01
 -0.1097200E+06  0.1498536E+01
 -0.1096700E+06  0.1496481E+01
 -0.1096200E+06  0.1494429E+01
 -0.1095700E+06  0.1492380E+01
 -0.1095200E+06  0.1490333E+01
 -0.1094700E+06  0.1488290E+01
 -0.1094200E+06  0.1486249E+01
 -0.1093700E+06  0.1484210E+01
 -0.1093200E+06  0.1482175E+01
 -0.1092700E+06  0.1480142E+01
 -0.1092200E+06  0.1478112E+01
 -0.1091700E+06  0.1476085E+01
 -0.1091200E+06  0.1474060E+01
 -0.1090700E+06  0.1472038E+01
 -0.1090200E+06  0.1470020E+01
 -0.1089700E+06  0.1468003E+01
 -0.1089200E+06  0.1465989E+01
 -0.1088700E+06  0.1463978E+01
 -0.1088200E+06  0.1461970E+01
 -0.1087700E+06  0.1459964E+01
 -0.1087200E+06  0.1457961E+01
 -0.1086700E+06  0.1455961E+01
 -0.1086200E+06  0.1453963E+01
 -0.1085700E+06  0.1451968E+01
 -0.1085200E+06  0.1449976E+01
 -0.1084700E+06  0.1447986E+01
 -0.1084200E+06  0.1445999E+01
 -0.1083700E+06  0.1444015E+01
 -0.1083200E+06  0.1442033E+01
 -0.1082700E+06  0.1440055E+01
 -0.1082200E+06  0.1438078E+01
 -0.1081700E+06  0.1436104E+01
 -0.1081200E+06  0.1434133E+01
 -0.1080700E+06  0.1432165E+01
 -0.1080200E+06  0.1430199E+01
 -0.1079700E+06  0.1428236E+01
 -0.1079200E+06  0.1426275E+01
 -0.1078700E+06  0.1424317E+01
 -0.1078200E+06  0.1422362E+01
 -0.1077700E+06  0.1420410E+01
 -0.1077200E+06  0.1418460E+01
 -0.1076700E+06  0.1416512E+01
 -0.1076200E+06  0.1414568E+01
 -0.1075700E+06  0.1412625E+01
 -0.1075200E+06  0.1410686E+01
 -0.1074700E+06  0.1408749E+01
 -0.1074200E+06  0.1406815E+01
 -0.1073700E+06  0.1404883E+01
 -0.1073200E+06  0.1402954E+01
 -0.1072700E+06  0.1401028E+01
 -0.1072200E+06  0.1399104E+01
 -0.1071700E+06  0.1397183E+01
 -0.1071200E+06  0.1395264E+01
 -0.1070700E+06  0.1393348E+01
 -0.1070200E+06  0.1391435E+01
 -0.1069700E+06  0.1389524E+01
 -0.1069200E+06  0.1387616E+01
 -0.1068700E+06  0.1385711E+01
