 -0.1097900E+06  0.1501418E+01
 -0.1097400E+06  0.1499359E+01
 -0.1096900E+06  0.1497303E+01
 -0.1096400E+06  0.1495249E+01
 -0.1095900E+06  0.1493198E+01
 -0.1095400E+06  0.1491150E+01
 -0.1094900E+06  0.1489105E+01
 -0.1094400E+06  0.1487062E+01
 -0.1093900E+06  0.1485023E+01
 -0.1093400E+06  0.1482986E+01
 -0.1092900E+06  0.1480951E+01
 -0.1092400E+06  0.1478920E+01
 -0.1091900E+06  0.1476891E+01
 -0.1091400E+06  0.1474865E+01
 -0.1090900E+06  0.1472842E+01
 -0.1090400E+06  0.1470821E+01
 -0.1089900E+06  0.1468803E+01
 -0.1089400E+06  0.1466788E+01
 -0.1088900E+06  0.1464776E+01
 -0.1088400E+06  0.1462766E+01
 -0.1087900E+06  0.1460759E+01
 -0.1087400E+06  0.1458755E+01
 -0.1086900E+06  0.1456754E+01
 -0.1086400E+06  0.1454755E+01
 -0.1085900E+06  0.1452759E+01
 -0.1085400E+06  0.1450766E+01
 -0.1084900E+06  0.1448775E+01
 -0.1084400E+06  0.1446787E+01
 -0.1083900E+06  0.1444802E+01
 -0.1083400E+06  0.1442819E+01
 -0.1082900E+06  0.1440839E+01
 -0.1082400E+06  0.1438862E+01
 -0.1081900E+06  0.1436888E+01
 -0.1081400E+06  0.1434916E+01
 -0.1080900E+06  0.1432947E+01
 -0.1080400E+06  0.1430981E+01
 -0.1079900E+06  0.1429017E+01
 -0.1079400E+06  0.1427056E+01
 -0.1078900E+06  0.1425097E+01
 -0.1078400E+06  0.1423141E+01
 -0.1077900E+06  0.1421188E+01
 -0.1077400E+06  0.1419238E+01
 -0.1076900E+06  0.1417290E+01
 -0.1076400E+06  0.1415345E+01
 -0.1075900E+06  0.1413402E+01
 -0.1075400E+06  0.1411462E+01
 -0.1074900E+06  0.1409525E+01
 -0.1074400E+06  0.1407590E+01
 -0.1073900E+06  0.1405658E+01
 -0.1073400E+06  0.1403729E+01
 -0.1072900E+06  0.1401802E+01
 -0.1072400E+06  0.1399878E+01
 -0.1071900E+06  0.1397956E+01
 -0.1071400E+06  0.1396037E+01
 -0.1070900E+06  0.1394121E+01
 -0.1070400E+06  0.1392207E+01
 -0.1069900E+06  0.1390296E+01
 -0.1069400E+06  0.1388387E+01
 -0.1068900E+06  0.1386481E+01
 -0.1068400E+06  0.1384577E+01
 -0.1067900E+06  0.1382676E+01
 -0.1067400E+06  0.1380778E+01
 -0.1066900E+06  0.1378882E+01
 -0.1066400E+06  0.1376989E+01
 -0.1065900E+06  0.1375098E+01
 -0.1065400E+06  0.1373210E+01
 -0.1064900E+06  0.1371325E+01
 -0.1064400E+06  0.1369442E+01
 -0.1063900E+06  0.1367561E+01
 -0.1063400E+06  0.1365683E+01
 -0.1062900E+06  0.1363808E+01
 -0.1062400E+06  0.1361935E+01
 -0.1061900E+06  0.1360064E+01
 -0.1061400E+06  0.1358196E+01
 -0.1060900E+06  0.1356331E+01
 -0.1060400E+06  0.1354468E+01
 -0.1059900E+06  0.1352608E+01
 -0.1059400E+06  0.1350750E+01
 -0.1058900E+06  0.1348895E+01
 -0.1058400E+06  0.1347042E+01
 -0.1057900E+06  0.1345192E+01
 -0.1057400E+06  0.1343344E+01
 -0.1056900E+06  0.1341498E+01
 -0.1056400E+06  0.1339656E+01
 -0.1055900E+06  0.1337815E+01
 -0.1055400E+06  0.1335977E+01
 -0.1054900E+06  0.1334142E+01
 -0.1054400E+06  0.1332309E+01
 -0.1053900E+06  0.1330478E+01
 -0.1053400E+06  0.1328650E+01
 -0.1052900E+06  0.1326825E+01
 -0.1052400E+06  0.1325002E+01
 -0.1051900E+06  0.1323181E+01
 -0.1051400E+06  0.1321363E+01
 -0.1050900E+06  0.1319547E+01
 -0.1050400E+06  0.1317734E+01
 -0.1049900E+06  0.1315923E+01
 -0.1049400E+06  0.1314115E+01
 -0.1048900E+06  0.1312309E+01
 -0.1048400E+06  0.1310506E+01
 -0.1047900E+06  0.1308705E+01
 -0.1047400E+06  0.1306906E+01
 -0.1046900E+06  0.1305110E+01
 -0.1046400E+06  0.1303317E+01
 -0.1045900E+06  0.1301525E+01
 -0.1045400E+06  0.1299737E+01
 -0.1044900E+06  0.1297950E+01
 -0.1044400E+06  0.1296166E+01
 -0.1043900E+06  0.1294385E+01
 -0.1043400E+06  0.1292606E+01
 -0.1042900E+06  0.1290829E+01
 -0.1042400E+06  0.1289055E+01
 -0.1041900E+06  0.1287283E+01
 -0.1041400E+06  0.1285514E+01
 -0.1040900E+06  0.1283747E+01
 -0.1040400E+06  0.1281983E+01
 -0.1039900E+06  0.1280221E+01
 -0.1039400E+06  0.1278461E+01
 -0.1038900E+06  0.1276704E+01
 -0.1038400E+06  0.1274949E+01
 -0.1037900E+06  0.1273197E+01
 -0.1037400E+06  0.1271447E+01
 -0.1036900E+06  0.1269699E+01
 -0.1036400E+06  0.1267954E+01
 -0.1035900E+06  0.1266211E+01
 -0.1035400E+06  0.1264471E+01
 -0.1034900E+06  0.1262733E+01
 -0.1034400E+06  0.1260998E+01
 -0.1033900E+06  0.1259265E+01
 -0.1033400E+06  0.1257534E+01
 -0.1032900E+06  0.1255806E+01
 -0.1032400E+06  0.1254080E+01
 -0.1031900E+06  0.1252357E+01
 -0.1031400E+06  0.1250636E+01
 -0.1030900E+06  0.1248917E+01
 -0.1030400E+06  0.1247201E+01
 -0.1029900E+06  0.1245487E+01
 -0.1029400E+06  0.1243776E+01
 -0.1028900E+06  0.1242067E+01
 -0.1028400E+06  0.1240361E+01
 -0.1027900E+06  0.1238657E+01
 -0.1027400E+06  0.1236955E+01
 -0.1026900E+06  0.1235256E+01
 -0.1026400E+06  0.1233559E+01
 -0.1025900E+06  0.1231864E+01
 -0.1025400E+06  0.1230172E+01
 -0.1024900E+06  0.1228482E+01
