 -0.1068600E+06  0.1385336E+01
 -0.1068100E+06  0.1383434E+01
 -0.1067600E+06  0.1381535E+01
 -0.1067100E+06  0.1379638E+01
 -0.1066600E+06  0.1377744E+01
 -0.1066100E+06  0.1375852E+01
 -0.1065600E+06  0.1373963E+01
 -0.1065100E+06  0.1372076E+01
 -0.1064600E+06  0.1370192E+01
 -0.1064100E+06  0.1368311E+01
 -0.1063600E+06  0.1366432E+01
 -0.1063100E+06  0.1364555E+01
 -0.1062600E+06  0.1362682E+01
 -0.1062100E+06  0.1360810E+01
 -0.1061600E+06  0.1358941E+01
 -0.1061100E+06  0.1357075E+01
 -0.1060600E+06  0.1355211E+01
 -0.1060100E+06  0.1353350E+01
 -0.1059600E+06  0.1351491E+01
 -0.1059100E+06  0.1349634E+01
 -0.1058600E+06  0.1347781E+01
 -0.1058100E+06  0.1345929E+01
 -0.1057600E+06  0.1344080E+01
 -0.1057100E+06  0.1342234E+01
 -0.1056600E+06  0.1340390E+01
 -0.1056100E+06  0.1338549E+01
 -0.1055600E+06  0.1336710E+01
 -0.1055100E+06  0.1334873E+01
 -0.1054600E+06  0.1333039E+01
 -0.1054100E+06  0.1331208E+01
 -0.1053600E+06  0.1329379E+01
 -0.1053100E+06  0.1327552E+01
 -0.1052600E+06  0.1325728E+01
 -0.1052100E+06  0.1323907E+01
 -0.1051600E+06  0.1322088E+01
 -0.1051100E+06  0.1320271E+01
 -0.1050600E+06  0.1318457E+01
 -0.1050100E+06  0.1316645E+01
 -0.1049600E+06  0.1314836E+01
 -0.1049100E+06  0.1313029E+01
 -0.1048600E+06  0.1311224E+01
 -0.1048100E+06  0.1309422E+01
 -0.1047600E+06  0.1307623E+01
 -0.1047100E+06  0.1305826E+01
 -0.1046600E+06  0.1304031E+01
 -0.1046100E+06  0.1302239E+01
 -0.1045600E+06  0.1300449E+01
 -0.1045100E+06  0.1298662E+01
 -0.1044600E+06  0.1296877E+01
 -0.1044100E+06  0.1295095E+01
 -0.1043600E+06  0.1293315E+01
 -0.1043100E+06  0.1291538E+01
 -0.1042600E+06  0.1289762E+01
 -0.1042100E+06  0.1287990E+01
 -0.1041600E+06  0.1286220E+01
 -0.1041100E+06  0.1284452E+01
 -0.1040600E+06  0.1282687E+01
 -0.1040100E+06  0.1280924E+01
 -0.1039600E+06  0.1279163E+01
 -0.1039100E+06  0.1277405E+01
 -0.1038600E+06  0.1275650E+01
 -0.1038100E+06  0.1273897E+01
 -0.1037600E+06  0.1272146E+01
 -0.1037100E+06  0.1270398E+01
 -0.1036600E+06  0.1268652E+01
 -0.1036100E+06  0.1266908E+01
 -0.1035600E+06  0.1265167E+01
 -0.1035100E+06  0.1263429E+01
 -0.1034600E+06  0.1261693E+01
 -0.1034100E+06  0.1259959E+01
 -0.1033600E+06  0.1258227E+01
 -0.1033100E+06  0.1256499E+01
 -0.1032600E+06  0.1254772E+01
 -0.1032100E+06  0.1253048E+01
 -0.1031600E+06  0.1251326E+01
 -0.1031100E+06  0.1249607E+01
 -0.1030600E+06  0.1247890E+01
 -0.1030100E+06  0.1246176E+01
 -0.1029600E+06  0.1244464E+01
 -0.1029100E+06  0.1242754E+01
 -0.1028600E+06  0.1241047E+01
 -0.1028100E+06  0.1239342E+01
 -0.1027600E+06  0.1237640E+01
 -0.1027100E+06  0.1235940E+01
 -0.1026600E+06  0.1234242E+01
 -0.1026100E+06  0.1232547E+01
 -0.1025600E+06  0.1230854E+01
 -0.1025100E+06  0.1229164E+01
 -0.1024600E+06  0.1227475E+01
 -0.1024100E+06  0.1225790E+01
 -0.1023600E+06  0.1224107E+01
 -0.1023100E+06  0.1222426E+01
 -0.1022600E+06  0.1220747E+01
 -0.1022100E+06  0.1219071E+01
 -0.1021600E+06  0.1217397E+01
 -0.1021100E+06  0.1215726E+01
 -0.1020600E+06  0.1214057E+01
 -0.1020100E+06  0.1212390E+01
 -0.1019600E+06  0.1210726E+01
 -0.1019100E+06  0.1209064E+01
 -0.1018600E+06  0.1207404E+01
 -0.1018100E+06  0.1205747E+01
 -0.1017600E+06  0.1204092E+01
 -0.1017100E+06  0.1202440E+01
 -0.1016600E+06  0.1200790E+01
 -0.1016100E+06  0.1199142E+01
 -0.1015600E+06  0.1197496E+01
 -0.1015100E+06  0.1195853E+01
 -0.1014600E+06  0.1194212E+01
 -0.1014100E+06  0.1192574E+01
 -0.1013600E+06  0.1190938E+01
 -0.1013100E+06  0.1189304E+01
 -0.1012600E+06  0.1187672E+01
 -0.1012100E+06  0.1186043E+01
 -0.1011600E+06  0.1184416E+01
 -0.1011100E+06  0.1182791E+01
 -0.1010600E+06  0.1181169E+01
 -0.1010100E+06  0.1179549E+01
 -0.1009600E+06  0.1177931E+01
 -0.1009100E+06  0.1176316E+01
 -0.1008600E+06  0.1174703E+01
 -0.1008100E+06  0.1173092E+01
 -0.1007600E+06  0.1171483E+01
 -0.1007100E+06  0.1169877E+01
 -0.1006600E+06  0.1168273E+01
 -0.1006100E+06  0.1166671E+01
 -0.1005600E+06  0.1165072E+01
 -0.1005100E+06  0.1163474E+01
 -0.1004600E+06  0.1161879E+01
 -0.1004100E+06  0.1160286E+01
 -0.1003600E+06  0.1158696E+01
 -0.1003100E+06  0.1157108E+01
 -0.1002600E+06  0.1155522E+01
 -0.1002100E+06  0.1153938E+01
 -0.1001600E+06  0.1152356E+01
 -0.1001100E+06  0.1150777E+01
 -0.1000600E+06  0.1149199E+01
 -0.1000100E+06  0.1147624E+01
 -0.9996000E+05  0.1146052E+01
 -0.9991000E+05  0.1144481E+01
 -0.9986000E+05  0.1142913E+01
 -0.9981000E+05  0.1141346E+01
 -0.9976000E+05  0.1139782E+01
 -0.9971000E+05  0.1138220E+01
 -0.9966000E+05  0.1136661E+01
 -0.9961000E+05  0.1135103E+01
 -0.9956000E+05  0.1133548E+01
 -0.9951000E+05  0.1131995E+01
 -0.9946000E+05  0.1130444E+01
 -0.9941000E+05  0.1128895E+01
 -0.9936000E+05  0.1127348E+01
 -0.9931000E+05  0.1125803E+01
 -0.9926000E+05  0.1124261E+01
 -0.9921000E+05  0.1122720E+01
 -0.9916000E+05  0.1121182E+01
 -0.9911000E+05  0.1119646E+01
 -0.9906000E+05  0.1118112E+01
 -0.9901000E+05  0.1116580E+01
 -0.9896000E+05  0.1115050E+01
 -0.9891000E+05  0.1113523E+01
 -0.9886000E+05  0.1111997E+01
 -0.9881000E+05  0.1110474E+01
 -0.9876000E+05  0.1108952E+01
 -0.9871000E+05  0.1107433E+01
 -0.9866000E+05  0.1105916E+01
 -0.9861000E+05  0.1104401E+01
 -0.9856000E+05  0.1102888E+01
 -0.9851000E+05  0.1101377E+01
 -0.9846000E+05  0.1099868E+01
 -0.9841000E+05  0.1098361E+01
 -0.9836000E+05  0.1096856E+01
 -0.9831000E+05  0.1095353E+01
 -0.9826000E+05  0.1093853E+01
 -0.9821000E+05  0.1092354E+01
 -0.9816000E+05  0.1090857E+01
 -0.9811000E+05  0.1089363E+01
