 -0.1024650E+06  0.1227641E+01
 -0.1024150E+06  0.1225955E+01
 -0.1023650E+06  0.1224273E+01
 -0.1023150E+06  0.1222592E+01
 -0.1022650E+06  0.1220914E+01
 -0.1022150E+06  0.1219238E+01
 -0.1021650E+06  0.1217565E+01
 -0.1021150E+06  0.1215894E+01
 -0.1020650E+06  0.1214226E+01
 -0.1020150E+06  0.1212559E+01
 -0.1019650E+06  0.1210895E+01
 -0.1019150E+06  0.1209234E+01
 -0.1018650E+06  0.1207575E+01
 -0.1018150E+06  0.1205918E+01
 -0.1017650E+06  0.1204263E+01
 -0.1017150E+06  0.1202611E+01
 -0.1016650E+06  0.1200961E+01
 -0.1016150E+06  0.1199314E+01
 -0.1015650E+06  0.1197669E+01
 -0.1015150E+06  0.1196026E+01
 -0.1014650E+06  0.1194385E+01
 -0.1014150E+06  0.1192747E+01
 -0.1013650E+06  0.1191111E+01
 -0.1013150E+06  0.1189477E+01
 -0.1012650E+06  0.1187846E+01
 -0.1012150E+06  0.1186216E+01
 -0.1011650E+06  0.1184589E+01
 -0.1011150E+06  0.1182965E+01
 -0.1010650E+06  0.1181343E+01
 -0.1010150E+06  0.1179722E+01
 -0.1009650E+06  0.1178105E+01
 -0.1009150E+06  0.1176489E+01
 -0.1008650E+06  0.1174876E+01
 -0.1008150E+06  0.1173265E+01
 -0.1007650E+06  0.1171656E+01
 -0.1007150E+06  0.1170049E+01
 -0.1006650E+06  0.1168445E+01
 -0.1006150E+06  0.1166843E+01
 -0.1005650E+06  0.1165243E+01
 -0.1005150E+06  0.1163645E+01
 -0.1004650E+06  0.1162050E+01
 -0.1004150E+06  0.1160456E+01
 -0.1003650E+06  0.1158865E+01
 -0.1003150E+06  0.1157277E+01
 -0.1002650E+06  0.1155690E+01
 -0.1002150E+06  0.1154105E+01
 -0.1001650E+06  0.1152523E+01
 -0.1001150E+06  0.1150943E+01
 -0.1000650E+06  0.1149365E+01
 -0.1000150E+06  0.1147790E+01
 -0.9996500E+05  0.1146216E+01
 -0.9991500E+05  0.1144645E+01
 -0.9986500E+05  0.1143076E+01
 -0.9981500E+05  0.1141509E+01
 -0.9976500E+05  0.1139944E+01
 -0.9971500E+05  0.1138381E+01
 -0.9966500E+05  0.1136821E+01
 -0.9961500E+05  0.1135262E+01
 -0.9956500E+05  0.1133706E+01
 -0.9951500E+05  0.1132152E+01
 -0.9946500E+05  0.1130600E+01
 -0.9941500E+05  0.1129050E+01
 -0.9936500E+05  0.1127502E+01
 -0.9931500E+05  0.1125957E+01
 -0.9926500E+05  0.1124414E+01
 -0.9921500E+05  0.1122872E+01
 -0.9916500E+05  0.1121333E+01
 -0.9911500E+05  0.1119796E+01
 -0.9906500E+05  0.1118261E+01
 -0.9901500E+05  0.1116729E+01
 -0.9896500E+05  0.1115198E+01
 -0.9891500E+05  0.1113669E+01
 -0.9886500E+05  0.1112143E+01
 -0.9881500E+05  0.1110619E+01
 -0.9876500E+05  0.1109097E+01
 -0.9871500E+05  0.1107576E+01
 -0.9866500E+05  0.1106058E+01
 -0.9861500E+05  0.1104543E+01
 -0.9856500E+05  0.1103029E+01
 -0.9851500E+05  0.1101517E+01
 -0.9846500E+05  0.1100007E+01
 -0.9841500E+05  0.1098500E+01
 -0.9836500E+05  0.1096995E+01
 -0.9831500E+05  0.1095491E+01
 -0.9826500E+05  0.1093990E+01
 -0.9821500E+05  0.1092491E+01
 -0.9816500E+05  0.1090994E+01
 -0.9811500E+05  0.1089499E+01
 -0.9806500E+05  0.1088006E+01
 -0.9801500E+05  0.1086515E+01
 -0.9796500E+05  0.1085026E+01
 -0.9791500E+05  0.1083539E+01
 -0.9786500E+05  0.1082055E+01
 -0.9781500E+05  0.1080572E+01
 -0.9776500E+05  0.1079092E+01
 -0.9771500E+05  0.1077613E+01
 -0.9766500E+05  0.1076137E+01
 -0.9761500E+05  0.1074662E+01
 -0.9756500E+05  0.1073190E+01
 -0.9751500E+05  0.1071720E+01
 -0.9746500E+05  0.1070252E+01
 -0.9741500E+05  0.1068786E+01
 -0.9736500E+05  0.1067322E+01
 -0.9731500E+05  0.1065860E+01
 -0.9726500E+05  0.1064400E+01
 -0.9721500E+05  0.1062942E+01
 -0.9716500E+05  0.1061486E+01
 -0.9711500E+05  0.1060032E+01
 -0.9706500E+05  0.1058580E+01
 -0.9701500E+05  0.1057131E+01
 -0.9696500E+05  0.1055683E+01
 -0.9691500E+05  0.1054237E+01
 -0.9686500E+05  0.1052794E+01
 -0.9681500E+05  0.1051352E+01
 -0.9676500E+05  0.1049913E+01
 -0.9671500E+05  0.1048475E+01
 -0.9666500E+05  0.1047040E+01
 -0.9661500E+05  0.1045606E+01
 -0.9656500E+05  0.1044175E+01
 -0.9651500E+05  0.1042746E+01
 -0.9646500E+05  0.1041318E+01
 -0.9641500E+05  0.1039893E+01
 -0.9636500E+05  0.1038470E+01
 -0.9631500E+05  0.1037048E+01
 -0.9626500E+05  0.1035629E+01
 -0.9621500E+05  0.1034212E+01
 -0.9616500E+05  0.1032797E+01
 -0.9611500E+05  0.1031384E+01
 -0.9606500E+05  0.1029972E+01
 -0.9601500E+05  0.1028563E+01
 -0.9596500E+05  0.1027156E+01
 -0.9591500E+05  0.1025751E+01
 -0.9586500E+05  0.1024348E+01
 -0.9581500E+05  0.1022947E+01
 -0.9576500E+05  0.1021548E+01
 -0.9571500E+05  0.1020151E+01
 -0.9566500E+05  0.1018756E+01
 -0.9561500E+05  0.1017362E+01
 -0.9556500E+05  0.1015971E+01
 -0.9551500E+05  0.1014582E+01
 -0.9546500E+05  0.1013195E+01
 -0.9541500E+05  0.1011810E+01
 -0.9536500E+05  0.1010427E+01
 -0.9531500E+05  0.1009046E+01
 -0.9526500E+05  0.1007667E+01
 -0.9521500E+05  0.1006290E+01
 -0.9516500E+05  0.1004915E+01
 -0.9511500E+05  0.1003541E+01
 -0.9506500E+05  0.1002170E+01
 -0.9501500E+05  0.1000801E+01
 -0.9496500E+05  0.9994339E+00
 -0.9491500E+05  0.9980687E+00
 -0.9486500E+05  0.9967054E+00
 -0.9481500E+05  0.9953442E+00
 -0.9476500E+05  0.9939849E+00
 -0.9471500E+05  0.9926275E+00
 -0.9466500E+05  0.9912722E+00
 -0.9461500E+05  0.9899188E+00
 -0.9456500E+05  0.9885674E+00
 -0.9451500E+05  0.9872179E+00
 -0.9446500E+05  0.9858704E+00
 -0.9441500E+05  0.9845249E+00
 -0.9436500E+05  0.9831813E+00
 -0.9431500E+05  0.9818396E+00
 -0.9426500E+05  0.9804999E+00
 -0.9421500E+05  0.9791622E+00
 -0.9416500E+05  0.9778264E+00
 -0.9411500E+05  0.9764925E+00
 -0.9406500E+05  0.9751606E+00
 -0.9401500E+05  0.9738306E+00
 -0.9396500E+05  0.9725026E+00
 -0.9391500E+05  0.9711765E+00
 -0.9386500E+05  0.9698523E+00
 -0.9381500E+05  0.9685301E+00
 -0.9376500E+05  0.9672097E+00
 -0.9371500E+05  0.9658913E+00
 -0.9366500E+05  0.9645748E+00
 -0.9361500E+05  0.9632603E+00
 -0.9356500E+05  0.9619476E+00
 -0.9351500E+05  0.9606369E+00
 -0.9346500E+05  0.9593280E+00
 -0.9341500E+05  0.9580211E+00
 -0.9336500E+05  0.9567160E+00
 -0.9331500E+05  0.9554129E+00
 -0.9326500E+05  0.9541116E+00
 -0.9321500E+05  0.9528123E+00
 -0.9316500E+05  0.9515148E+00
 -0.9311500E+05  0.9502192E+00
 -0.9306500E+05  0.9489255E+00
 -0.9301500E+05  0.9476337E+00
 -0.9296500E+05  0.9463438E+00
 -0.9291500E+05  0.9450557E+00
 -0.9286500E+05  0.9437695E+00
 -0.9281500E+05  0.9424851E+00
 -0.9276500E+05  0.9412026E+00
 -0.9271500E+05  0.9399220E+00
 -0.9266500E+05  0.9386432E+00
 -0.9261500E+05  0.9373663E+00
 -0.9256500E+05  0.9360913E+00
 -0.9251500E+05  0.9348180E+00
 -0.9246500E+05  0.9335466E+00
 -0.9241500E+05  0.9322771E+00
 -0.9236500E+05  0.9310094E+00
 -0.9231500E+05  0.9297435E+00
 -0.9226500E+05  0.9284794E+00
 -0.9221500E+05  0.9272172E+00
