 -0.9807000E+05  0.1088155E+01
 -0.9802000E+05  0.1086664E+01
 -0.9797000E+05  0.1085175E+01
 -0.9792000E+05  0.1083688E+01
 -0.9787000E+05  0.1082203E+01
 -0.9782000E+05  0.1080720E+01
 -0.9777000E+05  0.1079240E+01
 -0.9772000E+05  0.1077761E+01
 -0.9767000E+05  0.1076284E+01
 -0.9762000E+05  0.1074810E+01
 -0.9757000E+05  0.1073337E+01
 -0.9752000E+05  0.1071867E+01
 -0.9747000E+05  0.1070399E+01
 -0.9742000E+05  0.1068932E+01
 -0.9737000E+05  0.1067468E+01
 -0.9732000E+05  0.1066006E+01
 -0.9727000E+05  0.1064546E+01
 -0.9722000E+05  0.1063088E+01
 -0.9717000E+05  0.1061631E+01
 -0.9712000E+05  0.1060177E+01
 -0.9707000E+05  0.1058725E+01
 -0.9702000E+05  0.1057276E+01
 -0.9697000E+05  0.1055828E+01
 -0.9692000E+05  0.1054382E+01
 -0.9687000E+05  0.1052938E+01
 -0.9682000E+05  0.1051496E+01
 -0.9677000E+05  0.1050057E+01
 -0.9672000E+05  0.1048619E+01
 -0.9667000E+05  0.1047183E+01
 -0.9662000E+05  0.1045750E+01
 -0.9657000E+05  0.1044318E+01
 -0.9652000E+05  0.1042888E+01
 -0.9647000E+05  0.1041461E+01
 -0.9642000E+05  0.1040035E+01
 -0.9637000E+05  0.1038612E+01
 -0.9632000E+05  0.1037190E+01
 -0.9627000E+05  0.1035771E+01
 -0.9622000E+05  0.1034354E+01
 -0.9617000E+05  0.1032938E+01
 -0.9612000E+05  0.1031525E+01
 -0.9607000E+05  0.1030113E+01
 -0.9602000E+05  0.1028704E+01
 -0.9597000E+05  0.1027297E+01
 -0.9592000E+05  0.1025891E+01
 -0.9587000E+05  0.1024488E+01
 -0.9582000E+05  0.1023087E+01
 -0.9577000E+05  0.1021688E+01
 -0.9572000E+05  0.1020290E+01
 -0.9567000E+05  0.1018895E+01
 -0.9562000E+05  0.1017502E+01
 -0.9557000E+05  0.1016110E+01
 -0.9552000E+05  0.1014721E+01
 -0.9547000E+05  0.1013334E+01
 -0.9542000E+05  0.1011949E+01
 -0.9537000E+05  0.1010565E+01
 -0.9532000E+05  0.1009184E+01
 -0.9527000E+05  0.1007805E+01
 -0.9522000E+05  0.1006427E+01
 -0.9517000E+05  0.1005052E+01
 -0.9512000E+05  0.1003679E+01
 -0.9507000E+05  0.1002307E+01
 -0.9502000E+05  0.1000938E+01
 -0.9497000E+05  0.9995705E+00
 -0.9492000E+05  0.9982051E+00
 -0.9487000E+05  0.9968417E+00
 -0.9482000E+05  0.9954802E+00
 -0.9477000E+05  0.9941207E+00
 -0.9472000E+05  0.9927632E+00
 -0.9467000E+05  0.9914076E+00
 -0.9462000E+05  0.9900540E+00
 -0.9457000E+05  0.9887024E+00
 -0.9452000E+05  0.9873528E+00
 -0.9447000E+05  0.9860051E+00
 -0.9442000E+05  0.9846593E+00
 -0.9437000E+05  0.9833155E+00
 -0.9432000E+05  0.9819737E+00
 -0.9427000E+05  0.9806338E+00
 -0.9422000E+05  0.9792959E+00
 -0.9417000E+05  0.9779599E+00
 -0.9412000E+05  0.9766258E+00
 -0.9407000E+05  0.9752937E+00
 -0.9402000E+05  0.9739636E+00
 -0.9397000E+05  0.9726353E+00
 -0.9392000E+05  0.9713090E+00
 -0.9387000E+05  0.9699846E+00
 -0.9382000E+05  0.9686622E+00
 -0.9377000E+05  0.9673417E+00
 -0.9372000E+05  0.9660231E+00
 -0.9367000E+05  0.9647064E+00
 -0.9362000E+05  0.9633916E+00
 -0.9357000E+05  0.9620788E+00
 -0.9352000E+05  0.9607678E+00
 -0.9347000E+05  0.9594588E+00
 -0.9342000E+05  0.9581517E+00
 -0.9337000E+05  0.9568464E+00
 -0.9332000E+05  0.9555431E+00
 -0.9327000E+05  0.9542417E+00
 -0.9322000E+05  0.9529421E+00
 -0.9317000E+05  0.9516445E+00
 -0.9312000E+05  0.9503487E+00
 -0.9307000E+05  0.9490548E+00
 -0.9302000E+05  0.9477628E+00
 -0.9297000E+05  0.9464727E+00
 -0.9292000E+05  0.9451844E+00
 -0.9287000E+05  0.9438980E+00
 -0.9282000E+05  0.9426135E+00
 -0.9277000E+05  0.9413308E+00
 -0.9272000E+05  0.9400500E+00
 -0.9267000E+05  0.9387710E+00
 -0.9262000E+05  0.9374939E+00
 -0.9257000E+05  0.9362187E+00
 -0.9252000E+05  0.9349453E+00
 -0.9247000E+05  0.9336737E+00
 -0.9242000E+05  0.9324040E+00
 -0.9237000E+05  0.9311360E+00
 -0.9232000E+05  0.9298700E+00
 -0.9227000E+05  0.9286057E+00
 -0.9222000E+05  0.9273433E+00
 -0.9217000E+05  0.9260827E+00
 -0.9212000E+05  0.9248239E+00
 -0.9207000E+05  0.9235669E+00
 -0.9202000E+05  0.9223118E+00
 -0.9197000E+05  0.9210584E+00
 -0.9192000E+05  0.9198068E+00
 -0.9187000E+05  0.9185570E+00
 -0.9182000E+05  0.9173091E+00
 -0.9177000E+05  0.9160629E+00
 -0.9172000E+05  0.9148185E+00
 -0.9167000E+05  0.9135758E+00
 -0.9162000E+05  0.9123350E+00
 -0.9157000E+05  0.9110959E+00
 -0.9152000E+05  0.9098586E+00
 -0.9147000E+05  0.9086231E+00
 -0.9142000E+05  0.9073893E+00
 -0.9137000E+05  0.9061573E+00
 -0.9132000E+05  0.9049270E+00
 -0.9127000E+05  0.9036985E+00
 -0.9122000E+05  0.9024718E+00
 -0.9117000E+05  0.9012468E+00
 -0.9112000E+05  0.9000235E+00
 -0.9107000E+05  0.8988020E+00
 -0.9102000E+05  0.8975822E+00
 -0.9097000E+05  0.8963641E+00
 -0.9092000E+05  0.8951478E+00
 -0.9087000E+05  0.8939332E+00
 -0.9082000E+05  0.8927203E+00
 -0.9077000E+05  0.8915091E+00
 -0.9072000E+05  0.8902997E+00
 -0.9067000E+05  0.8890919E+00
 -0.9062000E+05  0.8878859E+00
 -0.9057000E+05  0.8866816E+00
 -0.9052000E+05  0.8854790E+00
 -0.9047000E+05  0.8842781E+00
 -0.9042000E+05  0.8830788E+00
 -0.9037000E+05  0.8818813E+00
 -0.9032000E+05  0.8806855E+00
 -0.9027000E+05  0.8794914E+00
 -0.9022000E+05  0.8782989E+00
 -0.9017000E+05  0.8771082E+00
 -0.9012000E+05  0.8759191E+00
 -0.9007000E+05  0.8747317E+00
 -0.9002000E+05  0.8735460E+00
 -0.8997000E+05  0.8723620E+00
 -0.8992000E+05  0.8711796E+00
 -0.8987000E+05  0.8699989E+00
 -0.8982000E+05  0.8688199E+00
 -0.8977000E+05  0.8676426E+00
 -0.8972000E+05  0.8664670E+00
 -0.8967000E+05  0.8652930E+00
 -0.8962000E+05  0.8641207E+00
 -0.8957000E+05  0.8629500E+00
 -0.8952000E+05  0.8617811E+00
 -0.8947000E+05  0.8606138E+00
 -0.8942000E+05  0.8594481E+00
 -0.8937000E+05  0.8582842E+00
 -0.8932000E+05  0.8571219E+00
 -0.8927000E+05  0.8559613E+00
 -0.8922000E+05  0.8548023E+00
 -0.8917000E+05  0.8536450E+00
 -0.8912000E+05  0.8524894E+00
 -0.8907000E+05  0.8513355E+00
 -0.8902000E+05  0.8501833E+00
 -0.8897000E+05  0.8490327E+00
 -0.8892000E+05  0.8478838E+00
 -0.8887000E+05  0.8467366E+00
 -0.8882000E+05  0.8455910E+00
 -0.8877000E+05  0.8444472E+00
 -0.8872000E+05  0.8433050E+00
 -0.8867000E+05  0.8421646E+00
 -0.8862000E+05  0.8410258E+00
 -0.8857000E+05  0.8398887E+00
 -0.8852000E+05  0.8387534E+00
 -0.8847000E+05  0.8376197E+00
 -0.8842000E+05  0.8364878E+00
 -0.8837000E+05  0.8353575E+00
 -0.8832000E+05  0.8342290E+00
 -0.8827000E+05  0.8331023E+00
 -0.8822000E+05  0.8319772E+00
 -0.8817000E+05  0.8308539E+00
 -0.8812000E+05  0.8297324E+00
 -0.8807000E+05  0.8286126E+00
 -0.8802000E+05  0.8274945E+00
 -0.8797000E+05  0.8263782E+00
 -0.8792000E+05  0.8252637E+00
 -0.8787000E+05  0.8241510E+00
 -0.8782000E+05  0.8230401E+00
 -0.8777000E+05  0.8219310E+00
 -0.8772000E+05  0.8208237E+00
 -0.8767000E+05  0.8197182E+00
 -0.8762000E+05  0.8186145E+00
 -0.8757000E+05  0.8175127E+00
 -0.8752000E+05  0.8164127E+00
 -0.8747000E+05  0.8153146E+00
 -0.8742000E+05  0.8142184E+00
 -0.8737000E+05  0.8131241E+00
 -0.8732000E+05  0.8120316E+00
 -0.8727000E+05  0.8109411E+00
 -0.8722000E+05  0.8098525E+00
 -0.8717000E+05  0.8087659E+00
 -0.8712000E+05  0.8076812E+00
 -0.8707000E+05  0.8065985E+00
 -0.8702000E+05  0.8055177E+00
 -0.8697000E+05  0.8044390E+00
 -0.8692000E+05  0.8033623E+00
 -0.8687000E+05  0.8022876E+00
 -0.8682000E+05  0.8012150E+00
 -0.8677000E+05  0.8001445E+00
 -0.8672000E+05  0.7990761E+00
 -0.8667000E+05  0.7980098E+00
 -0.8662000E+05  0.7969456E+00
 -0.8657000E+05  0.7958836E+00
 -0.8652000E+05  0.7948237E+00
 -0.8647000E+05  0.7937661E+00
 -0.8642000E+05  0.7927107E+00
 -0.8637000E+05  0.7916575E+00
