-120000.0 50.0   999.0  0.0  8  0.0
-106860.00000 -86350.00000 -102465.0000 -92210.0000
-102465.0000 -92210.0000
  -115650.000000000        1.76290074177086     
  -115600.000000000        1.76046315394342     
  -115550.000000000        1.75803038291633     
  -115500.000000000        1.75560237653553     
  -115450.000000000        1.75317924469709     
  -115400.000000000        1.75076093152165     
  -115350.000000000        1.74834739416838     
  -115300.000000000        1.74593853950500     
  -115250.000000000        1.74353444017470     
  -115200.000000000        1.74113495089114     
  -115150.000000000        1.73874012939632     
  -115100.000000000        1.73634996078908     
  -115050.000000000        1.73396434634924     
  -115000.000000000        1.73158313147724     
  -114950.000000000        1.72920651175082     
  -114900.000000000        1.72683414816856     
  -114850.000000000        1.72446628659964     
  -114800.000000000        1.72210267186165     
  -114750.000000000        1.71974324993789     
  -114700.000000000        1.71738801896572     
  -114650.000000000        1.71503702178597     
  -114600.000000000        1.71268999017775     
  -114550.000000000        1.71034704893827     
  -114500.000000000        1.70800811611116     
  -114450.000000000        1.70567301474512     
  -114400.000000000        1.70334176160395     
  -114350.000000000        1.70101431757212     
  -114300.000000000        1.69869066029787     
  -114250.000000000        1.69637065567076     
  -114200.000000000        1.69405417703092     
  -114150.000000000        1.69174136407673     
  -114100.000000000        1.68943215347826     
  -114050.000000000        1.68712626770139     
  -114000.000000000        1.68482389673591     
  -113950.000000000        1.68252488784492     
  -113900.000000000        1.68022917024791     
  -113850.000000000        1.67793674580753     
  -113800.000000000        1.67564753815532     
  -113750.000000000        1.67336147278547     
  -113700.000000000        1.67107863165438     
  -113650.000000000        1.66879887133837     
  -113600.000000000        1.66652216203511     
  -113550.000000000        1.66424847207963     
  -113500.000000000        1.66197779960930     
  -113450.000000000        1.65971011109650     
  -113400.000000000        1.65744530037045     
  -113350.000000000        1.65518339164555     
  -113300.000000000        1.65292430296540     
  -113250.000000000        1.65066806040704     
  -113200.000000000        1.64841464348137     
  -113150.000000000        1.64616416022182     
  -113100.000000000        1.64391631260514     
  -113050.000000000        1.64167118258774     
  -113000.000000000        1.63942884653807     
  -112950.000000000        1.63718925416470     
  -112900.000000000        1.63495228812099     
  -112850.000000000        1.63271812908351     
  -112800.000000000        1.63048653863370     
  -112750.000000000        1.62825769931078     
  -114150.000000000        1.69174136407673     
  -114100.000000000        1.68943215347826     
  -114050.000000000        1.68712626770139     
  -114000.000000000        1.68482389673591     
  -113950.000000000        1.68252488784492     
  -113900.000000000        1.68022917024791     
  -113850.000000000        1.67793674580753     
  -113800.000000000        1.67564753815532     
  -113750.000000000        1.67336147278547     
  -113700.000000000        1.67107863165438     
  -113650.000000000        1.66879887133837     
  -113600.000000000        1.66652216203511     
  -113550.000000000        1.66424847207963     
  -113500.000000000        1.66197779960930     
  -113450.000000000        1.65971011109650     
  -113400.000000000        1.65744530037045     
  -113350.000000000        1.65518339164555     
  -113300.000000000        1.65292430296540     
  -113250.000000000        1.65066806040704     
  -113200.000000000        1.64841464348137     
  -113150.000000000        1.64616416022182     
  -113100.000000000        1.64391631260514     
  -113050.000000000        1.64167118258774     
  -113000.000000000        1.63942884653807     
  -112950.000000000        1.63718925416470     
  -112900.000000000        1.63495228812099     
  -112850.000000000        1.63271812908351     
  -112800.000000000        1.63048653863370     
  -112750.000000000        1.62825769931078     
  -112700.000000000        1.62603155709803     
  -112650.000000000        1.62380795367062     
  -112600.000000000        1.62158707343042     
  -112550.000000000        1.61936887539923     
  -112500.000000000        1.61715331859887     
  -112450.000000000        1.61494034901261     
  -112400.000000000        1.61273012310266     
  -112350.000000000        1.61052251234651     
  -112300.000000000        1.60831754468381     
  -112250.000000000        1.60611526947469     
  -112200.000000000        1.60391561780125     
  -112150.000000000        1.60171877872199     
  -112100.000000000        1.59952451195568     
  -112050.000000000        1.59733290597796     
  -112000.000000000        1.59514410793781     
  -111950.000000000        1.59295796509832     
  -111900.000000000        1.59077463112772     
  -111850.000000000        1.58859397470951     
  -111800.000000000        1.58641608990729     
  -111750.000000000        1.58424096740782     
  -111700.000000000        1.58206861559302     
  -111650.000000000        1.57989901956171     
  -111600.000000000        1.57773228175938     
  -111550.000000000        1.57556834723800     
  -111500.000000000        1.57340730074793     
  -111450.000000000        1.57124900352210     
  -111400.000000000        1.56909365486354     
  -111350.000000000        1.56694118678570     
  -111300.000000000        1.56479160580784     
  -111250.000000000        1.56264494732022     
  -111200.000000000        1.56050115544349     
  -111150.000000000        1.55836025252938     
  -111100.000000000        1.55622247327119     
  -111050.000000000        1.55408749077469     
  -111000.000000000        1.55195546150208     
  -110950.000000000        1.54982649814337     
  -110900.000000000        1.54770056344569     
  -110850.000000000        1.54557753447443     
  -110800.000000000        1.54345755651593     
  -110750.000000000        1.54134067520499     
  -110700.000000000        1.53922666981816     
  -110650.000000000        1.53711576014757     
  -110600.000000000        1.53500786330551     
  -110550.000000000        1.53290305938572     
  -110500.000000000        1.53080125898123     
  -110450.000000000        1.52870249468833     
  -110400.000000000        1.52660682890564     
  -110350.000000000        1.52451408281922     
  -110300.000000000        1.52242446504533     
  -110250.000000000        1.52033791039139     
  -110200.000000000        1.51825431641191     
  -110150.000000000        1.51617385819554     
  -110100.000000000        1.51409627590328     
  -110050.000000000        1.51202182937413     
  -110000.000000000        1.50995033141226     
  -109950.000000000        1.50788190681487     
  -109900.000000000        1.50581641681492     
  -109850.000000000        1.50375386327505     
  -109800.000000000        1.50169427972287     
  -112700.000000000        1.62603943049908     
  -112650.000000000        1.62381363660097     
  -112600.000000000        1.62159062176943     
  -112550.000000000        1.61937083303928     
  -112500.000000000        1.61715383082628     
  -112450.000000000        1.61493859440088     
  -112400.000000000        1.61272636055946     
  -112350.000000000        1.61051744967699     
  -112300.000000000        1.60831028968096     
  -112250.000000000        1.60610675066710     
  -112200.000000000        1.60390605777502     
  -112150.000000000        1.60170776396990     
  -112100.000000000        1.59951218217611     
  -112050.000000000        1.59731940180063     
  -112000.000000000        1.59512966126204     
  -111950.000000000        1.59294280409813     
  -111900.000000000        1.59075922518969     
  -111850.000000000        1.58857798576355     
  -111800.000000000        1.58639988303185     
  -111750.000000000        1.58422482013702     
  -111700.000000000        1.58205228298903     
  -111650.000000000        1.57988344132900     
  -111600.000000000        1.57771692425013     
  -111550.000000000        1.57555303722620     
  -111500.000000000        1.57339292019606     
  -111450.000000000        1.57123566418886     
  -111400.000000000        1.56908065080643     
  -111350.000000000        1.56692931801081     
  -111300.000000000        1.56478059291840     
  -111250.000000000        1.56263516098261     
  -111200.000000000        1.56049206107855     
  -111150.000000000        1.55835279822350     
  -111100.000000000        1.55621629208326     
  -111050.000000000        1.55408269912004     
  -111000.000000000        1.55195204168558     
  -110950.000000000        1.54982420057058     
  -110900.000000000        1.54769968986511     
  -110850.000000000        1.54557745158672     
  -110800.000000000        1.54345933347940     
  -110750.000000000        1.54134374856949     
  -110700.000000000        1.53923129290342     
  -110650.000000000        1.53712130337954     
  -110600.000000000        1.53501424938440     
  -110550.000000000        1.53291054815054     
  -110500.000000000        1.53080967068672     
  -110450.000000000        1.52871217578650     
  -110400.000000000        1.52661720663309     
  -110350.000000000        1.52452457696199     
  -110300.000000000        1.52243527770042     
  -110250.000000000        1.52034936845303     
  -110200.000000000        1.51826664060354     
  -110150.000000000        1.51618561148643     
  -110100.000000000        1.51410847902298     
  -110050.000000000        1.51203363388777     
  -110000.000000000        1.50996188074350     
  -109950.000000000        1.50789337605238     
  -109900.000000000        1.50582694262266     
  -109850.000000000        1.50376399606466     
  -109800.000000000        1.50170341134071     
  -109750.000000000        1.49964609742165     
  -109700.000000000        1.49759143590927     
  -109650.000000000        1.49553956091404     
  -109600.000000000        1.49348968267441     
  -109550.000000000        1.49144372344017     
  -109500.000000000        1.48940018564463     
  -109450.000000000        1.48735899478197     
  -109400.000000000        1.48532116413116     
  -109350.000000000        1.48328598588705     
  -109300.000000000        1.48125328123569     
  -109250.000000000        1.47922307252884     
  -109200.000000000        1.47719624638557     
  -109150.000000000        1.47517185658216     
  -109100.000000000        1.47314965724945     
  -109050.000000000        1.47113056108356     
  -109000.000000000        1.46911386772990     
  -108950.000000000        1.46710040792823     
  -108900.000000000        1.46508960425854     
  -108850.000000000        1.46308118849993     
  -108800.000000000        1.46107517555356     
  -108750.000000000        1.45907178521156     
  -108700.000000000        1.45707171410322     
  -108650.000000000        1.45507356896996     
  -108600.000000000        1.45307803526521     
  -108550.000000000        1.45108565315604     
  -108500.000000000        1.44909590110183     
  -108450.000000000        1.44710830971599     
  -108400.000000000        1.44512359052896     
  -108350.000000000        1.44314140453935     
  -108300.000000000        1.44116179645061     
  -108250.000000000        1.43918495997787     
  -108200.000000000        1.43721040338278     
  -108150.000000000        1.43523874506354     
  -108100.000000000        1.43326918780804     
  -108050.000000000        1.43130292370915     
  -108000.000000000        1.42933899909258     
  -107950.000000000        1.42737826332450     
  -107900.000000000        1.42541874572635     
  -107850.000000000        1.42346252501011     
  -107800.000000000        1.42150914296508     
  -107750.000000000        1.41955808177590     
  -107700.000000000        1.41760942712426     
  -107650.000000000        1.41566407307982     
  -107600.000000000        1.41372077167034     
  -107550.000000000        1.41178009659052     
  -107500.000000000        1.40984226763248     
  -107450.000000000        1.40790647640824     
  -107400.000000000        1.40597382187843     
  -107350.000000000        1.40404352918267     
  -107300.000000000        1.40211579576135     
  -107250.000000000        1.40019120648503     
  -107200.000000000        1.39826808869839     
  -107150.000000000        1.39634888619184     
  -107100.000000000        1.39443176612258     
  -107050.000000000        1.39251727238297     
  -107000.000000000        1.39060511067510     
  -106950.000000000        1.38869573920965     
  -106900.000000000        1.38678923249245     
  -109750.000000000        1.49964137282223     
  -109700.000000000        1.49758661398664     
  -109650.000000000        1.49553465377539     
  -109600.000000000        1.49348549917340     
  -109550.000000000        1.49143916461617     
  -109500.000000000        1.48939559003338     
  -109450.000000000        1.48735480941832     
  -109400.000000000        1.48531677946448     
  -109350.000000000        1.48328152718022     
  -109300.000000000        1.48124903300777     
  -109250.000000000        1.47921928716823     
  -109200.000000000        1.47719224030152     
  -109150.000000000        1.47516793385148     
  -109100.000000000        1.47314635291696     
  -109050.000000000        1.47112750960514     
  -109000.000000000        1.46911132568493     
  -108950.000000000        1.46709781000391     
  -108900.000000000        1.46508700866252     
  -108850.000000000        1.46307893423364     
  -108800.000000000        1.46107348008081     
  -108750.000000000        1.45907071931288     
  -108700.000000000        1.45707060443237     
  -108650.000000000        1.45507312752306     
  -108600.000000000        1.45307836402208     
  -108550.000000000        1.45108613418415     
  -108500.000000000        1.44909658329561     
  -108450.000000000        1.44710970576853     
  -108400.000000000        1.44512539729476     
  -108350.000000000        1.44314371282235     
  -108300.000000000        1.44116468448192     
  -108250.000000000        1.43918819213286     
  -108200.000000000        1.43721437407658     
  -108150.000000000        1.43524311576039     
  -108100.000000000        1.43327447120100     
  -108050.000000000        1.43130842829123     
  -108000.000000000        1.42934491951019     
  -107950.000000000        1.42738404963166     
  -107900.000000000        1.42542576743290     
  -107850.000000000        1.42347001330927     
  -107800.000000000        1.42151689250022     
  -107750.000000000        1.41956633143127     
  -107700.000000000        1.41761835291982     
  -107650.000000000        1.41567291272804     
  -107600.000000000        1.41373001784086     
  -107550.000000000        1.41178976278752     
  -107500.000000000        1.40985199669376     
  -107450.000000000        1.40791684249416     
  -107400.000000000        1.40598423685879     
  -107350.000000000        1.40405419375747     
  -107300.000000000        1.40212667640299     
  -107250.000000000        1.40020175138488     
  -107200.000000000        1.39827939588577     
  -107150.000000000        1.39635960664600     
  -107100.000000000        1.39444232825190     
  -107050.000000000        1.39252759516239     
  -107000.000000000        1.39061547815800     
  -106950.000000000        1.38870590133592     
  -106900.000000000        1.38679882697761     
  -106850.000000000        1.38489434774965     
  -106800.000000000        1.38299243664369     
  -106750.000000000        1.38109307317063     
  -106700.000000000        1.37919624196365     
  -106650.000000000        1.37730201426893     
  -106600.000000000        1.37541028531268     
  -106550.000000000        1.37352113611996     
  -106500.000000000        1.37163456017151     
  -106450.000000000        1.36975052300841     
  -106400.000000000        1.36786904605106     
  -106350.000000000        1.36599011626095     
  -106300.000000000        1.36411376157776     
  -106250.000000000        1.36223995685577     
  -106200.000000000        1.36036868439987     
  -106150.000000000        1.35850000567734     
  -106100.000000000        1.35663389507681     
  -106050.000000000        1.35477032652125     
  -106000.000000000        1.35290929535404     
  -105950.000000000        1.35105087654665     
  -105900.000000000        1.34919498674572     
  -105850.000000000        1.34734160266817     
  -105800.000000000        1.34549087285995     
  -105750.000000000        1.34364264085889     
  -105700.000000000        1.34179697278887     
  -105650.000000000        1.33995387563482     
  -105600.000000000        1.33811337593943     
  -105550.000000000        1.33627539407462     
  -105500.000000000        1.33443993097171     
  -105450.000000000        1.33260709792376     
  -105400.000000000        1.33077676827088     
  -105350.000000000        1.32894902722910     
  -105300.000000000        1.32712380075827     
  -105250.000000000        1.32530116778798     
  -105200.000000000        1.32348105777055     
  -105150.000000000        1.32166351657361     
  -105100.000000000        1.31984852324240     
  -105050.000000000        1.31803604029119     
  -105000.000000000        1.31622615619563     
  -104950.000000000        1.31441879668273     
  -104900.000000000        1.31261395965703     
  -104850.000000000        1.31081167235970     
  -104800.000000000        1.30901191593148     
  -104750.000000000        1.30721471738070     
  -104700.000000000        1.30542004038580     
  -104650.000000000        1.30362785700709     
  -104600.000000000        1.30183825711720     
  -104550.000000000        1.30005115177482     
  -104500.000000000        1.29826656775549     
  -104450.000000000        1.29648452228867     
  -104400.000000000        1.29470496415161     
  -104350.000000000        1.29292792221531     
  -104300.000000000        1.29115335713141     
  -104250.000000000        1.28938133060001     
  -104200.000000000        1.28761182655580     
  -104150.000000000        1.28584476374090     
  -104100.000000000        1.28408020758070     
  -104050.000000000        1.28231811127625     
  -104000.000000000        1.28055851883255     
  -103950.000000000        1.27880142722279     
  -103900.000000000        1.27704675192945     
  -103850.000000000        1.27529456466436     
  -103800.000000000        1.27354487776756     
  -103750.000000000        1.27179758693092     
  -103700.000000000        1.27005278109573     
  -103650.000000000        1.26831038482487     
  -103600.000000000        1.26657046377659     
  -103550.000000000        1.26483294949867     
  -103500.000000000        1.26309789833613     
  -103450.000000000        1.26136523112655     
  -103400.000000000        1.25963496533222     
  -103350.000000000        1.25790713983588     
  -103300.000000000        1.25618168874644     
  -103250.000000000        1.25445866840892     
  -103200.000000000        1.25273801223375     
  -103150.000000000        1.25101975118741     
  -103100.000000000        1.24930385593325     
  -103050.000000000        1.24759034207091     
  -103000.000000000        1.24587920843624     
  -102950.000000000        1.24417040869594     
  -102900.000000000        1.24246395751834     
  -102850.000000000        1.24075982416980     
  -102800.000000000        1.23905807198025     
  -102750.000000000        1.23735864600167     
  -102700.000000000        1.23566152108833     
  -102650.000000000        1.23396671121009     
  -102600.000000000        1.23227424942888     
  -102550.000000000        1.23058405704796     
  -102500.000000000        1.22889617714100     
  -106850.000000000        1.38489543646574     
  -106800.000000000        1.38299348065630     
  -106750.000000000        1.38109408761375     
  -106700.000000000        1.37919720425270     
  -106650.000000000        1.37730289460160     
  -106600.000000000        1.37541110976599     
  -106550.000000000        1.37352189724334     
  -106500.000000000        1.37163523212075     
  -106450.000000000        1.36975110718049     
  -106400.000000000        1.36786955851130     
  -106350.000000000        1.36599055910483     
  -106300.000000000        1.36411410989240     
  -106250.000000000        1.36224020970985     
  -106200.000000000        1.36036888021044     
  -106150.000000000        1.35850011697039     
  -106100.000000000        1.35663392185234     
  -106050.000000000        1.35477027855814     
  -106000.000000000        1.35290920292027     
  -105950.000000000        1.35105070727877     
  -105900.000000000        1.34919474506751     
  -105850.000000000        1.34734137868509     
  -105800.000000000        1.34549053339288     
  -105750.000000000        1.34364230465144     
  -105700.000000000        1.34179663937539     
  -105650.000000000        1.33995353966020     
  -105600.000000000        1.33811298268847     
  -105550.000000000        1.33627501921728     
  -105500.000000000        1.33443960896693     
  -105450.000000000        1.33260674891062     
  -105400.000000000        1.33077647746541     
  -105350.000000000        1.32894876506180     
  -105300.000000000        1.32712360471487     
  -105250.000000000        1.32530103391036     
  -105200.000000000        1.32348097348586     
  -105150.000000000        1.32166349235922     
  -105100.000000000        1.31984855304472     
  -105050.000000000        1.31803621700965     
  -105000.000000000        1.31622638809495     
  -104950.000000000        1.31441911892034     
  -104900.000000000        1.31261438783258     
  -104850.000000000        1.31081219040789     
  -104800.000000000        1.30901254224591     
  -104750.000000000        1.30721544777043     
  -104700.000000000        1.30542087764479     
  -104650.000000000        1.30362880206667     
  -104600.000000000        1.30183928064071     
  -104550.000000000        1.30005229637027     
  -104500.000000000        1.29826781083830     
  -104450.000000000        1.29648582451046     
  -104400.000000000        1.29470636509359     
  -104350.000000000        1.29292942374013     
  -104300.000000000        1.29115497949533     
  -104250.000000000        1.28938303003088     
  -104200.000000000        1.28761355183087     
  -104150.000000000        1.28584658494219     
  -104100.000000000        1.28408207185566     
  -104050.000000000        1.28232006845064     
  -104000.000000000        1.28056052792817     
  -103950.000000000        1.27880342653953     
  -103900.000000000        1.27704882388934     
  -103850.000000000        1.27529665827751     
  -103800.000000000        1.27354692714289     
  -103750.000000000        1.27179966610856     
  -103700.000000000        1.27005482604727     
  -103650.000000000        1.26831245282665     
  -103600.000000000        1.26657246146351     
  -103550.000000000        1.26483493065462     
  -103500.000000000        1.26309979171492     
  -103450.000000000        1.26136707444675     
  -103400.000000000        1.25963678536937     
  -103350.000000000        1.25790883600712     
  -103300.000000000        1.25618331134319     
  -103250.000000000        1.25446019810624     
  -103200.000000000        1.25273942761123     
  -103150.000000000        1.25102103035897     
  -103100.000000000        1.24930502241477     
  -103050.000000000        1.24759138328955     
  -103000.000000000        1.24588007899001     
  -102950.000000000        1.24417113466188     
  -102900.000000000        1.24246454262175     
  -102850.000000000        1.24076028098352     
  -102800.000000000        1.23905834741890     
  -102750.000000000        1.23735874518752     
  -102700.000000000        1.23566147568636     
  -102650.000000000        1.23396651912481     
  -102600.000000000        1.23227386246435     
  -102550.000000000        1.23058351222426     
  -102500.000000000        1.22889547608793     
  -102450.000000000        1.22720972308889     
  -102400.000000000        1.22552625392564     
  -102350.000000000        1.22384507209063     
  -102300.000000000        1.22216618550010     
  -102250.000000000        1.22048956295475     
  -102200.000000000        1.21881518070586     
  -102150.000000000        1.21714308927767     
  -102100.000000000        1.21547324373387     
  -102050.000000000        1.21380567597225     
  -102000.000000000        1.21214033616707     
  -101950.000000000        1.21047724876553     
  -101900.000000000        1.20881639025174     
  -101850.000000000        1.20715776109137     
  -101800.000000000        1.20550136500970     
  -101750.000000000        1.20384722528979     
  -101700.000000000        1.20219529583119     
  -101650.000000000        1.20054556196555     
  -101600.000000000        1.19889805745333     
  -101550.000000000        1.19725278159603     
  -101500.000000000        1.19560970575549     
  -101450.000000000        1.19396880432032     
  -101400.000000000        1.19233012548648     
  -101350.000000000        1.19069366436452     
  -101300.000000000        1.18905937601812     
  -101250.000000000        1.18742731283419     
  -101200.000000000        1.18579740566202     
  -101150.000000000        1.18416970036924     
  -101100.000000000        1.18254416831769     
  -101050.000000000        1.18092082161456     
  -101000.000000000        1.17929967469536     
  -100950.000000000        1.17768069356680     
  -100900.000000000        1.17606388730928     
  -100850.000000000        1.17444923543371     
  -100800.000000000        1.17283679451793     
  -100750.000000000        1.17122649936937     
  -100700.000000000        1.16961839888245     
  -100650.000000000        1.16801243089139     
  -100600.000000000        1.16640867106616     
  -100550.000000000        1.16480705281720     
  -100500.000000000        1.16320761479437     
  -100450.000000000        1.16161032626405     
  -100400.000000000        1.16001520887949     
  -100350.000000000        1.15842225099914     
  -100300.000000000        1.15683143562637     
  -100250.000000000        1.15524283098057     
  -100200.000000000        1.15365634020418     
  -100150.000000000        1.15207203151658     
  -100100.000000000        1.15048989071511     
  -100050.000000000        1.14890991779976     
  -100000.000000000        1.14733207901008     
  -99950.0000000000        1.14575642347336     
  -99900.0000000000        1.14418293000199     
  -99850.0000000000        1.14261159498710     
  -99800.0000000000        1.14104240748566     
  -99750.0000000000        1.13947540975641     
  -99700.0000000000        1.13791056443006     
  -99650.0000000000        1.13634789013304     
  -99600.0000000000        1.13478736323304     
  -99550.0000000000        1.13322898419574     
  -99500.0000000000        1.13167280587368     
  -99450.0000000000        1.13011878286488     
  -99400.0000000000        1.12856692890637     
  -99350.0000000000        1.12701724492945     
  -99300.0000000000        1.12546973605640     
  -99250.0000000000        1.12392437458038     
  -99200.0000000000        1.12238121137489     
  -99150.0000000000        1.12084019079339     
  -99100.0000000000        1.11930135346483     
  -99050.0000000000        1.11776468716562     
  -99000.0000000000        1.11623019422404     
  -98950.0000000000        1.11469788081013     
  -98900.0000000000        1.11316772981081     
  -98850.0000000000        1.11163975717500     
  -98800.0000000000        1.11011397151742     
  -98750.0000000000        1.10859034757596     
  -98700.0000000000        1.10706890514120     
  -98650.0000000000        1.10554965049960     
  -98600.0000000000        1.10403255617712     
  -98550.0000000000        1.10251764918212     
  -98500.0000000000        1.10100492741913     
  -98450.0000000000        1.09949439356569     
  -98400.0000000000        1.09798600163776     
  -98350.0000000000        1.09647981380112     
  -98300.0000000000        1.09497580328025     
  -98250.0000000000        1.09347396006342     
  -98200.0000000000        1.09197430359200     
  -98150.0000000000        1.09047683491372     
  -98100.0000000000        1.08898151840549     
  -102450.000000000        1.22721224694396     
  -102400.000000000        1.22552856875700     
  -102350.000000000        1.22384716072702     
  -102300.000000000        1.22216801493778     
  -102250.000000000        1.22049112949753     
  -102200.000000000        1.21881650242722     
  -102150.000000000        1.21714412581059     
  -102100.000000000        1.21547399982228     
  -102050.000000000        1.21380611986388     
  -102000.000000000        1.21214048194815     
  -101950.000000000        1.21047708371771     
  -101900.000000000        1.20881592168007     
  -101850.000000000        1.20715699784341     
  -101800.000000000        1.20550030012964     
  -101750.000000000        1.20384582964471     
  -101700.000000000        1.20219358956092     
  -101650.000000000        1.20054357082699     
  -101600.000000000        1.19889577175491     
  -101550.000000000        1.19725019301404     
  -101500.000000000        1.19560682828887     
  -101450.000000000        1.19396567950025     
  -101400.000000000        1.19232674097293     
  -101350.000000000        1.19069001471507     
  -101300.000000000        1.18905549260671     
  -101250.000000000        1.18742317840224     
  -101200.000000000        1.18579306907486     
  -101150.000000000        1.18416516276193     
  -101100.000000000        1.18253945844481     
  -101050.000000000        1.18091595667647     
  -101000.000000000        1.17929464767803     
  -100950.000000000        1.17767553991871     
  -100900.000000000        1.17605862132041     
  -100850.000000000        1.17444390547462     
  -100800.000000000        1.17283137878985     
  -100750.000000000        1.17122104420559     
  -100700.000000000        1.16961289770552     
  -100650.000000000        1.16800694752601     
  -100600.000000000        1.16640318447025     
  -100550.000000000        1.16480160562787     
  -100500.000000000        1.16320221769274     
  -100450.000000000        1.16160501400009     
  -100400.000000000        1.16000999714015     
  -100350.000000000        1.15841716428986     
  -100300.000000000        1.15682651571115     
  -100250.000000000        1.15523804738768     
  -100200.000000000        1.15365176578052     
  -100150.000000000        1.15206766416668     
  -100100.000000000        1.15048574304092     
  -100050.000000000        1.14890600304352     
  -100000.000000000        1.14732844458194     
  -99950.0000000000        1.14575306407642     
  -99900.0000000000        1.14417986123590     
  -99850.0000000000        1.14260883579846     
  -99800.0000000000        1.14103999067447     
  -99750.0000000000        1.13947331855888     
  -99700.0000000000        1.13790882696048     
  -99650.0000000000        1.13634650927270     
  -99600.0000000000        1.13478636729997     
  -99550.0000000000        1.13322840299224     
  -99500.0000000000        1.13167260753107     
  -99450.0000000000        1.13011899022968     
  -99400.0000000000        1.12856754162931     
  -99350.0000000000        1.12701827063574     
  -99300.0000000000        1.12547116688802     
  -99250.0000000000        1.12392623967025     
  -99200.0000000000        1.12238347542007     
  -99150.0000000000        1.12084288455662     
  -99100.0000000000        1.11930446425686     
  -99050.0000000000        1.11776820907835     
  -99000.0000000000        1.11623412693734     
  -98950.0000000000        1.11470220572664     
  -98900.0000000000        1.11317245365353     
  -98850.0000000000        1.11164486594498     
  -98800.0000000000        1.11011944431812     
  -98750.0000000000        1.10859618519316     
  -98700.0000000000        1.10707508845371     
  -98650.0000000000        1.10555615389603     
  -98600.0000000000        1.10403937852243     
  -98550.0000000000        1.10252476387541     
  -98500.0000000000        1.10101230614237     
  -98450.0000000000        1.09950200791354     
  -98400.0000000000        1.09799386304803     
  -98350.0000000000        1.09648787570768     
  -98300.0000000000        1.09498404207989     
  -98250.0000000000        1.09348235960351     
  -98200.0000000000        1.09198282758007     
  -98150.0000000000        1.09048544478719     
  -98100.0000000000        1.08899021369871     
  -98050.0000000000        1.08749711938435     
  -98000.0000000000        1.08600617860793     
  -97950.0000000000        1.08451737774885     
  -97900.0000000000        1.08303072079434     
  -97850.0000000000        1.08154619910056     
  -97800.0000000000        1.08006382200983     
  -97750.0000000000        1.07858357642544     
  -97700.0000000000        1.07710546418093     
  -97650.0000000000        1.07562948841951     
  -97600.0000000000        1.07415563982795     
  -97550.0000000000        1.07268391817342     
  -97500.0000000000        1.07121432435815     
  -97450.0000000000        1.06974685349269     
  -97400.0000000000        1.06828150668298     
  -97350.0000000000        1.06681827912689     
  -97300.0000000000        1.06535716296639     
  -97250.0000000000        1.06389816678711     
  -97200.0000000000        1.06244127798709     
  -97150.0000000000        1.06098650005879     
  -97100.0000000000        1.05953382918960     
  -97050.0000000000        1.05808326508850     
  -97000.0000000000        1.05663479838404     
  -96950.0000000000        1.05518843187019     
  -96900.0000000000        1.05374415972619     
  -96850.0000000000        1.05230198017671     
  -96800.0000000000        1.05086189348367     
  -96750.0000000000        1.04942389114876     
  -96700.0000000000        1.04798797145486     
  -96650.0000000000        1.04655413693399     
  -96600.0000000000        1.04512237478048     
  -96550.0000000000        1.04369269061135     
  -96500.0000000000        1.04226507796557     
  -96450.0000000000        1.04083952822839     
  -96400.0000000000        1.03941604751162     
  -96350.0000000000        1.03799462533789     
  -96300.0000000000        1.03657526054303     
  -96250.0000000000        1.03515795027488     
  -96200.0000000000        1.03374269124470     
  -96150.0000000000        1.03232947678771     
  -96100.0000000000        1.03091830818448     
  -96050.0000000000        1.02950917763519     
  -96000.0000000000        1.02810208365554     
  -95950.0000000000        1.02669701946434     
  -95900.0000000000        1.02529398503248     
  -95850.0000000000        1.02389297404443     
  -95800.0000000000        1.02249398629647     
  -95750.0000000000        1.02109701425070     
  -95700.0000000000        1.01970205301768     
  -95650.0000000000        1.01830910221906     
  -95600.0000000000        1.01691815676168     
  -95550.0000000000        1.01552921146504     
  -95500.0000000000        1.01414225957706     
  -95450.0000000000        1.01275730406633     
  -95400.0000000000        1.01137433672557     
  -95350.0000000000        1.00999335490633     
  -95300.0000000000        1.00861435208935     
  -95250.0000000000        1.00723732486949     
  -95200.0000000000        1.00586227129679     
  -95150.0000000000        1.00448918170878     
  -95100.0000000000        1.00311806198442     
  -95050.0000000000        1.00174889937625     
  -95000.0000000000        1.00038169423351     
  -94950.0000000000       0.999016437999671     
  -94900.0000000000       0.997653130441904     
  -94850.0000000000       0.996291765448404     
  -94800.0000000000       0.994932339541265     
  -94750.0000000000       0.993574848354911     
  -94700.0000000000       0.992219285617466     
  -94650.0000000000       0.990865653366200     
  -94600.0000000000       0.989513941109180     
  -94550.0000000000       0.988164148991928     
  -94500.0000000000       0.986816269010887     
  -94450.0000000000       0.985470300001907     
  -94400.0000000000       0.984126238923636     
  -94350.0000000000       0.982784079169505     
  -94300.0000000000       0.981443815413513     
  -94250.0000000000       0.980105448907125     
  -94200.0000000000       0.978768973058322     
  -94150.0000000000       0.977434381042258     
  -94100.0000000000       0.976101673280937     
  -94050.0000000000       0.974770842993166     
  -94000.0000000000       0.973441888199886     
  -93950.0000000000       0.972114803807926     
  -93900.0000000000       0.970789590282948     
  -93850.0000000000       0.969466236609151     
  -93800.0000000000       0.968144744445453     
  -93750.0000000000       0.966825110546779     
  -93700.0000000000       0.965507328524836     
  -93650.0000000000       0.964191395309172     
  -93600.0000000000       0.962877309473697     
  -93550.0000000000       0.961565064688330     
  -93500.0000000000       0.960254663237720     
  -93450.0000000000       0.958946097613079     
  -93400.0000000000       0.957639365704381     
  -93350.0000000000       0.956334461006918     
  -93300.0000000000       0.955031384626636     
  -93250.0000000000       0.953730135035585     
  -93200.0000000000       0.952430703677237     
  -93150.0000000000       0.951133091264637     
  -93100.0000000000       0.949837297521299     
  -93050.0000000000       0.948543314589188     
  -93000.0000000000       0.947251144621987     
  -92950.0000000000       0.945960780096357     
  -92900.0000000000       0.944672222336521     
  -92850.0000000000       0.943385468926863     
  -92800.0000000000       0.942100516491337     
  -92750.0000000000       0.940817363327369     
  -92700.0000000000       0.939536004545516     
  -92650.0000000000       0.938256444846047     
  -92600.0000000000       0.936978675366845     
  -92550.0000000000       0.935702695045620     
  -92500.0000000000       0.934428509222926     
  -92450.0000000000       0.933156106300885     
  -92400.0000000000       0.931885491649155     
  -92350.0000000000       0.930616661105887     
  -92300.0000000000       0.929349612561055     
  -92250.0000000000       0.928084347193362     
  -98050.0000000000        1.08749711938435     
  -98000.0000000000        1.08600617860793     
  -97950.0000000000        1.08451737774885     
  -97900.0000000000        1.08303072079434     
  -97850.0000000000        1.08154619910056     
  -97800.0000000000        1.08006382200983     
  -97750.0000000000        1.07858357642544     
  -97700.0000000000        1.07710546418093     
  -97650.0000000000        1.07562948841951     
  -97600.0000000000        1.07415563982795     
  -97550.0000000000        1.07268391817342     
  -97500.0000000000        1.07121432435815     
  -97450.0000000000        1.06974685349269     
  -97400.0000000000        1.06828150668298     
  -97350.0000000000        1.06681827912689     
  -97300.0000000000        1.06535716296639     
  -97250.0000000000        1.06389816678711     
  -97200.0000000000        1.06244127798709     
  -97150.0000000000        1.06098650005879     
  -97100.0000000000        1.05953382918960     
  -97050.0000000000        1.05808326508850     
  -97000.0000000000        1.05663479838404     
  -96950.0000000000        1.05518843187019     
  -96900.0000000000        1.05374415972619     
  -96850.0000000000        1.05230198017671     
  -96800.0000000000        1.05086189348367     
  -96750.0000000000        1.04942389114876     
  -96700.0000000000        1.04798797145486     
  -96650.0000000000        1.04655413693399     
  -96600.0000000000        1.04512237478048     
  -96550.0000000000        1.04369269061135     
  -96500.0000000000        1.04226507796557     
  -96450.0000000000        1.04083952822839     
  -96400.0000000000        1.03941604751162     
  -96350.0000000000        1.03799462533789     
  -96300.0000000000        1.03657526054303     
  -96250.0000000000        1.03515795027488     
  -96200.0000000000        1.03374269124470     
  -96150.0000000000        1.03232947678771     
  -96100.0000000000        1.03091830818448     
  -96050.0000000000        1.02950917763519     
  -96000.0000000000        1.02810208365554     
  -95950.0000000000        1.02669701946434     
  -95900.0000000000        1.02529398503248     
  -95850.0000000000        1.02389297404443     
  -95800.0000000000        1.02249398629647     
  -95750.0000000000        1.02109701425070     
  -95700.0000000000        1.01970205301768     
  -95650.0000000000        1.01830910221906     
  -95600.0000000000        1.01691815676168     
  -95550.0000000000        1.01552921146504     
  -95500.0000000000        1.01414225957706     
  -95450.0000000000        1.01275730406633     
  -95400.0000000000        1.01137433672557     
  -95350.0000000000        1.00999335490633     
  -95300.0000000000        1.00861435208935     
  -95250.0000000000        1.00723732486949     
  -95200.0000000000        1.00586227129679     
  -95150.0000000000        1.00448918170878     
  -95100.0000000000        1.00311806198442     
  -95050.0000000000        1.00174889937625     
  -95000.0000000000        1.00038169423351     
  -94950.0000000000       0.999016437999671     
  -94900.0000000000       0.997653130441904     
  -94850.0000000000       0.996291765448404     
  -94800.0000000000       0.994932339541265     
  -94750.0000000000       0.993574848354911     
  -94700.0000000000       0.992219285617466     
  -94650.0000000000       0.990865653366200     
  -94600.0000000000       0.989513941109180     
  -94550.0000000000       0.988164148991928     
  -94500.0000000000       0.986816269010887     
  -94450.0000000000       0.985470300001907     
  -94400.0000000000       0.984126238923636     
  -94350.0000000000       0.982784079169505     
  -94300.0000000000       0.981443815413513     
  -94250.0000000000       0.980105448907125     
  -94200.0000000000       0.978768973058322     
  -94150.0000000000       0.977434381042258     
  -94100.0000000000       0.976101673280937     
  -94050.0000000000       0.974770842993166     
  -94000.0000000000       0.973441888199886     
  -93950.0000000000       0.972114803807926     
  -93900.0000000000       0.970789590282948     
  -93850.0000000000       0.969466236609151     
  -93800.0000000000       0.968144744445453     
  -93750.0000000000       0.966825110546779     
  -93700.0000000000       0.965507328524836     
  -93650.0000000000       0.964191395309172     
  -93600.0000000000       0.962877309473697     
  -93550.0000000000       0.961565064688330     
  -93500.0000000000       0.960254663237720     
  -93450.0000000000       0.958946097613079     
  -93400.0000000000       0.957639365704381     
  -93350.0000000000       0.956334461006918     
  -93300.0000000000       0.955031384626636     
  -93250.0000000000       0.953730135035585     
  -93200.0000000000       0.952430703677237     
  -93150.0000000000       0.951133091264637     
  -93100.0000000000       0.949837297521299     
  -93050.0000000000       0.948543314589188     
  -93000.0000000000       0.947251144621987     
  -92950.0000000000       0.945960780096357     
  -92900.0000000000       0.944672222336521     
  -92850.0000000000       0.943385468926863     
  -92800.0000000000       0.942100516491337     
  -92750.0000000000       0.940817363327369     
  -92700.0000000000       0.939536004545516     
  -92650.0000000000       0.938256444846047     
  -92600.0000000000       0.936978675366845     
  -92550.0000000000       0.935702695045620     
  -92500.0000000000       0.934428509222926     
  -92450.0000000000       0.933156106300885     
  -92400.0000000000       0.931885491649155     
  -92350.0000000000       0.930616661105887     
  -92300.0000000000       0.929349612561055     
  -92250.0000000000       0.928084347193362     
  -92200.0000000000       0.926820862441673     
  -92150.0000000000       0.925559157636599     
  -92100.0000000000       0.924299229634926     
  -92050.0000000000       0.923041078815004     
  -92000.0000000000       0.921784706006292     
  -91950.0000000000       0.920530107963714     
  -91900.0000000000       0.919277287175646     
  -91850.0000000000       0.918026238490711     
  -91800.0000000000       0.916776964921155     
  -91750.0000000000       0.915529464400606     
  -91700.0000000000       0.914283734658966     
  -91650.0000000000       0.913039780032705     
  -91600.0000000000       0.911797596112592     
  -91550.0000000000       0.910557187729864     
  -91500.0000000000       0.909318548961892     
  -91450.0000000000       0.908081683825003     
  -91400.0000000000       0.906846592872171     
  -91350.0000000000       0.905613271970651     
  -91300.0000000000       0.904381723405095     
  -91250.0000000000       0.903151950216852     
  -91200.0000000000       0.901923947429168     
  -91150.0000000000       0.900697721444885     
  -91100.0000000000       0.899473267738358     
  -91050.0000000000       0.898250588812516     
  -91000.0000000000       0.897029687053873     
  -90950.0000000000       0.895810560177779     
  -90900.0000000000       0.894593207529397     
  -90850.0000000000       0.893377636384685     
  -90800.0000000000       0.892163839991554     
  -90750.0000000000       0.890951823224896     
  -90700.0000000000       0.889741585342563     
  -90650.0000000000       0.888533128789277     
  -90600.0000000000       0.887326452037087     
  -90550.0000000000       0.886121559407911     
  -90500.0000000000       0.884918445372023     
  -90450.0000000000       0.883717116899788     
  -90400.0000000000       0.882517572070356     
  -90350.0000000000       0.881319811902358     
  -90300.0000000000       0.880123838971485     
  -90250.0000000000       0.878929649581551     
  -90200.0000000000       0.877737249291386     
  -90150.0000000000       0.876546633997350     
  -90100.0000000000       0.875357809462002     
  -90050.0000000000       0.874170772614889     
  -90000.0000000000       0.872985524401884     
  -89950.0000000000       0.871802064299118     
  -89900.0000000000       0.870620394969592     
  -89850.0000000000       0.869440516529721     
  -89800.0000000000       0.868262424774002     
  -89750.0000000000       0.867086124024354     
  -89700.0000000000       0.865911613989738     
  -89650.0000000000       0.864738890290027     
  -89600.0000000000       0.863567956315819     
  -89550.0000000000       0.862398811572348     
  -89500.0000000000       0.861231453905930     
  -89450.0000000000       0.860065878354362     
  -89400.0000000000       0.858902091771597     
  -89350.0000000000       0.857740087987622     
  -89300.0000000000       0.856579863713705     
  -89250.0000000000       0.855421421874780     
  -89200.0000000000       0.854264757290366     
  -89150.0000000000       0.853109868621686     
  -89100.0000000000       0.851956749917008     
  -89050.0000000000       0.850805403795675     
  -89000.0000000000       0.849655824553338     
  -88950.0000000000       0.848508008421049     
  -88900.0000000000       0.847361950829509     
  -88850.0000000000       0.846217648140737     
  -88800.0000000000       0.845075096076471     
  -88750.0000000000       0.843934289339813     
  -88700.0000000000       0.842795221527922     
  -88650.0000000000       0.841657888828195     
  -88600.0000000000       0.840522284517647     
  -88550.0000000000       0.839388399283052     
  -88500.0000000000       0.838256228991668     
  -88450.0000000000       0.837125765756355     
  -88400.0000000000       0.835997000642237     
  -88350.0000000000       0.834869923113729     
  -88300.0000000000       0.833744527961244     
  -88250.0000000000       0.832620803324971     
  -88200.0000000000       0.831498738654773     
  -88150.0000000000       0.830378320140881     
  -88100.0000000000       0.829259538237238     
  -88050.0000000000       0.828142381986254     
  -88000.0000000000       0.827026839047903     
  -87950.0000000000       0.825912892527413     
  -87900.0000000000       0.824800529211643     
  -87850.0000000000       0.823689732162165     
  -87800.0000000000       0.822580489460961     
  -87750.0000000000       0.821472780677141     
  -87700.0000000000       0.820366587940953     
  -87650.0000000000       0.819261894299416     
  -87600.0000000000       0.818158679830958     
  -87550.0000000000       0.817056925501674     
  -87500.0000000000       0.815956606704276     
  -87450.0000000000       0.814857703677262     
  -87400.0000000000       0.813760192453628     
  -87350.0000000000       0.812664047494764     
  -87300.0000000000       0.811569241966936     
  -87250.0000000000       0.810475753896753     
  -87200.0000000000       0.809383553234511     
  -87150.0000000000       0.808292610214266     
  -87100.0000000000       0.807202896299714     
  -87050.0000000000       0.806114379251085     
  -87000.0000000000       0.805027026508469     
  -86950.0000000000       0.803940802572470     
  -86900.0000000000       0.802855673879094     
  -86850.0000000000       0.801771605569229     
  -86800.0000000000       0.800688556228124     
  -86750.0000000000       0.799606488086283     
  -86700.0000000000       0.798525359445193     
  -86650.0000000000       0.797445128097024     
  -86600.0000000000       0.796365752277779     
  -86550.0000000000       0.795287180844753     
  -86500.0000000000       0.794209373496415     
  -86450.0000000000       0.793132273545780     
  -86400.0000000000       0.792055833684572     
  -86350.0000000000       0.790980004567245     
