 -0.1156500E+06  0.1762917E+01
 -0.1156000E+06  0.1760474E+01
 -0.1155500E+06  0.1758036E+01
 -0.1155000E+06  0.1755604E+01
 -0.1154500E+06  0.1753178E+01
 -0.1154000E+06  0.1750758E+01
 -0.1153500E+06  0.1748342E+01
 -0.1153000E+06  0.1745932E+01
 -0.1152500E+06  0.1743527E+01
 -0.1152000E+06  0.1741127E+01
 -0.1151500E+06  0.1738732E+01
 -0.1151000E+06  0.1736342E+01
 -0.1150500E+06  0.1733956E+01
 -0.1150000E+06  0.1731576E+01
 -0.1149500E+06  0.1729200E+01
 -0.1149000E+06  0.1726828E+01
 -0.1148500E+06  0.1724461E+01
 -0.1148000E+06  0.1722098E+01
 -0.1147500E+06  0.1719740E+01
 -0.1147000E+06  0.1717386E+01
 -0.1146500E+06  0.1715036E+01
 -0.1146000E+06  0.1712690E+01
 -0.1145500E+06  0.1710348E+01
 -0.1145000E+06  0.1708009E+01
 -0.1144500E+06  0.1705675E+01
 -0.1144000E+06  0.1703345E+01
 -0.1143500E+06  0.1701018E+01
 -0.1143000E+06  0.1698695E+01
 -0.1142500E+06  0.1696375E+01
 -0.1142000E+06  0.1694059E+01
 -0.1141500E+06  0.1691747E+01
 -0.1141000E+06  0.1689438E+01
 -0.1140500E+06  0.1687132E+01
 -0.1140000E+06  0.1684830E+01
 -0.1139500E+06  0.1682531E+01
 -0.1139000E+06  0.1680235E+01
 -0.1138500E+06  0.1677942E+01
 -0.1138000E+06  0.1675653E+01
 -0.1137500E+06  0.1673366E+01
 -0.1137000E+06  0.1671083E+01
 -0.1136500E+06  0.1668803E+01
 -0.1136000E+06  0.1666526E+01
 -0.1135500E+06  0.1664251E+01
 -0.1135000E+06  0.1661980E+01
 -0.1134500E+06  0.1659712E+01
 -0.1134000E+06  0.1657446E+01
 -0.1133500E+06  0.1655184E+01
 -0.1133000E+06  0.1652924E+01
 -0.1132500E+06  0.1650667E+01
 -0.1132000E+06  0.1648413E+01
 -0.1131500E+06  0.1646162E+01
 -0.1131000E+06  0.1643914E+01
 -0.1130500E+06  0.1641668E+01
 -0.1130000E+06  0.1639425E+01
 -0.1129500E+06  0.1637185E+01
 -0.1129000E+06  0.1634947E+01
 -0.1128500E+06  0.1632713E+01
 -0.1128000E+06  0.1630481E+01
 -0.1127500E+06  0.1628251E+01
