 -0.1141850E+06  0.1693365E+01
 -0.1141350E+06  0.1691054E+01
 -0.1140850E+06  0.1688746E+01
 -0.1140350E+06  0.1686441E+01
 -0.1139850E+06  0.1684140E+01
 -0.1139350E+06  0.1681841E+01
 -0.1138850E+06  0.1679547E+01
 -0.1138350E+06  0.1677255E+01
 -0.1137850E+06  0.1674966E+01
 -0.1137350E+06  0.1672681E+01
 -0.1136850E+06  0.1670399E+01
 -0.1136350E+06  0.1668119E+01
 -0.1135850E+06  0.1665843E+01
 -0.1135350E+06  0.1663570E+01
 -0.1134850E+06  0.1661299E+01
 -0.1134350E+06  0.1659032E+01
 -0.1133850E+06  0.1656767E+01
 -0.1133350E+06  0.1654506E+01
 -0.1132850E+06  0.1652247E+01
 -0.1132350E+06  0.1649991E+01
 -0.1131850E+06  0.1647738E+01
 -0.1131350E+06  0.1645487E+01
 -0.1130850E+06  0.1643240E+01
 -0.1130350E+06  0.1640995E+01
 -0.1129850E+06  0.1638753E+01
 -0.1129350E+06  0.1636513E+01
 -0.1128850E+06  0.1634277E+01
 -0.1128350E+06  0.1632043E+01
 -0.1127850E+06  0.1629812E+01
 -0.1127350E+06  0.1627583E+01
 -0.1126850E+06  0.1625357E+01
 -0.1126350E+06  0.1623134E+01
 -0.1125850E+06  0.1620914E+01
 -0.1125350E+06  0.1618696E+01
 -0.1124850E+06  0.1616481E+01
 -0.1124350E+06  0.1614269E+01
 -0.1123850E+06  0.1612060E+01
 -0.1123350E+06  0.1609853E+01
 -0.1122850E+06  0.1607649E+01
 -0.1122350E+06  0.1605447E+01
 -0.1121850E+06  0.1603249E+01
 -0.1121350E+06  0.1601053E+01
 -0.1120850E+06  0.1598859E+01
 -0.1120350E+06  0.1596669E+01
 -0.1119850E+06  0.1594481E+01
 -0.1119350E+06  0.1592296E+01
 -0.1118850E+06  0.1590114E+01
 -0.1118350E+06  0.1587935E+01
 -0.1117850E+06  0.1585758E+01
 -0.1117350E+06  0.1583584E+01
 -0.1116850E+06  0.1581413E+01
 -0.1116350E+06  0.1579245E+01
 -0.1115850E+06  0.1577080E+01
 -0.1115350E+06  0.1574918E+01
 -0.1114850E+06  0.1572758E+01
 -0.1114350E+06  0.1570601E+01
 -0.1113850E+06  0.1568447E+01
 -0.1113350E+06  0.1566296E+01
 -0.1112850E+06  0.1564148E+01
 -0.1112350E+06  0.1562003E+01
 -0.1111850E+06  0.1559860E+01
 -0.1111350E+06  0.1557721E+01
 -0.1110850E+06  0.1555584E+01
 -0.1110350E+06  0.1553451E+01
 -0.1109850E+06  0.1551320E+01
 -0.1109350E+06  0.1549193E+01
 -0.1108850E+06  0.1547068E+01
 -0.1108350E+06  0.1544946E+01
 -0.1107850E+06  0.1542827E+01
 -0.1107350E+06  0.1540711E+01
 -0.1106850E+06  0.1538599E+01
 -0.1106350E+06  0.1536489E+01
 -0.1105850E+06  0.1534382E+01
 -0.1105350E+06  0.1532278E+01
 -0.1104850E+06  0.1530177E+01
 -0.1104350E+06  0.1528079E+01
 -0.1103850E+06  0.1525984E+01
 -0.1103350E+06  0.1523892E+01
 -0.1102850E+06  0.1521803E+01
 -0.1102350E+06  0.1519717E+01
 -0.1101850E+06  0.1517634E+01
 -0.1101350E+06  0.1515553E+01
 -0.1100850E+06  0.1513476E+01
 -0.1100350E+06  0.1511402E+01
 -0.1099850E+06  0.1509331E+01
 -0.1099350E+06  0.1507262E+01
 -0.1098850E+06  0.1505197E+01
 -0.1098350E+06  0.1503135E+01
