 -0.1127200E+06  0.1626919E+01
 -0.1126700E+06  0.1624694E+01
 -0.1126200E+06  0.1622471E+01
 -0.1125700E+06  0.1620251E+01
 -0.1125200E+06  0.1618034E+01
 -0.1124700E+06  0.1615819E+01
 -0.1124200E+06  0.1613607E+01
 -0.1123700E+06  0.1611398E+01
 -0.1123200E+06  0.1609191E+01
 -0.1122700E+06  0.1606988E+01
 -0.1122200E+06  0.1604787E+01
 -0.1121700E+06  0.1602588E+01
 -0.1121200E+06  0.1600393E+01
 -0.1120700E+06  0.1598200E+01
 -0.1120200E+06  0.1596010E+01
 -0.1119700E+06  0.1593823E+01
 -0.1119200E+06  0.1591639E+01
 -0.1118700E+06  0.1589457E+01
 -0.1118200E+06  0.1587278E+01
 -0.1117700E+06  0.1585102E+01
 -0.1117200E+06  0.1582929E+01
 -0.1116700E+06  0.1580759E+01
 -0.1116200E+06  0.1578592E+01
 -0.1115700E+06  0.1576427E+01
 -0.1115200E+06  0.1574266E+01
 -0.1114700E+06  0.1572107E+01
 -0.1114200E+06  0.1569951E+01
 -0.1113700E+06  0.1567799E+01
 -0.1113200E+06  0.1565648E+01
 -0.1112700E+06  0.1563502E+01
 -0.1112200E+06  0.1561358E+01
 -0.1111700E+06  0.1559217E+01
 -0.1111200E+06  0.1557078E+01
 -0.1110700E+06  0.1554943E+01
 -0.1110200E+06  0.1552811E+01
 -0.1109700E+06  0.1550681E+01
 -0.1109200E+06  0.1548555E+01
 -0.1108700E+06  0.1546432E+01
 -0.1108200E+06  0.1544311E+01
 -0.1107700E+06  0.1542194E+01
 -0.1107200E+06  0.1540079E+01
 -0.1106700E+06  0.1537968E+01
 -0.1106200E+06  0.1535859E+01
 -0.1105700E+06  0.1533753E+01
 -0.1105200E+06  0.1531650E+01
 -0.1104700E+06  0.1529551E+01
 -0.1104200E+06  0.1527454E+01
 -0.1103700E+06  0.1525360E+01
 -0.1103200E+06  0.1523270E+01
 -0.1102700E+06  0.1521181E+01
 -0.1102200E+06  0.1519097E+01
 -0.1101700E+06  0.1517014E+01
 -0.1101200E+06  0.1514935E+01
 -0.1100700E+06  0.1512858E+01
 -0.1100200E+06  0.1510785E+01
 -0.1099700E+06  0.1508715E+01
 -0.1099200E+06  0.1506647E+01
 -0.1098700E+06  0.1504582E+01
 -0.1098200E+06  0.1502520E+01
 -0.1097700E+06  0.1500461E+01
 -0.1097200E+06  0.1498405E+01
 -0.1096700E+06  0.1496352E+01
 -0.1096200E+06  0.1494302E+01
 -0.1095700E+06  0.1492254E+01
 -0.1095200E+06  0.1490209E+01
 -0.1094700E+06  0.1488167E+01
 -0.1094200E+06  0.1486128E+01
 -0.1093700E+06  0.1484091E+01
 -0.1093200E+06  0.1482058E+01
 -0.1092700E+06  0.1480027E+01
 -0.1092200E+06  0.1477999E+01
 -0.1091700E+06  0.1475974E+01
 -0.1091200E+06  0.1473951E+01
 -0.1090700E+06  0.1471931E+01
 -0.1090200E+06  0.1469914E+01
 -0.1089700E+06  0.1467900E+01
 -0.1089200E+06  0.1465888E+01
 -0.1088700E+06  0.1463879E+01
 -0.1088200E+06  0.1461872E+01
 -0.1087700E+06  0.1459869E+01
 -0.1087200E+06  0.1457868E+01
 -0.1086700E+06  0.1455869E+01
 -0.1086200E+06  0.1453874E+01
 -0.1085700E+06  0.1451881E+01
 -0.1085200E+06  0.1449890E+01
 -0.1084700E+06  0.1447902E+01
 -0.1084200E+06  0.1445918E+01
 -0.1083700E+06  0.1443935E+01
 -0.1083200E+06  0.1441955E+01
 -0.1082700E+06  0.1439978E+01
 -0.1082200E+06  0.1438004E+01
 -0.1081700E+06  0.1436031E+01
 -0.1081200E+06  0.1434062E+01
 -0.1080700E+06  0.1432095E+01
 -0.1080200E+06  0.1430130E+01
 -0.1079700E+06  0.1428169E+01
 -0.1079200E+06  0.1426210E+01
 -0.1078700E+06  0.1424253E+01
 -0.1078200E+06  0.1422299E+01
 -0.1077700E+06  0.1420347E+01
 -0.1077200E+06  0.1418398E+01
 -0.1076700E+06  0.1416452E+01
 -0.1076200E+06  0.1414508E+01
 -0.1075700E+06  0.1412567E+01
 -0.1075200E+06  0.1410628E+01
 -0.1074700E+06  0.1408692E+01
 -0.1074200E+06  0.1406758E+01
 -0.1073700E+06  0.1404827E+01
 -0.1073200E+06  0.1402898E+01
 -0.1072700E+06  0.1400972E+01
 -0.1072200E+06  0.1399049E+01
 -0.1071700E+06  0.1397128E+01
 -0.1071200E+06  0.1395209E+01
 -0.1070700E+06  0.1393294E+01
 -0.1070200E+06  0.1391380E+01
 -0.1069700E+06  0.1389469E+01
 -0.1069200E+06  0.1387561E+01
 -0.1068700E+06  0.1385656E+01
