 -0.1097900E+06  0.1501288E+01
 -0.1097400E+06  0.1499231E+01
 -0.1096900E+06  0.1497177E+01
 -0.1096400E+06  0.1495125E+01
 -0.1095900E+06  0.1493076E+01
 -0.1095400E+06  0.1491031E+01
 -0.1094900E+06  0.1488988E+01
 -0.1094400E+06  0.1486947E+01
 -0.1093900E+06  0.1484910E+01
 -0.1093400E+06  0.1482875E+01
 -0.1092900E+06  0.1480843E+01
 -0.1092400E+06  0.1478814E+01
 -0.1091900E+06  0.1476787E+01
 -0.1091400E+06  0.1474763E+01
 -0.1090900E+06  0.1472742E+01
 -0.1090400E+06  0.1470724E+01
 -0.1089900E+06  0.1468708E+01
 -0.1089400E+06  0.1466695E+01
 -0.1088900E+06  0.1464685E+01
 -0.1088400E+06  0.1462677E+01
 -0.1087900E+06  0.1460672E+01
 -0.1087400E+06  0.1458670E+01
 -0.1086900E+06  0.1456670E+01
 -0.1086400E+06  0.1454673E+01
 -0.1085900E+06  0.1452679E+01
 -0.1085400E+06  0.1450687E+01
 -0.1084900E+06  0.1448698E+01
 -0.1084400E+06  0.1446711E+01
 -0.1083900E+06  0.1444727E+01
 -0.1083400E+06  0.1442746E+01
 -0.1082900E+06  0.1440768E+01
 -0.1082400E+06  0.1438792E+01
 -0.1081900E+06  0.1436818E+01
 -0.1081400E+06  0.1434847E+01
 -0.1080900E+06  0.1432879E+01
 -0.1080400E+06  0.1430914E+01
 -0.1079900E+06  0.1428951E+01
 -0.1079400E+06  0.1426990E+01
 -0.1078900E+06  0.1425032E+01
 -0.1078400E+06  0.1423077E+01
 -0.1077900E+06  0.1421124E+01
 -0.1077400E+06  0.1419174E+01
 -0.1076900E+06  0.1417227E+01
 -0.1076400E+06  0.1415282E+01
 -0.1075900E+06  0.1413339E+01
 -0.1075400E+06  0.1411399E+01
 -0.1074900E+06  0.1409462E+01
 -0.1074400E+06  0.1407528E+01
 -0.1073900E+06  0.1405595E+01
 -0.1073400E+06  0.1403666E+01
 -0.1072900E+06  0.1401739E+01
 -0.1072400E+06  0.1399814E+01
 -0.1071900E+06  0.1397893E+01
 -0.1071400E+06  0.1395973E+01
 -0.1070900E+06  0.1394057E+01
 -0.1070400E+06  0.1392142E+01
 -0.1069900E+06  0.1390231E+01
 -0.1069400E+06  0.1388322E+01
 -0.1068900E+06  0.1386415E+01
 -0.1068400E+06  0.1384511E+01
 -0.1067900E+06  0.1382610E+01
 -0.1067400E+06  0.1380711E+01
 -0.1066900E+06  0.1378815E+01
 -0.1066400E+06  0.1376921E+01
 -0.1065900E+06  0.1375030E+01
 -0.1065400E+06  0.1373141E+01
 -0.1064900E+06  0.1371255E+01
 -0.1064400E+06  0.1369372E+01
 -0.1063900E+06  0.1367491E+01
 -0.1063400E+06  0.1365613E+01
 -0.1062900E+06  0.1363737E+01
 -0.1062400E+06  0.1361864E+01
 -0.1061900E+06  0.1359993E+01
 -0.1061400E+06  0.1358125E+01
 -0.1060900E+06  0.1356259E+01
 -0.1060400E+06  0.1354396E+01
 -0.1059900E+06  0.1352536E+01
 -0.1059400E+06  0.1350678E+01
 -0.1058900E+06  0.1348823E+01
 -0.1058400E+06  0.1346970E+01
 -0.1057900E+06  0.1345120E+01
 -0.1057400E+06  0.1343273E+01
 -0.1056900E+06  0.1341428E+01
 -0.1056400E+06  0.1339585E+01
 -0.1055900E+06  0.1337745E+01
 -0.1055400E+06  0.1335908E+01
 -0.1054900E+06  0.1334073E+01
 -0.1054400E+06  0.1332241E+01
 -0.1053900E+06  0.1330411E+01
 -0.1053400E+06  0.1328584E+01
 -0.1052900E+06  0.1326759E+01
 -0.1052400E+06  0.1324937E+01
 -0.1051900E+06  0.1323118E+01
 -0.1051400E+06  0.1321301E+01
 -0.1050900E+06  0.1319487E+01
 -0.1050400E+06  0.1317675E+01
 -0.1049900E+06  0.1315865E+01
 -0.1049400E+06  0.1314059E+01
 -0.1048900E+06  0.1312254E+01
 -0.1048400E+06  0.1310453E+01
 -0.1047900E+06  0.1308654E+01
 -0.1047400E+06  0.1306857E+01
 -0.1046900E+06  0.1305063E+01
 -0.1046400E+06  0.1303271E+01
 -0.1045900E+06  0.1301482E+01
 -0.1045400E+06  0.1299696E+01
 -0.1044900E+06  0.1297912E+01
 -0.1044400E+06  0.1296130E+01
 -0.1043900E+06  0.1294351E+01
 -0.1043400E+06  0.1292575E+01
 -0.1042900E+06  0.1290801E+01
 -0.1042400E+06  0.1289029E+01
 -0.1041900E+06  0.1287260E+01
 -0.1041400E+06  0.1285493E+01
 -0.1040900E+06  0.1283729E+01
 -0.1040400E+06  0.1281968E+01
 -0.1039900E+06  0.1280209E+01
 -0.1039400E+06  0.1278452E+01
 -0.1038900E+06  0.1276698E+01
 -0.1038400E+06  0.1274946E+01
 -0.1037900E+06  0.1273197E+01
 -0.1037400E+06  0.1271450E+01
 -0.1036900E+06  0.1269706E+01
 -0.1036400E+06  0.1267964E+01
 -0.1035900E+06  0.1266224E+01
 -0.1035400E+06  0.1264487E+01
 -0.1034900E+06  0.1262752E+01
 -0.1034400E+06  0.1261020E+01
 -0.1033900E+06  0.1259290E+01
 -0.1033400E+06  0.1257563E+01
 -0.1032900E+06  0.1255838E+01
 -0.1032400E+06  0.1254115E+01
 -0.1031900E+06  0.1252395E+01
 -0.1031400E+06  0.1250677E+01
 -0.1030900E+06  0.1248961E+01
 -0.1030400E+06  0.1247248E+01
 -0.1029900E+06  0.1245537E+01
 -0.1029400E+06  0.1243829E+01
 -0.1028900E+06  0.1242123E+01
 -0.1028400E+06  0.1240419E+01
 -0.1027900E+06  0.1238717E+01
 -0.1027400E+06  0.1237018E+01
 -0.1026900E+06  0.1235321E+01
 -0.1026400E+06  0.1233627E+01
 -0.1025900E+06  0.1231935E+01
 -0.1025400E+06  0.1230245E+01
 -0.1024900E+06  0.1228557E+01
