 -0.1156500E+06  0.1762901E+01
 -0.1156000E+06  0.1760463E+01
 -0.1155500E+06  0.1758030E+01
 -0.1155000E+06  0.1755602E+01
 -0.1154500E+06  0.1753179E+01
 -0.1154000E+06  0.1750761E+01
 -0.1153500E+06  0.1748347E+01
 -0.1153000E+06  0.1745939E+01
 -0.1152500E+06  0.1743534E+01
 -0.1152000E+06  0.1741135E+01
 -0.1151500E+06  0.1738740E+01
 -0.1151000E+06  0.1736350E+01
 -0.1150500E+06  0.1733964E+01
 -0.1150000E+06  0.1731583E+01
 -0.1149500E+06  0.1729207E+01
 -0.1149000E+06  0.1726834E+01
 -0.1148500E+06  0.1724466E+01
 -0.1148000E+06  0.1722103E+01
 -0.1147500E+06  0.1719743E+01
 -0.1147000E+06  0.1717388E+01
 -0.1146500E+06  0.1715037E+01
 -0.1146000E+06  0.1712690E+01
 -0.1145500E+06  0.1710347E+01
 -0.1145000E+06  0.1708008E+01
 -0.1144500E+06  0.1705673E+01
 -0.1144000E+06  0.1703342E+01
 -0.1143500E+06  0.1701014E+01
 -0.1143000E+06  0.1698691E+01
 -0.1142500E+06  0.1696371E+01
 -0.1142000E+06  0.1694054E+01
 -0.1141500E+06  0.1691741E+01
 -0.1141000E+06  0.1689432E+01
 -0.1140500E+06  0.1687126E+01
 -0.1140000E+06  0.1684824E+01
 -0.1139500E+06  0.1682525E+01
 -0.1139000E+06  0.1680229E+01
 -0.1138500E+06  0.1677937E+01
 -0.1138000E+06  0.1675648E+01
 -0.1137500E+06  0.1673361E+01
 -0.1137000E+06  0.1671079E+01
 -0.1136500E+06  0.1668799E+01
 -0.1136000E+06  0.1666522E+01
 -0.1135500E+06  0.1664248E+01
 -0.1135000E+06  0.1661978E+01
 -0.1134500E+06  0.1659710E+01
 -0.1134000E+06  0.1657445E+01
 -0.1133500E+06  0.1655183E+01
 -0.1133000E+06  0.1652924E+01
 -0.1132500E+06  0.1650668E+01
 -0.1132000E+06  0.1648415E+01
 -0.1131500E+06  0.1646164E+01
 -0.1131000E+06  0.1643916E+01
 -0.1130500E+06  0.1641671E+01
 -0.1130000E+06  0.1639429E+01
 -0.1129500E+06  0.1637189E+01
 -0.1129000E+06  0.1634952E+01
 -0.1128500E+06  0.1632718E+01
 -0.1128000E+06  0.1630487E+01
 -0.1127500E+06  0.1628258E+01
 -0.1141500E+06  0.1691741E+01
 -0.1141000E+06  0.1689432E+01
 -0.1140500E+06  0.1687126E+01
 -0.1140000E+06  0.1684824E+01
 -0.1139500E+06  0.1682525E+01
 -0.1139000E+06  0.1680229E+01
 -0.1138500E+06  0.1677937E+01
 -0.1138000E+06  0.1675648E+01
 -0.1137500E+06  0.1673361E+01
 -0.1137000E+06  0.1671079E+01
 -0.1136500E+06  0.1668799E+01
 -0.1136000E+06  0.1666522E+01
 -0.1135500E+06  0.1664248E+01
 -0.1135000E+06  0.1661978E+01
 -0.1134500E+06  0.1659710E+01
 -0.1134000E+06  0.1657445E+01
 -0.1133500E+06  0.1655183E+01
 -0.1133000E+06  0.1652924E+01
 -0.1132500E+06  0.1650668E+01
 -0.1132000E+06  0.1648415E+01
 -0.1131500E+06  0.1646164E+01
 -0.1131000E+06  0.1643916E+01
 -0.1130500E+06  0.1641671E+01
 -0.1130000E+06  0.1639429E+01
 -0.1129500E+06  0.1637189E+01
 -0.1129000E+06  0.1634952E+01
 -0.1128500E+06  0.1632718E+01
 -0.1128000E+06  0.1630487E+01
 -0.1127500E+06  0.1628258E+01
 -0.1127000E+06  0.1626032E+01
 -0.1126500E+06  0.1623808E+01
 -0.1126000E+06  0.1621587E+01
 -0.1125500E+06  0.1619369E+01
 -0.1125000E+06  0.1617153E+01
 -0.1124500E+06  0.1614940E+01
 -0.1124000E+06  0.1612730E+01
 -0.1123500E+06  0.1610523E+01
 -0.1123000E+06  0.1608318E+01
 -0.1122500E+06  0.1606115E+01
 -0.1122000E+06  0.1603916E+01
 -0.1121500E+06  0.1601719E+01
 -0.1121000E+06  0.1599525E+01
 -0.1120500E+06  0.1597333E+01
 -0.1120000E+06  0.1595144E+01
 -0.1119500E+06  0.1592958E+01
 -0.1119000E+06  0.1590775E+01
 -0.1118500E+06  0.1588594E+01
 -0.1118000E+06  0.1586416E+01
 -0.1117500E+06  0.1584241E+01
 -0.1117000E+06  0.1582069E+01
 -0.1116500E+06  0.1579899E+01
 -0.1116000E+06  0.1577732E+01
 -0.1115500E+06  0.1575568E+01
 -0.1115000E+06  0.1573407E+01
 -0.1114500E+06  0.1571249E+01
 -0.1114000E+06  0.1569094E+01
 -0.1113500E+06  0.1566941E+01
 -0.1113000E+06  0.1564792E+01
 -0.1112500E+06  0.1562645E+01
 -0.1112000E+06  0.1560501E+01
 -0.1111500E+06  0.1558360E+01
 -0.1111000E+06  0.1556222E+01
 -0.1110500E+06  0.1554087E+01
 -0.1110000E+06  0.1551955E+01
 -0.1109500E+06  0.1549826E+01
 -0.1109000E+06  0.1547701E+01
 -0.1108500E+06  0.1545578E+01
 -0.1108000E+06  0.1543458E+01
 -0.1107500E+06  0.1541341E+01
 -0.1107000E+06  0.1539227E+01
 -0.1106500E+06  0.1537116E+01
 -0.1106000E+06  0.1535008E+01
 -0.1105500E+06  0.1532903E+01
 -0.1105000E+06  0.1530801E+01
 -0.1104500E+06  0.1528702E+01
 -0.1104000E+06  0.1526607E+01
 -0.1103500E+06  0.1524514E+01
 -0.1103000E+06  0.1522424E+01
 -0.1102500E+06  0.1520338E+01
 -0.1102000E+06  0.1518254E+01
 -0.1101500E+06  0.1516174E+01
 -0.1101000E+06  0.1514096E+01
 -0.1100500E+06  0.1512022E+01
 -0.1100000E+06  0.1509950E+01
 -0.1099500E+06  0.1507882E+01
 -0.1099000E+06  0.1505816E+01
 -0.1098500E+06  0.1503754E+01
 -0.1098000E+06  0.1501694E+01
 -0.1127000E+06  0.1626039E+01
 -0.1126500E+06  0.1623814E+01
 -0.1126000E+06  0.1621591E+01
 -0.1125500E+06  0.1619371E+01
 -0.1125000E+06  0.1617154E+01
 -0.1124500E+06  0.1614939E+01
 -0.1124000E+06  0.1612726E+01
 -0.1123500E+06  0.1610517E+01
 -0.1123000E+06  0.1608310E+01
 -0.1122500E+06  0.1606107E+01
 -0.1122000E+06  0.1603906E+01
 -0.1121500E+06  0.1601708E+01
 -0.1121000E+06  0.1599512E+01
 -0.1120500E+06  0.1597319E+01
 -0.1120000E+06  0.1595130E+01
 -0.1119500E+06  0.1592943E+01
 -0.1119000E+06  0.1590759E+01
 -0.1118500E+06  0.1588578E+01
 -0.1118000E+06  0.1586400E+01
 -0.1117500E+06  0.1584225E+01
 -0.1117000E+06  0.1582052E+01
 -0.1116500E+06  0.1579883E+01
 -0.1116000E+06  0.1577717E+01
 -0.1115500E+06  0.1575553E+01
 -0.1115000E+06  0.1573393E+01
 -0.1114500E+06  0.1571236E+01
 -0.1114000E+06  0.1569081E+01
 -0.1113500E+06  0.1566929E+01
 -0.1113000E+06  0.1564781E+01
 -0.1112500E+06  0.1562635E+01
 -0.1112000E+06  0.1560492E+01
 -0.1111500E+06  0.1558353E+01
 -0.1111000E+06  0.1556216E+01
 -0.1110500E+06  0.1554083E+01
 -0.1110000E+06  0.1551952E+01
 -0.1109500E+06  0.1549824E+01
 -0.1109000E+06  0.1547700E+01
 -0.1108500E+06  0.1545577E+01
 -0.1108000E+06  0.1543459E+01
 -0.1107500E+06  0.1541344E+01
 -0.1107000E+06  0.1539231E+01
 -0.1106500E+06  0.1537121E+01
 -0.1106000E+06  0.1535014E+01
 -0.1105500E+06  0.1532911E+01
 -0.1105000E+06  0.1530810E+01
 -0.1104500E+06  0.1528712E+01
 -0.1104000E+06  0.1526617E+01
 -0.1103500E+06  0.1524525E+01
 -0.1103000E+06  0.1522435E+01
 -0.1102500E+06  0.1520349E+01
 -0.1102000E+06  0.1518267E+01
 -0.1101500E+06  0.1516186E+01
 -0.1101000E+06  0.1514108E+01
 -0.1100500E+06  0.1512034E+01
 -0.1100000E+06  0.1509962E+01
 -0.1099500E+06  0.1507893E+01
 -0.1099000E+06  0.1505827E+01
 -0.1098500E+06  0.1503764E+01
 -0.1098000E+06  0.1501703E+01
 -0.1097500E+06  0.1499646E+01
 -0.1097000E+06  0.1497591E+01
 -0.1096500E+06  0.1495540E+01
 -0.1096000E+06  0.1493490E+01
 -0.1095500E+06  0.1491444E+01
 -0.1095000E+06  0.1489400E+01
 -0.1094500E+06  0.1487359E+01
 -0.1094000E+06  0.1485321E+01
 -0.1093500E+06  0.1483286E+01
 -0.1093000E+06  0.1481253E+01
 -0.1092500E+06  0.1479223E+01
 -0.1092000E+06  0.1477196E+01
 -0.1091500E+06  0.1475172E+01
 -0.1091000E+06  0.1473150E+01
 -0.1090500E+06  0.1471131E+01
 -0.1090000E+06  0.1469114E+01
 -0.1089500E+06  0.1467100E+01
 -0.1089000E+06  0.1465090E+01
 -0.1088500E+06  0.1463081E+01
 -0.1088000E+06  0.1461075E+01
 -0.1087500E+06  0.1459072E+01
 -0.1087000E+06  0.1457072E+01
 -0.1086500E+06  0.1455074E+01
 -0.1086000E+06  0.1453078E+01
 -0.1085500E+06  0.1451086E+01
 -0.1085000E+06  0.1449096E+01
 -0.1084500E+06  0.1447108E+01
 -0.1084000E+06  0.1445124E+01
 -0.1083500E+06  0.1443141E+01
 -0.1083000E+06  0.1441162E+01
 -0.1082500E+06  0.1439185E+01
 -0.1082000E+06  0.1437210E+01
 -0.1081500E+06  0.1435239E+01
 -0.1081000E+06  0.1433269E+01
 -0.1080500E+06  0.1431303E+01
 -0.1080000E+06  0.1429339E+01
 -0.1079500E+06  0.1427378E+01
 -0.1079000E+06  0.1425419E+01
 -0.1078500E+06  0.1423463E+01
 -0.1078000E+06  0.1421509E+01
 -0.1077500E+06  0.1419558E+01
 -0.1077000E+06  0.1417609E+01
 -0.1076500E+06  0.1415664E+01
 -0.1076000E+06  0.1413721E+01
 -0.1075500E+06  0.1411780E+01
 -0.1075000E+06  0.1409842E+01
 -0.1074500E+06  0.1407906E+01
 -0.1074000E+06  0.1405974E+01
 -0.1073500E+06  0.1404044E+01
 -0.1073000E+06  0.1402116E+01
 -0.1072500E+06  0.1400191E+01
 -0.1072000E+06  0.1398268E+01
 -0.1071500E+06  0.1396349E+01
 -0.1071000E+06  0.1394432E+01
 -0.1070500E+06  0.1392517E+01
 -0.1070000E+06  0.1390605E+01
 -0.1069500E+06  0.1388696E+01
 -0.1069000E+06  0.1386789E+01
 -0.1097500E+06  0.1499641E+01
 -0.1097000E+06  0.1497587E+01
 -0.1096500E+06  0.1495535E+01
 -0.1096000E+06  0.1493485E+01
 -0.1095500E+06  0.1491439E+01
 -0.1095000E+06  0.1489396E+01
 -0.1094500E+06  0.1487355E+01
 -0.1094000E+06  0.1485317E+01
 -0.1093500E+06  0.1483282E+01
 -0.1093000E+06  0.1481249E+01
 -0.1092500E+06  0.1479219E+01
 -0.1092000E+06  0.1477192E+01
 -0.1091500E+06  0.1475168E+01
 -0.1091000E+06  0.1473146E+01
 -0.1090500E+06  0.1471128E+01
 -0.1090000E+06  0.1469111E+01
 -0.1089500E+06  0.1467098E+01
 -0.1089000E+06  0.1465087E+01
 -0.1088500E+06  0.1463079E+01
 -0.1088000E+06  0.1461073E+01
 -0.1087500E+06  0.1459071E+01
 -0.1087000E+06  0.1457071E+01
 -0.1086500E+06  0.1455073E+01
 -0.1086000E+06  0.1453078E+01
 -0.1085500E+06  0.1451086E+01
 -0.1085000E+06  0.1449097E+01
 -0.1084500E+06  0.1447110E+01
 -0.1084000E+06  0.1445125E+01
 -0.1083500E+06  0.1443144E+01
 -0.1083000E+06  0.1441165E+01
 -0.1082500E+06  0.1439188E+01
 -0.1082000E+06  0.1437214E+01
 -0.1081500E+06  0.1435243E+01
 -0.1081000E+06  0.1433274E+01
 -0.1080500E+06  0.1431308E+01
 -0.1080000E+06  0.1429345E+01
 -0.1079500E+06  0.1427384E+01
 -0.1079000E+06  0.1425426E+01
 -0.1078500E+06  0.1423470E+01
 -0.1078000E+06  0.1421517E+01
 -0.1077500E+06  0.1419566E+01
 -0.1077000E+06  0.1417618E+01
 -0.1076500E+06  0.1415673E+01
 -0.1076000E+06  0.1413730E+01
 -0.1075500E+06  0.1411790E+01
 -0.1075000E+06  0.1409852E+01
 -0.1074500E+06  0.1407917E+01
 -0.1074000E+06  0.1405984E+01
 -0.1073500E+06  0.1404054E+01
 -0.1073000E+06  0.1402127E+01
 -0.1072500E+06  0.1400202E+01
 -0.1072000E+06  0.1398279E+01
 -0.1071500E+06  0.1396360E+01
 -0.1071000E+06  0.1394442E+01
 -0.1070500E+06  0.1392528E+01
 -0.1070000E+06  0.1390615E+01
 -0.1069500E+06  0.1388706E+01
 -0.1069000E+06  0.1386799E+01
 -0.1068500E+06  0.1384894E+01
 -0.1068000E+06  0.1382992E+01
 -0.1067500E+06  0.1381093E+01
 -0.1067000E+06  0.1379196E+01
 -0.1066500E+06  0.1377302E+01
 -0.1066000E+06  0.1375410E+01
 -0.1065500E+06  0.1373521E+01
 -0.1065000E+06  0.1371635E+01
 -0.1064500E+06  0.1369751E+01
 -0.1064000E+06  0.1367869E+01
 -0.1063500E+06  0.1365990E+01
 -0.1063000E+06  0.1364114E+01
 -0.1062500E+06  0.1362240E+01
 -0.1062000E+06  0.1360369E+01
 -0.1061500E+06  0.1358500E+01
 -0.1061000E+06  0.1356634E+01
 -0.1060500E+06  0.1354770E+01
 -0.1060000E+06  0.1352909E+01
 -0.1059500E+06  0.1351051E+01
 -0.1059000E+06  0.1349195E+01
 -0.1058500E+06  0.1347342E+01
 -0.1058000E+06  0.1345491E+01
 -0.1057500E+06  0.1343643E+01
 -0.1057000E+06  0.1341797E+01
 -0.1056500E+06  0.1339954E+01
 -0.1056000E+06  0.1338113E+01
 -0.1055500E+06  0.1336275E+01
 -0.1055000E+06  0.1334440E+01
 -0.1054500E+06  0.1332607E+01
 -0.1054000E+06  0.1330777E+01
 -0.1053500E+06  0.1328949E+01
 -0.1053000E+06  0.1327124E+01
 -0.1052500E+06  0.1325301E+01
 -0.1052000E+06  0.1323481E+01
 -0.1051500E+06  0.1321664E+01
 -0.1051000E+06  0.1319849E+01
 -0.1050500E+06  0.1318036E+01
 -0.1050000E+06  0.1316226E+01
 -0.1049500E+06  0.1314419E+01
 -0.1049000E+06  0.1312614E+01
 -0.1048500E+06  0.1310812E+01
 -0.1048000E+06  0.1309012E+01
 -0.1047500E+06  0.1307215E+01
 -0.1047000E+06  0.1305420E+01
 -0.1046500E+06  0.1303628E+01
 -0.1046000E+06  0.1301838E+01
 -0.1045500E+06  0.1300051E+01
 -0.1045000E+06  0.1298267E+01
 -0.1044500E+06  0.1296485E+01
 -0.1044000E+06  0.1294705E+01
 -0.1043500E+06  0.1292928E+01
 -0.1043000E+06  0.1291153E+01
 -0.1042500E+06  0.1289381E+01
 -0.1042000E+06  0.1287612E+01
 -0.1041500E+06  0.1285845E+01
 -0.1041000E+06  0.1284080E+01
 -0.1040500E+06  0.1282318E+01
 -0.1040000E+06  0.1280559E+01
 -0.1039500E+06  0.1278801E+01
 -0.1039000E+06  0.1277047E+01
 -0.1038500E+06  0.1275295E+01
 -0.1038000E+06  0.1273545E+01
 -0.1037500E+06  0.1271798E+01
 -0.1037000E+06  0.1270053E+01
 -0.1036500E+06  0.1268310E+01
 -0.1036000E+06  0.1266570E+01
 -0.1035500E+06  0.1264833E+01
 -0.1035000E+06  0.1263098E+01
 -0.1034500E+06  0.1261365E+01
 -0.1034000E+06  0.1259635E+01
 -0.1033500E+06  0.1257907E+01
 -0.1033000E+06  0.1256182E+01
 -0.1032500E+06  0.1254459E+01
 -0.1032000E+06  0.1252738E+01
 -0.1031500E+06  0.1251020E+01
 -0.1031000E+06  0.1249304E+01
 -0.1030500E+06  0.1247590E+01
 -0.1030000E+06  0.1245879E+01
 -0.1029500E+06  0.1244170E+01
 -0.1029000E+06  0.1242464E+01
 -0.1028500E+06  0.1240760E+01
 -0.1028000E+06  0.1239058E+01
 -0.1027500E+06  0.1237359E+01
 -0.1027000E+06  0.1235662E+01
 -0.1026500E+06  0.1233967E+01
 -0.1026000E+06  0.1232274E+01
 -0.1025500E+06  0.1230584E+01
 -0.1025000E+06  0.1228896E+01
 -0.1068500E+06  0.1384895E+01
 -0.1068000E+06  0.1382993E+01
 -0.1067500E+06  0.1381094E+01
 -0.1067000E+06  0.1379197E+01
 -0.1066500E+06  0.1377303E+01
 -0.1066000E+06  0.1375411E+01
 -0.1065500E+06  0.1373522E+01
 -0.1065000E+06  0.1371635E+01
 -0.1064500E+06  0.1369751E+01
 -0.1064000E+06  0.1367870E+01
 -0.1063500E+06  0.1365991E+01
 -0.1063000E+06  0.1364114E+01
 -0.1062500E+06  0.1362240E+01
 -0.1062000E+06  0.1360369E+01
 -0.1061500E+06  0.1358500E+01
 -0.1061000E+06  0.1356634E+01
 -0.1060500E+06  0.1354770E+01
 -0.1060000E+06  0.1352909E+01
 -0.1059500E+06  0.1351051E+01
 -0.1059000E+06  0.1349195E+01
 -0.1058500E+06  0.1347341E+01
 -0.1058000E+06  0.1345491E+01
 -0.1057500E+06  0.1343642E+01
 -0.1057000E+06  0.1341797E+01
 -0.1056500E+06  0.1339954E+01
 -0.1056000E+06  0.1338113E+01
 -0.1055500E+06  0.1336275E+01
 -0.1055000E+06  0.1334440E+01
 -0.1054500E+06  0.1332607E+01
 -0.1054000E+06  0.1330776E+01
 -0.1053500E+06  0.1328949E+01
 -0.1053000E+06  0.1327124E+01
 -0.1052500E+06  0.1325301E+01
 -0.1052000E+06  0.1323481E+01
 -0.1051500E+06  0.1321663E+01
 -0.1051000E+06  0.1319849E+01
 -0.1050500E+06  0.1318036E+01
 -0.1050000E+06  0.1316226E+01
 -0.1049500E+06  0.1314419E+01
 -0.1049000E+06  0.1312614E+01
 -0.1048500E+06  0.1310812E+01
 -0.1048000E+06  0.1309013E+01
 -0.1047500E+06  0.1307215E+01
 -0.1047000E+06  0.1305421E+01
 -0.1046500E+06  0.1303629E+01
 -0.1046000E+06  0.1301839E+01
 -0.1045500E+06  0.1300052E+01
 -0.1045000E+06  0.1298268E+01
 -0.1044500E+06  0.1296486E+01
 -0.1044000E+06  0.1294706E+01
 -0.1043500E+06  0.1292929E+01
 -0.1043000E+06  0.1291155E+01
 -0.1042500E+06  0.1289383E+01
 -0.1042000E+06  0.1287614E+01
 -0.1041500E+06  0.1285847E+01
 -0.1041000E+06  0.1284082E+01
 -0.1040500E+06  0.1282320E+01
 -0.1040000E+06  0.1280561E+01
 -0.1039500E+06  0.1278803E+01
 -0.1039000E+06  0.1277049E+01
 -0.1038500E+06  0.1275297E+01
 -0.1038000E+06  0.1273547E+01
 -0.1037500E+06  0.1271800E+01
 -0.1037000E+06  0.1270055E+01
 -0.1036500E+06  0.1268312E+01
 -0.1036000E+06  0.1266572E+01
 -0.1035500E+06  0.1264835E+01
 -0.1035000E+06  0.1263100E+01
 -0.1034500E+06  0.1261367E+01
 -0.1034000E+06  0.1259637E+01
 -0.1033500E+06  0.1257909E+01
 -0.1033000E+06  0.1256183E+01
 -0.1032500E+06  0.1254460E+01
 -0.1032000E+06  0.1252739E+01
 -0.1031500E+06  0.1251021E+01
 -0.1031000E+06  0.1249305E+01
 -0.1030500E+06  0.1247591E+01
 -0.1030000E+06  0.1245880E+01
 -0.1029500E+06  0.1244171E+01
 -0.1029000E+06  0.1242465E+01
 -0.1028500E+06  0.1240760E+01
 -0.1028000E+06  0.1239058E+01
 -0.1027500E+06  0.1237359E+01
 -0.1027000E+06  0.1235661E+01
 -0.1026500E+06  0.1233967E+01
 -0.1026000E+06  0.1232274E+01
 -0.1025500E+06  0.1230584E+01
 -0.1025000E+06  0.1228895E+01
 -0.1024500E+06  0.1227210E+01
 -0.1024000E+06  0.1225526E+01
 -0.1023500E+06  0.1223845E+01
 -0.1023000E+06  0.1222166E+01
 -0.1022500E+06  0.1220490E+01
 -0.1022000E+06  0.1218815E+01
 -0.1021500E+06  0.1217143E+01
 -0.1021000E+06  0.1215473E+01
 -0.1020500E+06  0.1213806E+01
 -0.1020000E+06  0.1212140E+01
 -0.1019500E+06  0.1210477E+01
 -0.1019000E+06  0.1208816E+01
 -0.1018500E+06  0.1207158E+01
 -0.1018000E+06  0.1205501E+01
 -0.1017500E+06  0.1203847E+01
 -0.1017000E+06  0.1202195E+01
 -0.1016500E+06  0.1200546E+01
 -0.1016000E+06  0.1198898E+01
 -0.1015500E+06  0.1197253E+01
 -0.1015000E+06  0.1195610E+01
 -0.1014500E+06  0.1193969E+01
 -0.1014000E+06  0.1192330E+01
 -0.1013500E+06  0.1190694E+01
 -0.1013000E+06  0.1189059E+01
 -0.1012500E+06  0.1187427E+01
 -0.1012000E+06  0.1185797E+01
 -0.1011500E+06  0.1184170E+01
 -0.1011000E+06  0.1182544E+01
 -0.1010500E+06  0.1180921E+01
 -0.1010000E+06  0.1179300E+01
 -0.1009500E+06  0.1177681E+01
 -0.1009000E+06  0.1176064E+01
 -0.1008500E+06  0.1174449E+01
 -0.1008000E+06  0.1172837E+01
 -0.1007500E+06  0.1171226E+01
 -0.1007000E+06  0.1169618E+01
 -0.1006500E+06  0.1168012E+01
 -0.1006000E+06  0.1166409E+01
 -0.1005500E+06  0.1164807E+01
 -0.1005000E+06  0.1163208E+01
 -0.1004500E+06  0.1161610E+01
 -0.1004000E+06  0.1160015E+01
 -0.1003500E+06  0.1158422E+01
 -0.1003000E+06  0.1156831E+01
 -0.1002500E+06  0.1155243E+01
 -0.1002000E+06  0.1153656E+01
 -0.1001500E+06  0.1152072E+01
 -0.1001000E+06  0.1150490E+01
 -0.1000500E+06  0.1148910E+01
 -0.1000000E+06  0.1147332E+01
 -0.9995000E+05  0.1145756E+01
 -0.9990000E+05  0.1144183E+01
 -0.9985000E+05  0.1142612E+01
 -0.9980000E+05  0.1141042E+01
 -0.9975000E+05  0.1139475E+01
 -0.9970000E+05  0.1137911E+01
 -0.9965000E+05  0.1136348E+01
 -0.9960000E+05  0.1134787E+01
 -0.9955000E+05  0.1133229E+01
 -0.9950000E+05  0.1131673E+01
 -0.9945000E+05  0.1130119E+01
 -0.9940000E+05  0.1128567E+01
 -0.9935000E+05  0.1127017E+01
 -0.9930000E+05  0.1125470E+01
 -0.9925000E+05  0.1123924E+01
 -0.9920000E+05  0.1122381E+01
 -0.9915000E+05  0.1120840E+01
 -0.9910000E+05  0.1119301E+01
 -0.9905000E+05  0.1117765E+01
 -0.9900000E+05  0.1116230E+01
 -0.9895000E+05  0.1114698E+01
 -0.9890000E+05  0.1113168E+01
 -0.9885000E+05  0.1111640E+01
 -0.9880000E+05  0.1110114E+01
 -0.9875000E+05  0.1108590E+01
 -0.9870000E+05  0.1107069E+01
 -0.9865000E+05  0.1105550E+01
 -0.9860000E+05  0.1104033E+01
 -0.9855000E+05  0.1102518E+01
 -0.9850000E+05  0.1101005E+01
 -0.9845000E+05  0.1099494E+01
 -0.9840000E+05  0.1097986E+01
 -0.9835000E+05  0.1096480E+01
 -0.9830000E+05  0.1094976E+01
 -0.9825000E+05  0.1093474E+01
 -0.9820000E+05  0.1091974E+01
 -0.9815000E+05  0.1090477E+01
 -0.9810000E+05  0.1088982E+01
 -0.1024500E+06  0.1227212E+01
 -0.1024000E+06  0.1225529E+01
 -0.1023500E+06  0.1223847E+01
 -0.1023000E+06  0.1222168E+01
 -0.1022500E+06  0.1220491E+01
 -0.1022000E+06  0.1218817E+01
 -0.1021500E+06  0.1217144E+01
 -0.1021000E+06  0.1215474E+01
 -0.1020500E+06  0.1213806E+01
 -0.1020000E+06  0.1212140E+01
 -0.1019500E+06  0.1210477E+01
 -0.1019000E+06  0.1208816E+01
 -0.1018500E+06  0.1207157E+01
 -0.1018000E+06  0.1205500E+01
 -0.1017500E+06  0.1203846E+01
 -0.1017000E+06  0.1202194E+01
 -0.1016500E+06  0.1200544E+01
 -0.1016000E+06  0.1198896E+01
 -0.1015500E+06  0.1197250E+01
 -0.1015000E+06  0.1195607E+01
 -0.1014500E+06  0.1193966E+01
 -0.1014000E+06  0.1192327E+01
 -0.1013500E+06  0.1190690E+01
 -0.1013000E+06  0.1189055E+01
 -0.1012500E+06  0.1187423E+01
 -0.1012000E+06  0.1185793E+01
 -0.1011500E+06  0.1184165E+01
 -0.1011000E+06  0.1182539E+01
 -0.1010500E+06  0.1180916E+01
 -0.1010000E+06  0.1179295E+01
 -0.1009500E+06  0.1177676E+01
 -0.1009000E+06  0.1176059E+01
 -0.1008500E+06  0.1174444E+01
 -0.1008000E+06  0.1172831E+01
 -0.1007500E+06  0.1171221E+01
 -0.1007000E+06  0.1169613E+01
 -0.1006500E+06  0.1168007E+01
 -0.1006000E+06  0.1166403E+01
 -0.1005500E+06  0.1164802E+01
 -0.1005000E+06  0.1163202E+01
 -0.1004500E+06  0.1161605E+01
 -0.1004000E+06  0.1160010E+01
 -0.1003500E+06  0.1158417E+01
 -0.1003000E+06  0.1156827E+01
 -0.1002500E+06  0.1155238E+01
 -0.1002000E+06  0.1153652E+01
 -0.1001500E+06  0.1152068E+01
 -0.1001000E+06  0.1150486E+01
 -0.1000500E+06  0.1148906E+01
 -0.1000000E+06  0.1147328E+01
 -0.9995000E+05  0.1145753E+01
 -0.9990000E+05  0.1144180E+01
 -0.9985000E+05  0.1142609E+01
 -0.9980000E+05  0.1141040E+01
 -0.9975000E+05  0.1139473E+01
 -0.9970000E+05  0.1137909E+01
 -0.9965000E+05  0.1136347E+01
 -0.9960000E+05  0.1134786E+01
 -0.9955000E+05  0.1133228E+01
 -0.9950000E+05  0.1131673E+01
 -0.9945000E+05  0.1130119E+01
 -0.9940000E+05  0.1128568E+01
 -0.9935000E+05  0.1127018E+01
 -0.9930000E+05  0.1125471E+01
 -0.9925000E+05  0.1123926E+01
 -0.9920000E+05  0.1122383E+01
 -0.9915000E+05  0.1120843E+01
 -0.9910000E+05  0.1119304E+01
 -0.9905000E+05  0.1117768E+01
 -0.9900000E+05  0.1116234E+01
 -0.9895000E+05  0.1114702E+01
 -0.9890000E+05  0.1113172E+01
 -0.9885000E+05  0.1111645E+01
 -0.9880000E+05  0.1110119E+01
 -0.9875000E+05  0.1108596E+01
 -0.9870000E+05  0.1107075E+01
 -0.9865000E+05  0.1105556E+01
 -0.9860000E+05  0.1104039E+01
 -0.9855000E+05  0.1102525E+01
 -0.9850000E+05  0.1101012E+01
 -0.9845000E+05  0.1099502E+01
 -0.9840000E+05  0.1097994E+01
 -0.9835000E+05  0.1096488E+01
 -0.9830000E+05  0.1094984E+01
 -0.9825000E+05  0.1093482E+01
 -0.9820000E+05  0.1091983E+01
 -0.9815000E+05  0.1090485E+01
 -0.9810000E+05  0.1088990E+01
 -0.9805000E+05  0.1087497E+01
 -0.9800000E+05  0.1086006E+01
 -0.9795000E+05  0.1084517E+01
 -0.9790000E+05  0.1083031E+01
 -0.9785000E+05  0.1081546E+01
 -0.9780000E+05  0.1080064E+01
 -0.9775000E+05  0.1078584E+01
 -0.9770000E+05  0.1077105E+01
 -0.9765000E+05  0.1075629E+01
 -0.9760000E+05  0.1074156E+01
 -0.9755000E+05  0.1072684E+01
 -0.9750000E+05  0.1071214E+01
 -0.9745000E+05  0.1069747E+01
 -0.9740000E+05  0.1068282E+01
 -0.9735000E+05  0.1066818E+01
 -0.9730000E+05  0.1065357E+01
 -0.9725000E+05  0.1063898E+01
 -0.9720000E+05  0.1062441E+01
 -0.9715000E+05  0.1060987E+01
 -0.9710000E+05  0.1059534E+01
 -0.9705000E+05  0.1058083E+01
 -0.9700000E+05  0.1056635E+01
 -0.9695000E+05  0.1055188E+01
 -0.9690000E+05  0.1053744E+01
 -0.9685000E+05  0.1052302E+01
 -0.9680000E+05  0.1050862E+01
 -0.9675000E+05  0.1049424E+01
 -0.9670000E+05  0.1047988E+01
 -0.9665000E+05  0.1046554E+01
 -0.9660000E+05  0.1045122E+01
 -0.9655000E+05  0.1043693E+01
 -0.9650000E+05  0.1042265E+01
 -0.9645000E+05  0.1040840E+01
 -0.9640000E+05  0.1039416E+01
 -0.9635000E+05  0.1037995E+01
 -0.9630000E+05  0.1036575E+01
 -0.9625000E+05  0.1035158E+01
 -0.9620000E+05  0.1033743E+01
 -0.9615000E+05  0.1032329E+01
 -0.9610000E+05  0.1030918E+01
 -0.9605000E+05  0.1029509E+01
 -0.9600000E+05  0.1028102E+01
 -0.9595000E+05  0.1026697E+01
 -0.9590000E+05  0.1025294E+01
 -0.9585000E+05  0.1023893E+01
 -0.9580000E+05  0.1022494E+01
 -0.9575000E+05  0.1021097E+01
 -0.9570000E+05  0.1019702E+01
 -0.9565000E+05  0.1018309E+01
 -0.9560000E+05  0.1016918E+01
 -0.9555000E+05  0.1015529E+01
 -0.9550000E+05  0.1014142E+01
 -0.9545000E+05  0.1012757E+01
 -0.9540000E+05  0.1011374E+01
 -0.9535000E+05  0.1009993E+01
 -0.9530000E+05  0.1008614E+01
 -0.9525000E+05  0.1007237E+01
 -0.9520000E+05  0.1005862E+01
 -0.9515000E+05  0.1004489E+01
 -0.9510000E+05  0.1003118E+01
 -0.9505000E+05  0.1001749E+01
 -0.9500000E+05  0.1000382E+01
 -0.9495000E+05  0.9990164E+00
 -0.9490000E+05  0.9976531E+00
 -0.9485000E+05  0.9962918E+00
 -0.9480000E+05  0.9949323E+00
 -0.9475000E+05  0.9935748E+00
 -0.9470000E+05  0.9922193E+00
 -0.9465000E+05  0.9908657E+00
 -0.9460000E+05  0.9895139E+00
 -0.9455000E+05  0.9881641E+00
 -0.9450000E+05  0.9868163E+00
 -0.9445000E+05  0.9854703E+00
 -0.9440000E+05  0.9841262E+00
 -0.9435000E+05  0.9827841E+00
 -0.9430000E+05  0.9814438E+00
 -0.9425000E+05  0.9801054E+00
 -0.9420000E+05  0.9787690E+00
 -0.9415000E+05  0.9774344E+00
 -0.9410000E+05  0.9761017E+00
 -0.9405000E+05  0.9747708E+00
 -0.9400000E+05  0.9734419E+00
 -0.9395000E+05  0.9721148E+00
 -0.9390000E+05  0.9707896E+00
 -0.9385000E+05  0.9694662E+00
 -0.9380000E+05  0.9681447E+00
 -0.9375000E+05  0.9668251E+00
 -0.9370000E+05  0.9655073E+00
 -0.9365000E+05  0.9641914E+00
 -0.9360000E+05  0.9628773E+00
 -0.9355000E+05  0.9615651E+00
 -0.9350000E+05  0.9602547E+00
 -0.9345000E+05  0.9589461E+00
 -0.9340000E+05  0.9576394E+00
 -0.9335000E+05  0.9563345E+00
 -0.9330000E+05  0.9550314E+00
 -0.9325000E+05  0.9537301E+00
 -0.9320000E+05  0.9524307E+00
 -0.9315000E+05  0.9511331E+00
 -0.9310000E+05  0.9498373E+00
 -0.9305000E+05  0.9485433E+00
 -0.9300000E+05  0.9472511E+00
 -0.9295000E+05  0.9459608E+00
 -0.9290000E+05  0.9446722E+00
 -0.9285000E+05  0.9433855E+00
 -0.9280000E+05  0.9421005E+00
 -0.9275000E+05  0.9408174E+00
 -0.9270000E+05  0.9395360E+00
 -0.9265000E+05  0.9382564E+00
 -0.9260000E+05  0.9369787E+00
 -0.9255000E+05  0.9357027E+00
 -0.9250000E+05  0.9344285E+00
 -0.9245000E+05  0.9331561E+00
 -0.9240000E+05  0.9318855E+00
 -0.9235000E+05  0.9306167E+00
 -0.9230000E+05  0.9293496E+00
 -0.9225000E+05  0.9280843E+00
 -0.9805000E+05  0.1087497E+01
 -0.9800000E+05  0.1086006E+01
 -0.9795000E+05  0.1084517E+01
 -0.9790000E+05  0.1083031E+01
 -0.9785000E+05  0.1081546E+01
 -0.9780000E+05  0.1080064E+01
 -0.9775000E+05  0.1078584E+01
 -0.9770000E+05  0.1077105E+01
 -0.9765000E+05  0.1075629E+01
 -0.9760000E+05  0.1074156E+01
 -0.9755000E+05  0.1072684E+01
 -0.9750000E+05  0.1071214E+01
 -0.9745000E+05  0.1069747E+01
 -0.9740000E+05  0.1068282E+01
 -0.9735000E+05  0.1066818E+01
 -0.9730000E+05  0.1065357E+01
 -0.9725000E+05  0.1063898E+01
 -0.9720000E+05  0.1062441E+01
 -0.9715000E+05  0.1060987E+01
 -0.9710000E+05  0.1059534E+01
 -0.9705000E+05  0.1058083E+01
 -0.9700000E+05  0.1056635E+01
 -0.9695000E+05  0.1055188E+01
 -0.9690000E+05  0.1053744E+01
 -0.9685000E+05  0.1052302E+01
 -0.9680000E+05  0.1050862E+01
 -0.9675000E+05  0.1049424E+01
 -0.9670000E+05  0.1047988E+01
 -0.9665000E+05  0.1046554E+01
 -0.9660000E+05  0.1045122E+01
 -0.9655000E+05  0.1043693E+01
 -0.9650000E+05  0.1042265E+01
 -0.9645000E+05  0.1040840E+01
 -0.9640000E+05  0.1039416E+01
 -0.9635000E+05  0.1037995E+01
 -0.9630000E+05  0.1036575E+01
 -0.9625000E+05  0.1035158E+01
 -0.9620000E+05  0.1033743E+01
 -0.9615000E+05  0.1032329E+01
 -0.9610000E+05  0.1030918E+01
 -0.9605000E+05  0.1029509E+01
 -0.9600000E+05  0.1028102E+01
 -0.9595000E+05  0.1026697E+01
 -0.9590000E+05  0.1025294E+01
 -0.9585000E+05  0.1023893E+01
 -0.9580000E+05  0.1022494E+01
 -0.9575000E+05  0.1021097E+01
 -0.9570000E+05  0.1019702E+01
 -0.9565000E+05  0.1018309E+01
 -0.9560000E+05  0.1016918E+01
 -0.9555000E+05  0.1015529E+01
 -0.9550000E+05  0.1014142E+01
 -0.9545000E+05  0.1012757E+01
 -0.9540000E+05  0.1011374E+01
 -0.9535000E+05  0.1009993E+01
 -0.9530000E+05  0.1008614E+01
 -0.9525000E+05  0.1007237E+01
 -0.9520000E+05  0.1005862E+01
 -0.9515000E+05  0.1004489E+01
 -0.9510000E+05  0.1003118E+01
 -0.9505000E+05  0.1001749E+01
 -0.9500000E+05  0.1000382E+01
 -0.9495000E+05  0.9990164E+00
 -0.9490000E+05  0.9976531E+00
 -0.9485000E+05  0.9962918E+00
 -0.9480000E+05  0.9949323E+00
 -0.9475000E+05  0.9935748E+00
 -0.9470000E+05  0.9922193E+00
 -0.9465000E+05  0.9908657E+00
 -0.9460000E+05  0.9895139E+00
 -0.9455000E+05  0.9881641E+00
 -0.9450000E+05  0.9868163E+00
 -0.9445000E+05  0.9854703E+00
 -0.9440000E+05  0.9841262E+00
 -0.9435000E+05  0.9827841E+00
 -0.9430000E+05  0.9814438E+00
 -0.9425000E+05  0.9801054E+00
 -0.9420000E+05  0.9787690E+00
 -0.9415000E+05  0.9774344E+00
 -0.9410000E+05  0.9761017E+00
 -0.9405000E+05  0.9747708E+00
 -0.9400000E+05  0.9734419E+00
 -0.9395000E+05  0.9721148E+00
 -0.9390000E+05  0.9707896E+00
 -0.9385000E+05  0.9694662E+00
 -0.9380000E+05  0.9681447E+00
 -0.9375000E+05  0.9668251E+00
 -0.9370000E+05  0.9655073E+00
 -0.9365000E+05  0.9641914E+00
 -0.9360000E+05  0.9628773E+00
 -0.9355000E+05  0.9615651E+00
 -0.9350000E+05  0.9602547E+00
 -0.9345000E+05  0.9589461E+00
 -0.9340000E+05  0.9576394E+00
 -0.9335000E+05  0.9563345E+00
 -0.9330000E+05  0.9550314E+00
 -0.9325000E+05  0.9537301E+00
 -0.9320000E+05  0.9524307E+00
 -0.9315000E+05  0.9511331E+00
 -0.9310000E+05  0.9498373E+00
 -0.9305000E+05  0.9485433E+00
 -0.9300000E+05  0.9472511E+00
 -0.9295000E+05  0.9459608E+00
 -0.9290000E+05  0.9446722E+00
 -0.9285000E+05  0.9433855E+00
 -0.9280000E+05  0.9421005E+00
 -0.9275000E+05  0.9408174E+00
 -0.9270000E+05  0.9395360E+00
 -0.9265000E+05  0.9382564E+00
 -0.9260000E+05  0.9369787E+00
 -0.9255000E+05  0.9357027E+00
 -0.9250000E+05  0.9344285E+00
 -0.9245000E+05  0.9331561E+00
 -0.9240000E+05  0.9318855E+00
 -0.9235000E+05  0.9306167E+00
 -0.9230000E+05  0.9293496E+00
 -0.9225000E+05  0.9280843E+00
 -0.9220000E+05  0.9268209E+00
 -0.9215000E+05  0.9255592E+00
 -0.9210000E+05  0.9242992E+00
 -0.9205000E+05  0.9230411E+00
 -0.9200000E+05  0.9217847E+00
 -0.9195000E+05  0.9205301E+00
 -0.9190000E+05  0.9192773E+00
 -0.9185000E+05  0.9180262E+00
 -0.9180000E+05  0.9167770E+00
 -0.9175000E+05  0.9155295E+00
 -0.9170000E+05  0.9142837E+00
 -0.9165000E+05  0.9130398E+00
 -0.9160000E+05  0.9117976E+00
 -0.9155000E+05  0.9105572E+00
 -0.9150000E+05  0.9093185E+00
 -0.9145000E+05  0.9080817E+00
 -0.9140000E+05  0.9068466E+00
 -0.9135000E+05  0.9056133E+00
 -0.9130000E+05  0.9043817E+00
 -0.9125000E+05  0.9031520E+00
 -0.9120000E+05  0.9019239E+00
 -0.9115000E+05  0.9006977E+00
 -0.9110000E+05  0.8994733E+00
 -0.9105000E+05  0.8982506E+00
 -0.9100000E+05  0.8970297E+00
 -0.9095000E+05  0.8958106E+00
 -0.9090000E+05  0.8945932E+00
 -0.9085000E+05  0.8933776E+00
 -0.9080000E+05  0.8921638E+00
 -0.9075000E+05  0.8909518E+00
 -0.9070000E+05  0.8897416E+00
 -0.9065000E+05  0.8885331E+00
 -0.9060000E+05  0.8873265E+00
 -0.9055000E+05  0.8861216E+00
 -0.9050000E+05  0.8849184E+00
 -0.9045000E+05  0.8837171E+00
 -0.9040000E+05  0.8825176E+00
 -0.9035000E+05  0.8813198E+00
 -0.9030000E+05  0.8801238E+00
 -0.9025000E+05  0.8789296E+00
 -0.9020000E+05  0.8777372E+00
 -0.9015000E+05  0.8765466E+00
 -0.9010000E+05  0.8753578E+00
 -0.9005000E+05  0.8741708E+00
 -0.9000000E+05  0.8729855E+00
 -0.8995000E+05  0.8718021E+00
 -0.8990000E+05  0.8706204E+00
 -0.8985000E+05  0.8694405E+00
 -0.8980000E+05  0.8682624E+00
 -0.8975000E+05  0.8670861E+00
 -0.8970000E+05  0.8659116E+00
 -0.8965000E+05  0.8647389E+00
 -0.8960000E+05  0.8635680E+00
 -0.8955000E+05  0.8623988E+00
 -0.8950000E+05  0.8612315E+00
 -0.8945000E+05  0.8600659E+00
 -0.8940000E+05  0.8589021E+00
 -0.8935000E+05  0.8577401E+00
 -0.8930000E+05  0.8565799E+00
 -0.8925000E+05  0.8554214E+00
 -0.8920000E+05  0.8542648E+00
 -0.8915000E+05  0.8531099E+00
 -0.8910000E+05  0.8519567E+00
 -0.8905000E+05  0.8508054E+00
 -0.8900000E+05  0.8496558E+00
 -0.8895000E+05  0.8485080E+00
 -0.8890000E+05  0.8473620E+00
 -0.8885000E+05  0.8462176E+00
 -0.8880000E+05  0.8450751E+00
 -0.8875000E+05  0.8439343E+00
 -0.8870000E+05  0.8427952E+00
 -0.8865000E+05  0.8416579E+00
 -0.8860000E+05  0.8405223E+00
 -0.8855000E+05  0.8393884E+00
 -0.8850000E+05  0.8382562E+00
 -0.8845000E+05  0.8371258E+00
 -0.8840000E+05  0.8359970E+00
 -0.8835000E+05  0.8348699E+00
 -0.8830000E+05  0.8337445E+00
 -0.8825000E+05  0.8326208E+00
 -0.8820000E+05  0.8314987E+00
 -0.8815000E+05  0.8303783E+00
 -0.8810000E+05  0.8292595E+00
 -0.8805000E+05  0.8281424E+00
 -0.8800000E+05  0.8270268E+00
 -0.8795000E+05  0.8259129E+00
 -0.8790000E+05  0.8248005E+00
 -0.8785000E+05  0.8236897E+00
 -0.8780000E+05  0.8225805E+00
 -0.8775000E+05  0.8214728E+00
 -0.8770000E+05  0.8203666E+00
 -0.8765000E+05  0.8192619E+00
 -0.8760000E+05  0.8181587E+00
 -0.8755000E+05  0.8170569E+00
 -0.8750000E+05  0.8159566E+00
 -0.8745000E+05  0.8148577E+00
 -0.8740000E+05  0.8137602E+00
 -0.8735000E+05  0.8126640E+00
 -0.8730000E+05  0.8115692E+00
 -0.8725000E+05  0.8104758E+00
 -0.8720000E+05  0.8093836E+00
 -0.8715000E+05  0.8082926E+00
 -0.8710000E+05  0.8072029E+00
 -0.8705000E+05  0.8061144E+00
 -0.8700000E+05  0.8050270E+00
 -0.8695000E+05  0.8039408E+00
 -0.8690000E+05  0.8028557E+00
 -0.8685000E+05  0.8017716E+00
 -0.8680000E+05  0.8006886E+00
 -0.8675000E+05  0.7996065E+00
 -0.8670000E+05  0.7985254E+00
 -0.8665000E+05  0.7974451E+00
 -0.8660000E+05  0.7963658E+00
 -0.8655000E+05  0.7952872E+00
 -0.8650000E+05  0.7942094E+00
 -0.8645000E+05  0.7931323E+00
 -0.8640000E+05  0.7920558E+00
 -0.8635000E+05  0.7909800E+00
