 -0.1068600E+06  0.1385270E+01
 -0.1068100E+06  0.1383367E+01
 -0.1067600E+06  0.1381467E+01
 -0.1067100E+06  0.1379570E+01
 -0.1066600E+06  0.1377675E+01
 -0.1066100E+06  0.1375783E+01
 -0.1065600E+06  0.1373893E+01
 -0.1065100E+06  0.1372006E+01
 -0.1064600E+06  0.1370122E+01
 -0.1064100E+06  0.1368240E+01
 -0.1063600E+06  0.1366361E+01
 -0.1063100E+06  0.1364484E+01
 -0.1062600E+06  0.1362610E+01
 -0.1062100E+06  0.1360738E+01
 -0.1061600E+06  0.1358869E+01
 -0.1061100E+06  0.1357003E+01
 -0.1060600E+06  0.1355139E+01
 -0.1060100E+06  0.1353278E+01
 -0.1059600E+06  0.1351419E+01
 -0.1059100E+06  0.1349563E+01
 -0.1058600E+06  0.1347709E+01
 -0.1058100E+06  0.1345858E+01
 -0.1057600E+06  0.1344010E+01
 -0.1057100E+06  0.1342164E+01
 -0.1056600E+06  0.1340321E+01
 -0.1056100E+06  0.1338480E+01
 -0.1055600E+06  0.1336642E+01
 -0.1055100E+06  0.1334807E+01
 -0.1054600E+06  0.1332973E+01
 -0.1054100E+06  0.1331143E+01
 -0.1053600E+06  0.1329315E+01
 -0.1053100E+06  0.1327490E+01
 -0.1052600E+06  0.1325667E+01
 -0.1052100E+06  0.1323847E+01
 -0.1051600E+06  0.1322029E+01
 -0.1051100E+06  0.1320214E+01
 -0.1050600E+06  0.1318401E+01
 -0.1050100E+06  0.1316591E+01
 -0.1049600E+06  0.1314784E+01
 -0.1049100E+06  0.1312978E+01
 -0.1048600E+06  0.1311176E+01
 -0.1048100E+06  0.1309376E+01
 -0.1047600E+06  0.1307578E+01
 -0.1047100E+06  0.1305784E+01
 -0.1046600E+06  0.1303991E+01
 -0.1046100E+06  0.1302201E+01
 -0.1045600E+06  0.1300414E+01
 -0.1045100E+06  0.1298629E+01
 -0.1044600E+06  0.1296846E+01
 -0.1044100E+06  0.1295066E+01
 -0.1043600E+06  0.1293289E+01
 -0.1043100E+06  0.1291514E+01
 -0.1042600E+06  0.1289742E+01
 -0.1042100E+06  0.1287972E+01
 -0.1041600E+06  0.1286204E+01
 -0.1041100E+06  0.1284439E+01
 -0.1040600E+06  0.1282676E+01
 -0.1040100E+06  0.1280916E+01
 -0.1039600E+06  0.1279158E+01
 -0.1039100E+06  0.1277403E+01
 -0.1038600E+06  0.1275650E+01
 -0.1038100E+06  0.1273900E+01
 -0.1037600E+06  0.1272152E+01
 -0.1037100E+06  0.1270407E+01
 -0.1036600E+06  0.1268663E+01
 -0.1036100E+06  0.1266923E+01
 -0.1035600E+06  0.1265184E+01
 -0.1035100E+06  0.1263449E+01
 -0.1034600E+06  0.1261715E+01
 -0.1034100E+06  0.1259984E+01
 -0.1033600E+06  0.1258255E+01
 -0.1033100E+06  0.1256529E+01
 -0.1032600E+06  0.1254805E+01
 -0.1032100E+06  0.1253084E+01
 -0.1031600E+06  0.1251365E+01
 -0.1031100E+06  0.1249648E+01
 -0.1030600E+06  0.1247933E+01
 -0.1030100E+06  0.1246221E+01
 -0.1029600E+06  0.1244512E+01
 -0.1029100E+06  0.1242804E+01
 -0.1028600E+06  0.1241099E+01
 -0.1028100E+06  0.1239397E+01
 -0.1027600E+06  0.1237696E+01
 -0.1027100E+06  0.1235998E+01
 -0.1026600E+06  0.1234302E+01
 -0.1026100E+06  0.1232609E+01
 -0.1025600E+06  0.1230918E+01
 -0.1025100E+06  0.1229229E+01
 -0.1024600E+06  0.1227543E+01
 -0.1024100E+06  0.1225859E+01
 -0.1023600E+06  0.1224177E+01
 -0.1023100E+06  0.1222497E+01
 -0.1022600E+06  0.1220820E+01
 -0.1022100E+06  0.1219145E+01
 -0.1021600E+06  0.1217472E+01
 -0.1021100E+06  0.1215802E+01
 -0.1020600E+06  0.1214133E+01
 -0.1020100E+06  0.1212468E+01
 -0.1019600E+06  0.1210804E+01
 -0.1019100E+06  0.1209142E+01
 -0.1018600E+06  0.1207483E+01
 -0.1018100E+06  0.1205826E+01
 -0.1017600E+06  0.1204172E+01
 -0.1017100E+06  0.1202519E+01
 -0.1016600E+06  0.1200869E+01
 -0.1016100E+06  0.1199221E+01
 -0.1015600E+06  0.1197575E+01
 -0.1015100E+06  0.1195932E+01
 -0.1014600E+06  0.1194291E+01
 -0.1014100E+06  0.1192652E+01
 -0.1013600E+06  0.1191015E+01
 -0.1013100E+06  0.1189380E+01
 -0.1012600E+06  0.1187748E+01
 -0.1012100E+06  0.1186117E+01
 -0.1011600E+06  0.1184489E+01
 -0.1011100E+06  0.1182864E+01
 -0.1010600E+06  0.1181240E+01
 -0.1010100E+06  0.1179619E+01
 -0.1009600E+06  0.1177999E+01
 -0.1009100E+06  0.1176382E+01
 -0.1008600E+06  0.1174767E+01
 -0.1008100E+06  0.1173155E+01
 -0.1007600E+06  0.1171544E+01
 -0.1007100E+06  0.1169936E+01
 -0.1006600E+06  0.1168330E+01
 -0.1006100E+06  0.1166726E+01
 -0.1005600E+06  0.1165124E+01
 -0.1005100E+06  0.1163525E+01
 -0.1004600E+06  0.1161927E+01
 -0.1004100E+06  0.1160332E+01
 -0.1003600E+06  0.1158739E+01
 -0.1003100E+06  0.1157148E+01
 -0.1002600E+06  0.1155560E+01
 -0.1002100E+06  0.1153973E+01
 -0.1001600E+06  0.1152389E+01
 -0.1001100E+06  0.1150807E+01
 -0.1000600E+06  0.1149226E+01
 -0.1000100E+06  0.1147649E+01
 -0.9996000E+05  0.1146073E+01
 -0.9991000E+05  0.1144499E+01
 -0.9986000E+05  0.1142928E+01
 -0.9981000E+05  0.1141359E+01
 -0.9976000E+05  0.1139792E+01
 -0.9971000E+05  0.1138227E+01
 -0.9966000E+05  0.1136664E+01
 -0.9961000E+05  0.1135103E+01
 -0.9956000E+05  0.1133545E+01
 -0.9951000E+05  0.1131989E+01
 -0.9946000E+05  0.1130435E+01
 -0.9941000E+05  0.1128883E+01
 -0.9936000E+05  0.1127333E+01
 -0.9931000E+05  0.1125785E+01
 -0.9926000E+05  0.1124240E+01
 -0.9921000E+05  0.1122696E+01
 -0.9916000E+05  0.1121155E+01
 -0.9911000E+05  0.1119616E+01
 -0.9906000E+05  0.1118079E+01
 -0.9901000E+05  0.1116545E+01
 -0.9896000E+05  0.1115012E+01
 -0.9891000E+05  0.1113482E+01
 -0.9886000E+05  0.1111953E+01
 -0.9881000E+05  0.1110427E+01
 -0.9876000E+05  0.1108903E+01
 -0.9871000E+05  0.1107382E+01
 -0.9866000E+05  0.1105862E+01
 -0.9861000E+05  0.1104344E+01
 -0.9856000E+05  0.1102829E+01
 -0.9851000E+05  0.1101316E+01
 -0.9846000E+05  0.1099805E+01
 -0.9841000E+05  0.1098296E+01
 -0.9836000E+05  0.1096789E+01
 -0.9831000E+05  0.1095285E+01
 -0.9826000E+05  0.1093782E+01
 -0.9821000E+05  0.1092282E+01
 -0.9816000E+05  0.1090784E+01
 -0.9811000E+05  0.1089288E+01
