 -0.1024650E+06  0.1227715E+01
 -0.1024150E+06  0.1226031E+01
 -0.1023650E+06  0.1224349E+01
 -0.1023150E+06  0.1222669E+01
 -0.1022650E+06  0.1220991E+01
 -0.1022150E+06  0.1219316E+01
 -0.1021650E+06  0.1217643E+01
 -0.1021150E+06  0.1215972E+01
 -0.1020650E+06  0.1214303E+01
 -0.1020150E+06  0.1212637E+01
 -0.1019650E+06  0.1210973E+01
 -0.1019150E+06  0.1209311E+01
 -0.1018650E+06  0.1207652E+01
 -0.1018150E+06  0.1205995E+01
 -0.1017650E+06  0.1204339E+01
 -0.1017150E+06  0.1202687E+01
 -0.1016650E+06  0.1201036E+01
 -0.1016150E+06  0.1199388E+01
 -0.1015650E+06  0.1197741E+01
 -0.1015150E+06  0.1196098E+01
 -0.1014650E+06  0.1194456E+01
 -0.1014150E+06  0.1192816E+01
 -0.1013650E+06  0.1191179E+01
 -0.1013150E+06  0.1189544E+01
 -0.1012650E+06  0.1187911E+01
 -0.1012150E+06  0.1186280E+01
 -0.1011650E+06  0.1184652E+01
 -0.1011150E+06  0.1183026E+01
 -0.1010650E+06  0.1181402E+01
 -0.1010150E+06  0.1179780E+01
 -0.1009650E+06  0.1178160E+01
 -0.1009150E+06  0.1176543E+01
 -0.1008650E+06  0.1174928E+01
 -0.1008150E+06  0.1173314E+01
 -0.1007650E+06  0.1171704E+01
 -0.1007150E+06  0.1170095E+01
 -0.1006650E+06  0.1168488E+01
 -0.1006150E+06  0.1166884E+01
 -0.1005650E+06  0.1165282E+01
 -0.1005150E+06  0.1163682E+01
 -0.1004650E+06  0.1162084E+01
 -0.1004150E+06  0.1160489E+01
 -0.1003650E+06  0.1158895E+01
 -0.1003150E+06  0.1157304E+01
 -0.1002650E+06  0.1155715E+01
 -0.1002150E+06  0.1154128E+01
 -0.1001650E+06  0.1152544E+01
 -0.1001150E+06  0.1150961E+01
 -0.1000650E+06  0.1149381E+01
 -0.1000150E+06  0.1147803E+01
 -0.9996500E+05  0.1146227E+01
 -0.9991500E+05  0.1144653E+01
 -0.9986500E+05  0.1143081E+01
 -0.9981500E+05  0.1141512E+01
 -0.9976500E+05  0.1139945E+01
 -0.9971500E+05  0.1138380E+01
 -0.9966500E+05  0.1136817E+01
 -0.9961500E+05  0.1135256E+01
 -0.9956500E+05  0.1133697E+01
 -0.9951500E+05  0.1132141E+01
 -0.9946500E+05  0.1130587E+01
 -0.9941500E+05  0.1129035E+01
 -0.9936500E+05  0.1127485E+01
 -0.9931500E+05  0.1125937E+01
 -0.9926500E+05  0.1124391E+01
 -0.9921500E+05  0.1122848E+01
 -0.9916500E+05  0.1121307E+01
 -0.9911500E+05  0.1119768E+01
 -0.9906500E+05  0.1118231E+01
 -0.9901500E+05  0.1116696E+01
 -0.9896500E+05  0.1115163E+01
 -0.9891500E+05  0.1113633E+01
 -0.9886500E+05  0.1112105E+01
 -0.9881500E+05  0.1110579E+01
 -0.9876500E+05  0.1109055E+01
 -0.9871500E+05  0.1107533E+01
 -0.9866500E+05  0.1106013E+01
 -0.9861500E+05  0.1104496E+01
 -0.9856500E+05  0.1102980E+01
 -0.9851500E+05  0.1101467E+01
 -0.9846500E+05  0.1099956E+01
 -0.9841500E+05  0.1098447E+01
 -0.9836500E+05  0.1096941E+01
 -0.9831500E+05  0.1095436E+01
 -0.9826500E+05  0.1093934E+01
 -0.9821500E+05  0.1092433E+01
 -0.9816500E+05  0.1090935E+01
 -0.9811500E+05  0.1089439E+01
 -0.9806500E+05  0.1087946E+01
 -0.9801500E+05  0.1086454E+01
 -0.9796500E+05  0.1084964E+01
 -0.9791500E+05  0.1083477E+01
 -0.9786500E+05  0.1081992E+01
 -0.9781500E+05  0.1080509E+01
 -0.9776500E+05  0.1079028E+01
 -0.9771500E+05  0.1077549E+01
 -0.9766500E+05  0.1076072E+01
 -0.9761500E+05  0.1074598E+01
 -0.9756500E+05  0.1073125E+01
 -0.9751500E+05  0.1071655E+01
 -0.9746500E+05  0.1070187E+01
 -0.9741500E+05  0.1068721E+01
 -0.9736500E+05  0.1067257E+01
 -0.9731500E+05  0.1065795E+01
 -0.9726500E+05  0.1064335E+01
 -0.9721500E+05  0.1062877E+01
 -0.9716500E+05  0.1061422E+01
 -0.9711500E+05  0.1059969E+01
 -0.9706500E+05  0.1058517E+01
 -0.9701500E+05  0.1057068E+01
 -0.9696500E+05  0.1055621E+01
 -0.9691500E+05  0.1054176E+01
 -0.9686500E+05  0.1052733E+01
 -0.9681500E+05  0.1051292E+01
 -0.9676500E+05  0.1049854E+01
 -0.9671500E+05  0.1048417E+01
 -0.9666500E+05  0.1046983E+01
 -0.9661500E+05  0.1045550E+01
 -0.9656500E+05  0.1044120E+01
 -0.9651500E+05  0.1042691E+01
 -0.9646500E+05  0.1041265E+01
 -0.9641500E+05  0.1039841E+01
 -0.9636500E+05  0.1038419E+01
 -0.9631500E+05  0.1036999E+01
 -0.9626500E+05  0.1035581E+01
 -0.9621500E+05  0.1034165E+01
 -0.9616500E+05  0.1032751E+01
 -0.9611500E+05  0.1031339E+01
 -0.9606500E+05  0.1029930E+01
 -0.9601500E+05  0.1028522E+01
 -0.9596500E+05  0.1027116E+01
 -0.9591500E+05  0.1025713E+01
 -0.9586500E+05  0.1024311E+01
 -0.9581500E+05  0.1022911E+01
 -0.9576500E+05  0.1021514E+01
 -0.9571500E+05  0.1020118E+01
 -0.9566500E+05  0.1018725E+01
 -0.9561500E+05  0.1017333E+01
 -0.9556500E+05  0.1015944E+01
 -0.9551500E+05  0.1014556E+01
 -0.9546500E+05  0.1013171E+01
 -0.9541500E+05  0.1011787E+01
 -0.9536500E+05  0.1010406E+01
 -0.9531500E+05  0.1009026E+01
 -0.9526500E+05  0.1007648E+01
 -0.9521500E+05  0.1006273E+01
 -0.9516500E+05  0.1004899E+01
 -0.9511500E+05  0.1003527E+01
 -0.9506500E+05  0.1002158E+01
 -0.9501500E+05  0.1000790E+01
 -0.9496500E+05  0.9994243E+00
 -0.9491500E+05  0.9980604E+00
 -0.9486500E+05  0.9966985E+00
 -0.9481500E+05  0.9953386E+00
 -0.9476500E+05  0.9939806E+00
 -0.9471500E+05  0.9926245E+00
 -0.9466500E+05  0.9912704E+00
 -0.9461500E+05  0.9899182E+00
 -0.9456500E+05  0.9885679E+00
 -0.9451500E+05  0.9872195E+00
 -0.9446500E+05  0.9858731E+00
 -0.9441500E+05  0.9845285E+00
 -0.9436500E+05  0.9831859E+00
 -0.9431500E+05  0.9818451E+00
 -0.9426500E+05  0.9805063E+00
 -0.9421500E+05  0.9791693E+00
 -0.9416500E+05  0.9778343E+00
 -0.9411500E+05  0.9765011E+00
 -0.9406500E+05  0.9751698E+00
 -0.9401500E+05  0.9738403E+00
 -0.9396500E+05  0.9725128E+00
 -0.9391500E+05  0.9711871E+00
 -0.9386500E+05  0.9698633E+00
 -0.9381500E+05  0.9685413E+00
 -0.9376500E+05  0.9672212E+00
 -0.9371500E+05  0.9659030E+00
 -0.9366500E+05  0.9645866E+00
 -0.9361500E+05  0.9632720E+00
 -0.9356500E+05  0.9619593E+00
 -0.9351500E+05  0.9606484E+00
 -0.9346500E+05  0.9593394E+00
 -0.9341500E+05  0.9580322E+00
 -0.9336500E+05  0.9567268E+00
 -0.9331500E+05  0.9554233E+00
 -0.9326500E+05  0.9541215E+00
 -0.9321500E+05  0.9528216E+00
 -0.9316500E+05  0.9515235E+00
 -0.9311500E+05  0.9502272E+00
 -0.9306500E+05  0.9489328E+00
 -0.9301500E+05  0.9476401E+00
 -0.9296500E+05  0.9463493E+00
 -0.9291500E+05  0.9450602E+00
 -0.9286500E+05  0.9437730E+00
 -0.9281500E+05  0.9424875E+00
 -0.9276500E+05  0.9412039E+00
 -0.9271500E+05  0.9399220E+00
 -0.9266500E+05  0.9386419E+00
 -0.9261500E+05  0.9373637E+00
 -0.9256500E+05  0.9360872E+00
 -0.9251500E+05  0.9348125E+00
 -0.9246500E+05  0.9335395E+00
 -0.9241500E+05  0.9322684E+00
 -0.9236500E+05  0.9309990E+00
 -0.9231500E+05  0.9297314E+00
 -0.9226500E+05  0.9284656E+00
 -0.9221500E+05  0.9272016E+00
