 -0.9807000E+05  0.1088095E+01
 -0.9802000E+05  0.1086603E+01
 -0.9797000E+05  0.1085113E+01
 -0.9792000E+05  0.1083626E+01
 -0.9787000E+05  0.1082140E+01
 -0.9782000E+05  0.1080657E+01
 -0.9777000E+05  0.1079176E+01
 -0.9772000E+05  0.1077697E+01
 -0.9767000E+05  0.1076220E+01
 -0.9762000E+05  0.1074745E+01
 -0.9757000E+05  0.1073272E+01
 -0.9752000E+05  0.1071802E+01
 -0.9747000E+05  0.1070333E+01
 -0.9742000E+05  0.1068867E+01
 -0.9737000E+05  0.1067403E+01
 -0.9732000E+05  0.1065941E+01
 -0.9727000E+05  0.1064481E+01
 -0.9722000E+05  0.1063023E+01
 -0.9717000E+05  0.1061567E+01
 -0.9712000E+05  0.1060114E+01
 -0.9707000E+05  0.1058662E+01
 -0.9702000E+05  0.1057213E+01
 -0.9697000E+05  0.1055766E+01
 -0.9692000E+05  0.1054320E+01
 -0.9687000E+05  0.1052877E+01
 -0.9682000E+05  0.1051436E+01
 -0.9677000E+05  0.1049997E+01
 -0.9672000E+05  0.1048561E+01
 -0.9667000E+05  0.1047126E+01
 -0.9662000E+05  0.1045693E+01
 -0.9657000E+05  0.1044263E+01
 -0.9652000E+05  0.1042834E+01
 -0.9647000E+05  0.1041408E+01
 -0.9642000E+05  0.1039983E+01
 -0.9637000E+05  0.1038561E+01
 -0.9632000E+05  0.1037141E+01
 -0.9627000E+05  0.1035723E+01
 -0.9622000E+05  0.1034307E+01
 -0.9617000E+05  0.1032893E+01
 -0.9612000E+05  0.1031481E+01
 -0.9607000E+05  0.1030071E+01
 -0.9602000E+05  0.1028663E+01
 -0.9597000E+05  0.1027257E+01
 -0.9592000E+05  0.1025853E+01
 -0.9587000E+05  0.1024451E+01
 -0.9582000E+05  0.1023051E+01
 -0.9577000E+05  0.1021653E+01
 -0.9572000E+05  0.1020258E+01
 -0.9567000E+05  0.1018864E+01
 -0.9562000E+05  0.1017472E+01
 -0.9557000E+05  0.1016083E+01
 -0.9552000E+05  0.1014695E+01
 -0.9547000E+05  0.1013309E+01
 -0.9542000E+05  0.1011925E+01
 -0.9537000E+05  0.1010544E+01
 -0.9532000E+05  0.1009164E+01
 -0.9527000E+05  0.1007786E+01
 -0.9522000E+05  0.1006410E+01
 -0.9517000E+05  0.1005036E+01
 -0.9512000E+05  0.1003665E+01
 -0.9507000E+05  0.1002295E+01
 -0.9502000E+05  0.1000927E+01
 -0.9497000E+05  0.9995607E+00
 -0.9492000E+05  0.9981967E+00
 -0.9487000E+05  0.9968346E+00
 -0.9482000E+05  0.9954745E+00
 -0.9477000E+05  0.9941163E+00
 -0.9472000E+05  0.9927601E+00
 -0.9467000E+05  0.9914057E+00
 -0.9462000E+05  0.9900533E+00
 -0.9457000E+05  0.9887028E+00
 -0.9452000E+05  0.9873543E+00
 -0.9447000E+05  0.9860076E+00
 -0.9442000E+05  0.9846629E+00
 -0.9437000E+05  0.9833200E+00
 -0.9432000E+05  0.9819791E+00
 -0.9427000E+05  0.9806401E+00
 -0.9422000E+05  0.9793029E+00
 -0.9417000E+05  0.9779677E+00
 -0.9412000E+05  0.9766343E+00
 -0.9407000E+05  0.9753028E+00
 -0.9402000E+05  0.9739732E+00
 -0.9397000E+05  0.9726455E+00
 -0.9392000E+05  0.9713196E+00
 -0.9387000E+05  0.9699956E+00
 -0.9382000E+05  0.9686734E+00
 -0.9377000E+05  0.9673531E+00
 -0.9372000E+05  0.9660347E+00
 -0.9367000E+05  0.9647181E+00
 -0.9362000E+05  0.9634034E+00
 -0.9357000E+05  0.9620905E+00
 -0.9352000E+05  0.9607794E+00
 -0.9347000E+05  0.9594702E+00
 -0.9342000E+05  0.9581628E+00
 -0.9337000E+05  0.9568573E+00
 -0.9332000E+05  0.9555535E+00
 -0.9327000E+05  0.9542516E+00
 -0.9322000E+05  0.9529515E+00
 -0.9317000E+05  0.9516533E+00
 -0.9312000E+05  0.9503568E+00
 -0.9307000E+05  0.9490621E+00
 -0.9302000E+05  0.9477693E+00
 -0.9297000E+05  0.9464783E+00
 -0.9292000E+05  0.9451890E+00
 -0.9287000E+05  0.9439016E+00
 -0.9282000E+05  0.9426160E+00
 -0.9277000E+05  0.9413321E+00
 -0.9272000E+05  0.9400501E+00
 -0.9267000E+05  0.9387699E+00
 -0.9262000E+05  0.9374914E+00
 -0.9257000E+05  0.9362147E+00
 -0.9252000E+05  0.9349398E+00
 -0.9247000E+05  0.9336667E+00
 -0.9242000E+05  0.9323954E+00
 -0.9237000E+05  0.9311259E+00
 -0.9232000E+05  0.9298581E+00
 -0.9227000E+05  0.9285921E+00
 -0.9222000E+05  0.9273279E+00
 -0.9217000E+05  0.9260655E+00
 -0.9212000E+05  0.9248048E+00
 -0.9207000E+05  0.9235459E+00
 -0.9202000E+05  0.9222888E+00
 -0.9197000E+05  0.9210335E+00
 -0.9192000E+05  0.9197799E+00
 -0.9187000E+05  0.9185281E+00
 -0.9182000E+05  0.9172781E+00
 -0.9177000E+05  0.9160298E+00
 -0.9172000E+05  0.9147833E+00
 -0.9167000E+05  0.9135386E+00
 -0.9162000E+05  0.9122957E+00
 -0.9157000E+05  0.9110545E+00
 -0.9152000E+05  0.9098150E+00
 -0.9147000E+05  0.9085774E+00
 -0.9142000E+05  0.9073415E+00
 -0.9137000E+05  0.9061074E+00
 -0.9132000E+05  0.9048751E+00
 -0.9127000E+05  0.9036445E+00
 -0.9122000E+05  0.9024157E+00
 -0.9117000E+05  0.9011886E+00
 -0.9112000E+05  0.8999634E+00
 -0.9107000E+05  0.8987399E+00
 -0.9102000E+05  0.8975182E+00
 -0.9097000E+05  0.8962982E+00
 -0.9092000E+05  0.8950801E+00
 -0.9087000E+05  0.8938637E+00
 -0.9082000E+05  0.8926491E+00
 -0.9077000E+05  0.8914362E+00
 -0.9072000E+05  0.8902252E+00
 -0.9067000E+05  0.8890159E+00
 -0.9062000E+05  0.8878084E+00
 -0.9057000E+05  0.8866027E+00
 -0.9052000E+05  0.8853987E+00
 -0.9047000E+05  0.8841966E+00
 -0.9042000E+05  0.8829962E+00
 -0.9037000E+05  0.8817976E+00
 -0.9032000E+05  0.8806008E+00
 -0.9027000E+05  0.8794058E+00
 -0.9022000E+05  0.8782126E+00
 -0.9017000E+05  0.8770212E+00
 -0.9012000E+05  0.8758316E+00
 -0.9007000E+05  0.8746437E+00
 -0.9002000E+05  0.8734577E+00
 -0.8997000E+05  0.8722734E+00
 -0.8992000E+05  0.8710909E+00
 -0.8987000E+05  0.8699103E+00
 -0.8982000E+05  0.8687314E+00
 -0.8977000E+05  0.8675543E+00
 -0.8972000E+05  0.8663791E+00
 -0.8967000E+05  0.8652056E+00
 -0.8962000E+05  0.8640339E+00
 -0.8957000E+05  0.8628640E+00
 -0.8952000E+05  0.8616959E+00
 -0.8947000E+05  0.8605296E+00
 -0.8942000E+05  0.8593651E+00
 -0.8937000E+05  0.8582023E+00
 -0.8932000E+05  0.8570414E+00
 -0.8927000E+05  0.8558823E+00
 -0.8922000E+05  0.8547249E+00
 -0.8917000E+05  0.8535694E+00
 -0.8912000E+05  0.8524156E+00
 -0.8907000E+05  0.8512636E+00
 -0.8902000E+05  0.8501133E+00
 -0.8897000E+05  0.8489649E+00
 -0.8892000E+05  0.8478182E+00
 -0.8887000E+05  0.8466733E+00
 -0.8882000E+05  0.8455301E+00
 -0.8877000E+05  0.8443887E+00
 -0.8872000E+05  0.8432491E+00
 -0.8867000E+05  0.8421112E+00
 -0.8862000E+05  0.8409750E+00
 -0.8857000E+05  0.8398406E+00
 -0.8852000E+05  0.8387079E+00
 -0.8847000E+05  0.8375769E+00
 -0.8842000E+05  0.8364476E+00
 -0.8837000E+05  0.8353200E+00
 -0.8832000E+05  0.8341941E+00
 -0.8827000E+05  0.8330699E+00
 -0.8822000E+05  0.8319474E+00
 -0.8817000E+05  0.8308265E+00
 -0.8812000E+05  0.8297072E+00
 -0.8807000E+05  0.8285896E+00
 -0.8802000E+05  0.8274736E+00
 -0.8797000E+05  0.8263592E+00
 -0.8792000E+05  0.8252464E+00
 -0.8787000E+05  0.8241352E+00
 -0.8782000E+05  0.8230255E+00
 -0.8777000E+05  0.8219174E+00
 -0.8772000E+05  0.8208108E+00
 -0.8767000E+05  0.8197056E+00
 -0.8762000E+05  0.8186020E+00
 -0.8757000E+05  0.8174998E+00
 -0.8752000E+05  0.8163990E+00
 -0.8747000E+05  0.8152997E+00
 -0.8742000E+05  0.8142017E+00
 -0.8737000E+05  0.8131051E+00
 -0.8732000E+05  0.8120098E+00
 -0.8727000E+05  0.8109158E+00
 -0.8722000E+05  0.8098231E+00
 -0.8717000E+05  0.8087316E+00
 -0.8712000E+05  0.8076413E+00
 -0.8707000E+05  0.8065522E+00
 -0.8702000E+05  0.8054642E+00
 -0.8697000E+05  0.8043774E+00
 -0.8692000E+05  0.8032915E+00
 -0.8687000E+05  0.8022067E+00
 -0.8682000E+05  0.8011229E+00
 -0.8677000E+05  0.8000400E+00
 -0.8672000E+05  0.7989580E+00
 -0.8667000E+05  0.7978768E+00
 -0.8662000E+05  0.7967965E+00
 -0.8657000E+05  0.7957168E+00
 -0.8652000E+05  0.7946379E+00
 -0.8647000E+05  0.7935596E+00
 -0.8642000E+05  0.7924819E+00
 -0.8637000E+05  0.7914047E+00
