 -0.1156500E+06  0.1763082E+01
 -0.1156000E+06  0.1760656E+01
 -0.1155500E+06  0.1758234E+01
 -0.1155000E+06  0.1755816E+01
 -0.1154500E+06  0.1753401E+01
 -0.1154000E+06  0.1750989E+01
 -0.1153500E+06  0.1748582E+01
 -0.1153000E+06  0.1746177E+01
 -0.1152500E+06  0.1743777E+01
 -0.1152000E+06  0.1741380E+01
 -0.1151500E+06  0.1738988E+01
 -0.1151000E+06  0.1736598E+01
 -0.1150500E+06  0.1734213E+01
 -0.1150000E+06  0.1731832E+01
 -0.1149500E+06  0.1729454E+01
 -0.1149000E+06  0.1727080E+01
 -0.1148500E+06  0.1724710E+01
 -0.1148000E+06  0.1722344E+01
 -0.1147500E+06  0.1719981E+01
 -0.1147000E+06  0.1717622E+01
 -0.1146500E+06  0.1715267E+01
 -0.1146000E+06  0.1712916E+01
 -0.1145500E+06  0.1710569E+01
 -0.1145000E+06  0.1708225E+01
 -0.1144500E+06  0.1705885E+01
 -0.1144000E+06  0.1703549E+01
 -0.1143500E+06  0.1701216E+01
 -0.1143000E+06  0.1698887E+01
 -0.1142500E+06  0.1696561E+01
 -0.1142000E+06  0.1694239E+01
 -0.1141500E+06  0.1691921E+01
 -0.1141000E+06  0.1689606E+01
 -0.1140500E+06  0.1687295E+01
 -0.1140000E+06  0.1684987E+01
 -0.1139500E+06  0.1682683E+01
 -0.1139000E+06  0.1680382E+01
 -0.1138500E+06  0.1678085E+01
 -0.1138000E+06  0.1675790E+01
 -0.1137500E+06  0.1673500E+01
 -0.1137000E+06  0.1671212E+01
 -0.1136500E+06  0.1668928E+01
 -0.1136000E+06  0.1666647E+01
 -0.1135500E+06  0.1664369E+01
 -0.1135000E+06  0.1662095E+01
 -0.1134500E+06  0.1659823E+01
 -0.1134000E+06  0.1657555E+01
 -0.1133500E+06  0.1655290E+01
 -0.1133000E+06  0.1653028E+01
 -0.1132500E+06  0.1650769E+01
 -0.1132000E+06  0.1648513E+01
 -0.1131500E+06  0.1646260E+01
 -0.1131000E+06  0.1644011E+01
 -0.1130500E+06  0.1641764E+01
 -0.1130000E+06  0.1639520E+01
 -0.1129500E+06  0.1637279E+01
 -0.1129000E+06  0.1635041E+01
 -0.1128500E+06  0.1632806E+01
 -0.1128000E+06  0.1630574E+01
 -0.1127500E+06  0.1628345E+01
