 -0.1141850E+06  0.1693544E+01
 -0.1141350E+06  0.1691226E+01
 -0.1140850E+06  0.1688913E+01
 -0.1140350E+06  0.1686602E+01
 -0.1139850E+06  0.1684296E+01
 -0.1139350E+06  0.1681992E+01
 -0.1138850E+06  0.1679692E+01
 -0.1138350E+06  0.1677396E+01
 -0.1137850E+06  0.1675103E+01
 -0.1137350E+06  0.1672813E+01
 -0.1136850E+06  0.1670526E+01
 -0.1136350E+06  0.1668243E+01
 -0.1135850E+06  0.1665963E+01
 -0.1135350E+06  0.1663686E+01
 -0.1134850E+06  0.1661413E+01
 -0.1134350E+06  0.1659142E+01
 -0.1133850E+06  0.1656875E+01
 -0.1133350E+06  0.1654611E+01
 -0.1132850E+06  0.1652350E+01
 -0.1132350E+06  0.1650092E+01
 -0.1131850E+06  0.1647837E+01
 -0.1131350E+06  0.1645585E+01
 -0.1130850E+06  0.1643336E+01
 -0.1130350E+06  0.1641090E+01
 -0.1129850E+06  0.1638847E+01
 -0.1129350E+06  0.1636607E+01
 -0.1128850E+06  0.1634370E+01
 -0.1128350E+06  0.1632136E+01
 -0.1127850E+06  0.1629905E+01
 -0.1127350E+06  0.1627677E+01
 -0.1126850E+06  0.1625451E+01
 -0.1126350E+06  0.1623229E+01
 -0.1125850E+06  0.1621009E+01
 -0.1125350E+06  0.1618792E+01
 -0.1124850E+06  0.1616578E+01
 -0.1124350E+06  0.1614366E+01
 -0.1123850E+06  0.1612158E+01
 -0.1123350E+06  0.1609952E+01
 -0.1122850E+06  0.1607749E+01
 -0.1122350E+06  0.1605549E+01
 -0.1121850E+06  0.1603352E+01
 -0.1121350E+06  0.1601158E+01
 -0.1120850E+06  0.1598966E+01
 -0.1120350E+06  0.1596777E+01
 -0.1119850E+06  0.1594591E+01
 -0.1119350E+06  0.1592407E+01
 -0.1118850E+06  0.1590227E+01
 -0.1118350E+06  0.1588049E+01
 -0.1117850E+06  0.1585874E+01
 -0.1117350E+06  0.1583702E+01
 -0.1116850E+06  0.1581532E+01
 -0.1116350E+06  0.1579365E+01
 -0.1115850E+06  0.1577201E+01
 -0.1115350E+06  0.1575040E+01
 -0.1114850E+06  0.1572882E+01
 -0.1114350E+06  0.1570726E+01
 -0.1113850E+06  0.1568573E+01
 -0.1113350E+06  0.1566423E+01
 -0.1112850E+06  0.1564276E+01
 -0.1112350E+06  0.1562132E+01
 -0.1111850E+06  0.1559990E+01
 -0.1111350E+06  0.1557851E+01
 -0.1110850E+06  0.1555715E+01
 -0.1110350E+06  0.1553582E+01
 -0.1109850E+06  0.1551452E+01
 -0.1109350E+06  0.1549324E+01
 -0.1108850E+06  0.1547200E+01
 -0.1108350E+06  0.1545078E+01
 -0.1107850E+06  0.1542959E+01
 -0.1107350E+06  0.1540843E+01
 -0.1106850E+06  0.1538729E+01
 -0.1106350E+06  0.1536619E+01
 -0.1105850E+06  0.1534511E+01
 -0.1105350E+06  0.1532407E+01
 -0.1104850E+06  0.1530305E+01
 -0.1104350E+06  0.1528206E+01
 -0.1103850E+06  0.1526110E+01
 -0.1103350E+06  0.1524016E+01
 -0.1102850E+06  0.1521926E+01
 -0.1102350E+06  0.1519838E+01
 -0.1101850E+06  0.1517753E+01
 -0.1101350E+06  0.1515672E+01
 -0.1100850E+06  0.1513593E+01
 -0.1100350E+06  0.1511516E+01
 -0.1099850E+06  0.1509443E+01
 -0.1099350E+06  0.1507373E+01
 -0.1098850E+06  0.1505305E+01
 -0.1098350E+06  0.1503240E+01
