 -0.1156500E+06  0.1763055E+01
 -0.1156000E+06  0.1760639E+01
 -0.1155500E+06  0.1758225E+01
 -0.1155000E+06  0.1755813E+01
 -0.1154500E+06  0.1753403E+01
 -0.1154000E+06  0.1750995E+01
 -0.1153500E+06  0.1748591E+01
 -0.1153000E+06  0.1746189E+01
 -0.1152500E+06  0.1743790E+01
 -0.1152000E+06  0.1741394E+01
 -0.1151500E+06  0.1739001E+01
 -0.1151000E+06  0.1736612E+01
 -0.1150500E+06  0.1734226E+01
 -0.1150000E+06  0.1731843E+01
 -0.1149500E+06  0.1729465E+01
 -0.1149000E+06  0.1727089E+01
 -0.1148500E+06  0.1724718E+01
 -0.1148000E+06  0.1722350E+01
 -0.1147500E+06  0.1719986E+01
 -0.1147000E+06  0.1717625E+01
 -0.1146500E+06  0.1715269E+01
 -0.1146000E+06  0.1712916E+01
 -0.1145500E+06  0.1710567E+01
 -0.1145000E+06  0.1708222E+01
 -0.1144500E+06  0.1705881E+01
 -0.1144000E+06  0.1703543E+01
 -0.1143500E+06  0.1701209E+01
 -0.1143000E+06  0.1698879E+01
 -0.1142500E+06  0.1696553E+01
 -0.1142000E+06  0.1694231E+01
 -0.1141500E+06  0.1691912E+01
 -0.1141000E+06  0.1689597E+01
 -0.1140500E+06  0.1687285E+01
 -0.1140000E+06  0.1684978E+01
 -0.1139500E+06  0.1682674E+01
 -0.1139000E+06  0.1680373E+01
 -0.1138500E+06  0.1678076E+01
 -0.1138000E+06  0.1675782E+01
 -0.1137500E+06  0.1673492E+01
 -0.1137000E+06  0.1671205E+01
 -0.1136500E+06  0.1668922E+01
 -0.1136000E+06  0.1666642E+01
 -0.1135500E+06  0.1664365E+01
 -0.1135000E+06  0.1662092E+01
 -0.1134500E+06  0.1659821E+01
 -0.1134000E+06  0.1657554E+01
 -0.1133500E+06  0.1655290E+01
 -0.1133000E+06  0.1653029E+01
 -0.1132500E+06  0.1650771E+01
 -0.1132000E+06  0.1648517E+01
 -0.1131500E+06  0.1646265E+01
 -0.1131000E+06  0.1644016E+01
 -0.1130500E+06  0.1641770E+01
 -0.1130000E+06  0.1639528E+01
 -0.1129500E+06  0.1637288E+01
 -0.1129000E+06  0.1635050E+01
 -0.1128500E+06  0.1632816E+01
 -0.1128000E+06  0.1630585E+01
 -0.1127500E+06  0.1628356E+01
 -0.1141500E+06  0.1691912E+01
 -0.1141000E+06  0.1689597E+01
 -0.1140500E+06  0.1687285E+01
 -0.1140000E+06  0.1684978E+01
 -0.1139500E+06  0.1682674E+01
 -0.1139000E+06  0.1680373E+01
 -0.1138500E+06  0.1678076E+01
 -0.1138000E+06  0.1675782E+01
 -0.1137500E+06  0.1673492E+01
 -0.1137000E+06  0.1671205E+01
 -0.1136500E+06  0.1668922E+01
 -0.1136000E+06  0.1666642E+01
 -0.1135500E+06  0.1664365E+01
 -0.1135000E+06  0.1662092E+01
 -0.1134500E+06  0.1659821E+01
 -0.1134000E+06  0.1657554E+01
 -0.1133500E+06  0.1655290E+01
 -0.1133000E+06  0.1653029E+01
 -0.1132500E+06  0.1650771E+01
 -0.1132000E+06  0.1648517E+01
 -0.1131500E+06  0.1646265E+01
 -0.1131000E+06  0.1644016E+01
 -0.1130500E+06  0.1641770E+01
 -0.1130000E+06  0.1639528E+01
 -0.1129500E+06  0.1637288E+01
 -0.1129000E+06  0.1635050E+01
 -0.1128500E+06  0.1632816E+01
 -0.1128000E+06  0.1630585E+01
 -0.1127500E+06  0.1628356E+01
 -0.1127000E+06  0.1626130E+01
 -0.1126500E+06  0.1623907E+01
 -0.1126000E+06  0.1621687E+01
 -0.1125500E+06  0.1619469E+01
 -0.1125000E+06  0.1617255E+01
 -0.1124500E+06  0.1615043E+01
 -0.1124000E+06  0.1612833E+01
 -0.1123500E+06  0.1610627E+01
 -0.1123000E+06  0.1608423E+01
 -0.1122500E+06  0.1606221E+01
 -0.1122000E+06  0.1604023E+01
 -0.1121500E+06  0.1601827E+01
 -0.1121000E+06  0.1599634E+01
 -0.1120500E+06  0.1597443E+01
 -0.1120000E+06  0.1595256E+01
 -0.1119500E+06  0.1593071E+01
 -0.1119000E+06  0.1590888E+01
 -0.1118500E+06  0.1588709E+01
 -0.1118000E+06  0.1586532E+01
 -0.1117500E+06  0.1584358E+01
 -0.1117000E+06  0.1582186E+01
 -0.1116500E+06  0.1580018E+01
 -0.1116000E+06  0.1577852E+01
 -0.1115500E+06  0.1575689E+01
 -0.1115000E+06  0.1573528E+01
 -0.1114500E+06  0.1571371E+01
 -0.1114000E+06  0.1569216E+01
 -0.1113500E+06  0.1567064E+01
 -0.1113000E+06  0.1564915E+01
 -0.1112500E+06  0.1562769E+01
 -0.1112000E+06  0.1560626E+01
 -0.1111500E+06  0.1558485E+01
 -0.1111000E+06  0.1556348E+01
 -0.1110500E+06  0.1554213E+01
 -0.1110000E+06  0.1552081E+01
 -0.1109500E+06  0.1549952E+01
 -0.1109000E+06  0.1547826E+01
 -0.1108500E+06  0.1545703E+01
 -0.1108000E+06  0.1543583E+01
 -0.1107500E+06  0.1541466E+01
 -0.1107000E+06  0.1539352E+01
 -0.1106500E+06  0.1537241E+01
 -0.1106000E+06  0.1535132E+01
 -0.1105500E+06  0.1533027E+01
 -0.1105000E+06  0.1530925E+01
 -0.1104500E+06  0.1528825E+01
 -0.1104000E+06  0.1526729E+01
 -0.1103500E+06  0.1524635E+01
 -0.1103000E+06  0.1522545E+01
 -0.1102500E+06  0.1520457E+01
 -0.1102000E+06  0.1518373E+01
 -0.1101500E+06  0.1516291E+01
 -0.1101000E+06  0.1514213E+01
 -0.1100500E+06  0.1512137E+01
 -0.1100000E+06  0.1510064E+01
 -0.1099500E+06  0.1507994E+01
 -0.1099000E+06  0.1505927E+01
 -0.1098500E+06  0.1503863E+01
 -0.1098000E+06  0.1501802E+01
 -0.1127000E+06  0.1626134E+01
 -0.1126500E+06  0.1623908E+01
 -0.1126000E+06  0.1621685E+01
 -0.1125500E+06  0.1619465E+01
 -0.1125000E+06  0.1617248E+01
 -0.1124500E+06  0.1615033E+01
 -0.1124000E+06  0.1612822E+01
 -0.1123500E+06  0.1610613E+01
 -0.1123000E+06  0.1608407E+01
 -0.1122500E+06  0.1606205E+01
 -0.1122000E+06  0.1604005E+01
 -0.1121500E+06  0.1601808E+01
 -0.1121000E+06  0.1599614E+01
 -0.1120500E+06  0.1597423E+01
 -0.1120000E+06  0.1595235E+01
 -0.1119500E+06  0.1593049E+01
 -0.1119000E+06  0.1590867E+01
 -0.1118500E+06  0.1588688E+01
 -0.1118000E+06  0.1586511E+01
 -0.1117500E+06  0.1584338E+01
 -0.1117000E+06  0.1582167E+01
 -0.1116500E+06  0.1580000E+01
 -0.1116000E+06  0.1577835E+01
 -0.1115500E+06  0.1575673E+01
 -0.1115000E+06  0.1573514E+01
 -0.1114500E+06  0.1571358E+01
 -0.1114000E+06  0.1569205E+01
 -0.1113500E+06  0.1567055E+01
 -0.1113000E+06  0.1564908E+01
 -0.1112500E+06  0.1562764E+01
 -0.1112000E+06  0.1560622E+01
 -0.1111500E+06  0.1558483E+01
 -0.1111000E+06  0.1556348E+01
 -0.1110500E+06  0.1554215E+01
 -0.1110000E+06  0.1552085E+01
 -0.1109500E+06  0.1549958E+01
 -0.1109000E+06  0.1547834E+01
 -0.1108500E+06  0.1545712E+01
 -0.1108000E+06  0.1543594E+01
 -0.1107500E+06  0.1541478E+01
 -0.1107000E+06  0.1539365E+01
 -0.1106500E+06  0.1537255E+01
 -0.1106000E+06  0.1535147E+01
 -0.1105500E+06  0.1533043E+01
 -0.1105000E+06  0.1530941E+01
 -0.1104500E+06  0.1528842E+01
 -0.1104000E+06  0.1526746E+01
 -0.1103500E+06  0.1524653E+01
 -0.1103000E+06  0.1522562E+01
 -0.1102500E+06  0.1520474E+01
 -0.1102000E+06  0.1518389E+01
 -0.1101500E+06  0.1516307E+01
 -0.1101000E+06  0.1514228E+01
 -0.1100500E+06  0.1512151E+01
 -0.1100000E+06  0.1510077E+01
 -0.1099500E+06  0.1508006E+01
 -0.1099000E+06  0.1505937E+01
 -0.1098500E+06  0.1503871E+01
 -0.1098000E+06  0.1501808E+01
 -0.1097500E+06  0.1499748E+01
 -0.1097000E+06  0.1497690E+01
 -0.1096500E+06  0.1495635E+01
 -0.1096000E+06  0.1493583E+01
 -0.1095500E+06  0.1491534E+01
 -0.1095000E+06  0.1489487E+01
 -0.1094500E+06  0.1487443E+01
 -0.1094000E+06  0.1485402E+01
 -0.1093500E+06  0.1483363E+01
 -0.1093000E+06  0.1481327E+01
 -0.1092500E+06  0.1479294E+01
 -0.1092000E+06  0.1477264E+01
 -0.1091500E+06  0.1475236E+01
 -0.1091000E+06  0.1473211E+01
 -0.1090500E+06  0.1471189E+01
 -0.1090000E+06  0.1469169E+01
 -0.1089500E+06  0.1467152E+01
 -0.1089000E+06  0.1465138E+01
 -0.1088500E+06  0.1463126E+01
 -0.1088000E+06  0.1461118E+01
 -0.1087500E+06  0.1459112E+01
 -0.1087000E+06  0.1457108E+01
 -0.1086500E+06  0.1455107E+01
 -0.1086000E+06  0.1453109E+01
 -0.1085500E+06  0.1451114E+01
 -0.1085000E+06  0.1449122E+01
 -0.1084500E+06  0.1447132E+01
 -0.1084000E+06  0.1445145E+01
 -0.1083500E+06  0.1443160E+01
 -0.1083000E+06  0.1441179E+01
 -0.1082500E+06  0.1439200E+01
 -0.1082000E+06  0.1437223E+01
 -0.1081500E+06  0.1435250E+01
 -0.1081000E+06  0.1433279E+01
 -0.1080500E+06  0.1431311E+01
 -0.1080000E+06  0.1429345E+01
 -0.1079500E+06  0.1427383E+01
 -0.1079000E+06  0.1425423E+01
 -0.1078500E+06  0.1423465E+01
 -0.1078000E+06  0.1421511E+01
 -0.1077500E+06  0.1419559E+01
 -0.1077000E+06  0.1417610E+01
 -0.1076500E+06  0.1415664E+01
 -0.1076000E+06  0.1413720E+01
 -0.1075500E+06  0.1411779E+01
 -0.1075000E+06  0.1409841E+01
 -0.1074500E+06  0.1407905E+01
 -0.1074000E+06  0.1405972E+01
 -0.1073500E+06  0.1404042E+01
 -0.1073000E+06  0.1402115E+01
 -0.1072500E+06  0.1400190E+01
 -0.1072000E+06  0.1398268E+01
 -0.1071500E+06  0.1396349E+01
 -0.1071000E+06  0.1394432E+01
 -0.1070500E+06  0.1392518E+01
 -0.1070000E+06  0.1390607E+01
 -0.1069500E+06  0.1388698E+01
 -0.1069000E+06  0.1386793E+01
 -0.1097500E+06  0.1499756E+01
 -0.1097000E+06  0.1497698E+01
 -0.1096500E+06  0.1495643E+01
 -0.1096000E+06  0.1493590E+01
 -0.1095500E+06  0.1491540E+01
 -0.1095000E+06  0.1489493E+01
 -0.1094500E+06  0.1487448E+01
 -0.1094000E+06  0.1485406E+01
 -0.1093500E+06  0.1483367E+01
 -0.1093000E+06  0.1481330E+01
 -0.1092500E+06  0.1479297E+01
 -0.1092000E+06  0.1477266E+01
 -0.1091500E+06  0.1475237E+01
 -0.1091000E+06  0.1473211E+01
 -0.1090500E+06  0.1471189E+01
 -0.1090000E+06  0.1469168E+01
 -0.1089500E+06  0.1467151E+01
 -0.1089000E+06  0.1465136E+01
 -0.1088500E+06  0.1463124E+01
 -0.1088000E+06  0.1461115E+01
 -0.1087500E+06  0.1459108E+01
 -0.1087000E+06  0.1457104E+01
 -0.1086500E+06  0.1455103E+01
 -0.1086000E+06  0.1453105E+01
 -0.1085500E+06  0.1451109E+01
 -0.1085000E+06  0.1449117E+01
 -0.1084500E+06  0.1447127E+01
 -0.1084000E+06  0.1445139E+01
 -0.1083500E+06  0.1443155E+01
 -0.1083000E+06  0.1441173E+01
 -0.1082500E+06  0.1439194E+01
 -0.1082000E+06  0.1437218E+01
 -0.1081500E+06  0.1435245E+01
 -0.1081000E+06  0.1433274E+01
 -0.1080500E+06  0.1431306E+01
 -0.1080000E+06  0.1429341E+01
 -0.1079500E+06  0.1427378E+01
 -0.1079000E+06  0.1425419E+01
 -0.1078500E+06  0.1423462E+01
 -0.1078000E+06  0.1421508E+01
 -0.1077500E+06  0.1419556E+01
 -0.1077000E+06  0.1417607E+01
 -0.1076500E+06  0.1415661E+01
 -0.1076000E+06  0.1413718E+01
 -0.1075500E+06  0.1411778E+01
 -0.1075000E+06  0.1409840E+01
 -0.1074500E+06  0.1407905E+01
 -0.1074000E+06  0.1405973E+01
 -0.1073500E+06  0.1404043E+01
 -0.1073000E+06  0.1402116E+01
 -0.1072500E+06  0.1400192E+01
 -0.1072000E+06  0.1398270E+01
 -0.1071500E+06  0.1396351E+01
 -0.1071000E+06  0.1394435E+01
 -0.1070500E+06  0.1392521E+01
 -0.1070000E+06  0.1390611E+01
 -0.1069500E+06  0.1388702E+01
 -0.1069000E+06  0.1386797E+01
 -0.1068500E+06  0.1384894E+01
 -0.1068000E+06  0.1382994E+01
 -0.1067500E+06  0.1381096E+01
 -0.1067000E+06  0.1379201E+01
 -0.1066500E+06  0.1377309E+01
 -0.1066000E+06  0.1375419E+01
 -0.1065500E+06  0.1373532E+01
 -0.1065000E+06  0.1371647E+01
 -0.1064500E+06  0.1369765E+01
 -0.1064000E+06  0.1367886E+01
 -0.1063500E+06  0.1366009E+01
 -0.1063000E+06  0.1364135E+01
 -0.1062500E+06  0.1362263E+01
 -0.1062000E+06  0.1360394E+01
 -0.1061500E+06  0.1358527E+01
 -0.1061000E+06  0.1356663E+01
 -0.1060500E+06  0.1354801E+01
 -0.1060000E+06  0.1352943E+01
 -0.1059500E+06  0.1351086E+01
 -0.1059000E+06  0.1349232E+01
 -0.1058500E+06  0.1347381E+01
 -0.1058000E+06  0.1345531E+01
 -0.1057500E+06  0.1343685E+01
 -0.1057000E+06  0.1341841E+01
 -0.1056500E+06  0.1339999E+01
 -0.1056000E+06  0.1338160E+01
 -0.1055500E+06  0.1336324E+01
 -0.1055000E+06  0.1334490E+01
 -0.1054500E+06  0.1332658E+01
 -0.1054000E+06  0.1330829E+01
 -0.1053500E+06  0.1329002E+01
 -0.1053000E+06  0.1327177E+01
 -0.1052500E+06  0.1325355E+01
 -0.1052000E+06  0.1323536E+01
 -0.1051500E+06  0.1321719E+01
 -0.1051000E+06  0.1319904E+01
 -0.1050500E+06  0.1318092E+01
 -0.1050000E+06  0.1316282E+01
 -0.1049500E+06  0.1314475E+01
 -0.1049000E+06  0.1312670E+01
 -0.1048500E+06  0.1310867E+01
 -0.1048000E+06  0.1309067E+01
 -0.1047500E+06  0.1307269E+01
 -0.1047000E+06  0.1305474E+01
 -0.1046500E+06  0.1303681E+01
 -0.1046000E+06  0.1301890E+01
 -0.1045500E+06  0.1300102E+01
 -0.1045000E+06  0.1298316E+01
 -0.1044500E+06  0.1296533E+01
 -0.1044000E+06  0.1294752E+01
 -0.1043500E+06  0.1292973E+01
 -0.1043000E+06  0.1291197E+01
 -0.1042500E+06  0.1289423E+01
 -0.1042000E+06  0.1287651E+01
 -0.1041500E+06  0.1285882E+01
 -0.1041000E+06  0.1284116E+01
 -0.1040500E+06  0.1282351E+01
 -0.1040000E+06  0.1280589E+01
 -0.1039500E+06  0.1278830E+01
 -0.1039000E+06  0.1277072E+01
 -0.1038500E+06  0.1275318E+01
 -0.1038000E+06  0.1273565E+01
 -0.1037500E+06  0.1271815E+01
 -0.1037000E+06  0.1270068E+01
 -0.1036500E+06  0.1268323E+01
 -0.1036000E+06  0.1266580E+01
 -0.1035500E+06  0.1264839E+01
 -0.1035000E+06  0.1263101E+01
 -0.1034500E+06  0.1261366E+01
 -0.1034000E+06  0.1259632E+01
 -0.1033500E+06  0.1257901E+01
 -0.1033000E+06  0.1256173E+01
 -0.1032500E+06  0.1254447E+01
 -0.1032000E+06  0.1252723E+01
 -0.1031500E+06  0.1251002E+01
 -0.1031000E+06  0.1249283E+01
 -0.1030500E+06  0.1247567E+01
 -0.1030000E+06  0.1245853E+01
 -0.1029500E+06  0.1244141E+01
 -0.1029000E+06  0.1242432E+01
 -0.1028500E+06  0.1240725E+01
 -0.1028000E+06  0.1239021E+01
 -0.1027500E+06  0.1237319E+01
 -0.1027000E+06  0.1235619E+01
 -0.1026500E+06  0.1233922E+01
 -0.1026000E+06  0.1232227E+01
 -0.1025500E+06  0.1230535E+01
 -0.1025000E+06  0.1228845E+01
 -0.1068500E+06  0.1384897E+01
 -0.1068000E+06  0.1382996E+01
 -0.1067500E+06  0.1381098E+01
 -0.1067000E+06  0.1379202E+01
 -0.1066500E+06  0.1377309E+01
 -0.1066000E+06  0.1375419E+01
 -0.1065500E+06  0.1373531E+01
 -0.1065000E+06  0.1371646E+01
 -0.1064500E+06  0.1369763E+01
 -0.1064000E+06  0.1367883E+01
 -0.1063500E+06  0.1366006E+01
 -0.1063000E+06  0.1364131E+01
 -0.1062500E+06  0.1362259E+01
 -0.1062000E+06  0.1360389E+01
 -0.1061500E+06  0.1358522E+01
 -0.1061000E+06  0.1356658E+01
 -0.1060500E+06  0.1354796E+01
 -0.1060000E+06  0.1352936E+01
 -0.1059500E+06  0.1351079E+01
 -0.1059000E+06  0.1349225E+01
 -0.1058500E+06  0.1347373E+01
 -0.1058000E+06  0.1345524E+01
 -0.1057500E+06  0.1343677E+01
 -0.1057000E+06  0.1341832E+01
 -0.1056500E+06  0.1339991E+01
 -0.1056000E+06  0.1338151E+01
 -0.1055500E+06  0.1336315E+01
 -0.1055000E+06  0.1334480E+01
 -0.1054500E+06  0.1332648E+01
 -0.1054000E+06  0.1330819E+01
 -0.1053500E+06  0.1328992E+01
 -0.1053000E+06  0.1327168E+01
 -0.1052500E+06  0.1325346E+01
 -0.1052000E+06  0.1323527E+01
 -0.1051500E+06  0.1321710E+01
 -0.1051000E+06  0.1319895E+01
 -0.1050500E+06  0.1318083E+01
 -0.1050000E+06  0.1316274E+01
 -0.1049500E+06  0.1314466E+01
 -0.1049000E+06  0.1312662E+01
 -0.1048500E+06  0.1310860E+01
 -0.1048000E+06  0.1309060E+01
 -0.1047500E+06  0.1307262E+01
 -0.1047000E+06  0.1305467E+01
 -0.1046500E+06  0.1303675E+01
 -0.1046000E+06  0.1301885E+01
 -0.1045500E+06  0.1300097E+01
 -0.1045000E+06  0.1298312E+01
 -0.1044500E+06  0.1296529E+01
 -0.1044000E+06  0.1294749E+01
 -0.1043500E+06  0.1292971E+01
 -0.1043000E+06  0.1291195E+01
 -0.1042500E+06  0.1289422E+01
 -0.1042000E+06  0.1287651E+01
 -0.1041500E+06  0.1285883E+01
 -0.1041000E+06  0.1284117E+01
 -0.1040500E+06  0.1282353E+01
 -0.1040000E+06  0.1280592E+01
 -0.1039500E+06  0.1278833E+01
 -0.1039000E+06  0.1277077E+01
 -0.1038500E+06  0.1275323E+01
 -0.1038000E+06  0.1273571E+01
 -0.1037500E+06  0.1271822E+01
 -0.1037000E+06  0.1270075E+01
 -0.1036500E+06  0.1268331E+01
 -0.1036000E+06  0.1266589E+01
 -0.1035500E+06  0.1264849E+01
 -0.1035000E+06  0.1263112E+01
 -0.1034500E+06  0.1261377E+01
 -0.1034000E+06  0.1259644E+01
 -0.1033500E+06  0.1257914E+01
 -0.1033000E+06  0.1256186E+01
 -0.1032500E+06  0.1254461E+01
 -0.1032000E+06  0.1252738E+01
 -0.1031500E+06  0.1251017E+01
 -0.1031000E+06  0.1249299E+01
 -0.1030500E+06  0.1247583E+01
 -0.1030000E+06  0.1245869E+01
 -0.1029500E+06  0.1244158E+01
 -0.1029000E+06  0.1242449E+01
 -0.1028500E+06  0.1240743E+01
 -0.1028000E+06  0.1239038E+01
 -0.1027500E+06  0.1237337E+01
 -0.1027000E+06  0.1235637E+01
 -0.1026500E+06  0.1233940E+01
 -0.1026000E+06  0.1232246E+01
 -0.1025500E+06  0.1230553E+01
 -0.1025000E+06  0.1228863E+01
 -0.1024500E+06  0.1227176E+01
 -0.1024000E+06  0.1225490E+01
 -0.1023500E+06  0.1223807E+01
 -0.1023000E+06  0.1222127E+01
 -0.1022500E+06  0.1220448E+01
 -0.1022000E+06  0.1218773E+01
 -0.1021500E+06  0.1217099E+01
 -0.1021000E+06  0.1215428E+01
 -0.1020500E+06  0.1213759E+01
 -0.1020000E+06  0.1212092E+01
 -0.1019500E+06  0.1210428E+01
 -0.1019000E+06  0.1208766E+01
 -0.1018500E+06  0.1207107E+01
 -0.1018000E+06  0.1205449E+01
 -0.1017500E+06  0.1203795E+01
 -0.1017000E+06  0.1202142E+01
 -0.1016500E+06  0.1200492E+01
 -0.1016000E+06  0.1198844E+01
 -0.1015500E+06  0.1197198E+01
 -0.1015000E+06  0.1195555E+01
 -0.1014500E+06  0.1193914E+01
 -0.1014000E+06  0.1192275E+01
 -0.1013500E+06  0.1190639E+01
 -0.1013000E+06  0.1189005E+01
 -0.1012500E+06  0.1187373E+01
 -0.1012000E+06  0.1185744E+01
 -0.1011500E+06  0.1184117E+01
 -0.1011000E+06  0.1182492E+01
 -0.1010500E+06  0.1180869E+01
 -0.1010000E+06  0.1179249E+01
 -0.1009500E+06  0.1177631E+01
 -0.1009000E+06  0.1176016E+01
 -0.1008500E+06  0.1174402E+01
 -0.1008000E+06  0.1172791E+01
 -0.1007500E+06  0.1171182E+01
 -0.1007000E+06  0.1169576E+01
 -0.1006500E+06  0.1167971E+01
 -0.1006000E+06  0.1166369E+01
 -0.1005500E+06  0.1164770E+01
 -0.1005000E+06  0.1163172E+01
 -0.1004500E+06  0.1161577E+01
 -0.1004000E+06  0.1159984E+01
 -0.1003500E+06  0.1158393E+01
 -0.1003000E+06  0.1156805E+01
 -0.1002500E+06  0.1155219E+01
 -0.1002000E+06  0.1153635E+01
 -0.1001500E+06  0.1152053E+01
 -0.1001000E+06  0.1150473E+01
 -0.1000500E+06  0.1148896E+01
 -0.1000000E+06  0.1147321E+01
 -0.9995000E+05  0.1145748E+01
 -0.9990000E+05  0.1144177E+01
 -0.9985000E+05  0.1142609E+01
 -0.9980000E+05  0.1141043E+01
 -0.9975000E+05  0.1139478E+01
 -0.9970000E+05  0.1137917E+01
 -0.9965000E+05  0.1136357E+01
 -0.9960000E+05  0.1134799E+01
 -0.9955000E+05  0.1133244E+01
 -0.9950000E+05  0.1131691E+01
 -0.9945000E+05  0.1130140E+01
 -0.9940000E+05  0.1128591E+01
 -0.9935000E+05  0.1127045E+01
 -0.9930000E+05  0.1125500E+01
 -0.9925000E+05  0.1123958E+01
 -0.9920000E+05  0.1122418E+01
 -0.9915000E+05  0.1120880E+01
 -0.9910000E+05  0.1119344E+01
 -0.9905000E+05  0.1117810E+01
 -0.9900000E+05  0.1116279E+01
 -0.9895000E+05  0.1114749E+01
 -0.9890000E+05  0.1113222E+01
 -0.9885000E+05  0.1111697E+01
 -0.9880000E+05  0.1110174E+01
 -0.9875000E+05  0.1108653E+01
 -0.9870000E+05  0.1107134E+01
 -0.9865000E+05  0.1105617E+01
 -0.9860000E+05  0.1104102E+01
 -0.9855000E+05  0.1102590E+01
 -0.9850000E+05  0.1101079E+01
 -0.9845000E+05  0.1099571E+01
 -0.9840000E+05  0.1098064E+01
 -0.9835000E+05  0.1096560E+01
 -0.9830000E+05  0.1095058E+01
 -0.9825000E+05  0.1093558E+01
 -0.9820000E+05  0.1092060E+01
 -0.9815000E+05  0.1090564E+01
 -0.9810000E+05  0.1089070E+01
 -0.1024500E+06  0.1227171E+01
 -0.1024000E+06  0.1225487E+01
 -0.1023500E+06  0.1223805E+01
 -0.1023000E+06  0.1222125E+01
 -0.1022500E+06  0.1220448E+01
 -0.1022000E+06  0.1218773E+01
 -0.1021500E+06  0.1217101E+01
 -0.1021000E+06  0.1215430E+01
 -0.1020500E+06  0.1213762E+01
 -0.1020000E+06  0.1212097E+01
 -0.1019500E+06  0.1210433E+01
 -0.1019000E+06  0.1208772E+01
 -0.1018500E+06  0.1207114E+01
 -0.1018000E+06  0.1205457E+01
 -0.1017500E+06  0.1203803E+01
 -0.1017000E+06  0.1202151E+01
 -0.1016500E+06  0.1200502E+01
 -0.1016000E+06  0.1198855E+01
 -0.1015500E+06  0.1197210E+01
 -0.1015000E+06  0.1195567E+01
 -0.1014500E+06  0.1193927E+01
 -0.1014000E+06  0.1192289E+01
 -0.1013500E+06  0.1190653E+01
 -0.1013000E+06  0.1189019E+01
 -0.1012500E+06  0.1187388E+01
 -0.1012000E+06  0.1185759E+01
 -0.1011500E+06  0.1184132E+01
 -0.1011000E+06  0.1182508E+01
 -0.1010500E+06  0.1180886E+01
 -0.1010000E+06  0.1179266E+01
 -0.1009500E+06  0.1177648E+01
 -0.1009000E+06  0.1176032E+01
 -0.1008500E+06  0.1174419E+01
 -0.1008000E+06  0.1172808E+01
 -0.1007500E+06  0.1171199E+01
 -0.1007000E+06  0.1169593E+01
 -0.1006500E+06  0.1167988E+01
 -0.1006000E+06  0.1166386E+01
 -0.1005500E+06  0.1164786E+01
 -0.1005000E+06  0.1163189E+01
 -0.1004500E+06  0.1161593E+01
 -0.1004000E+06  0.1160000E+01
 -0.1003500E+06  0.1158409E+01
 -0.1003000E+06  0.1156820E+01
 -0.1002500E+06  0.1155233E+01
 -0.1002000E+06  0.1153649E+01
 -0.1001500E+06  0.1152067E+01
 -0.1001000E+06  0.1150487E+01
 -0.1000500E+06  0.1148909E+01
 -0.1000000E+06  0.1147333E+01
 -0.9995000E+05  0.1145760E+01
 -0.9990000E+05  0.1144188E+01
 -0.9985000E+05  0.1142619E+01
 -0.9980000E+05  0.1141052E+01
 -0.9975000E+05  0.1139487E+01
 -0.9970000E+05  0.1137925E+01
 -0.9965000E+05  0.1136364E+01
 -0.9960000E+05  0.1134806E+01
 -0.9955000E+05  0.1133250E+01
 -0.9950000E+05  0.1131696E+01
 -0.9945000E+05  0.1130144E+01
 -0.9940000E+05  0.1128594E+01
 -0.9935000E+05  0.1127047E+01
 -0.9930000E+05  0.1125501E+01
 -0.9925000E+05  0.1123958E+01
 -0.9920000E+05  0.1122417E+01
 -0.9915000E+05  0.1120878E+01
 -0.9910000E+05  0.1119341E+01
 -0.9905000E+05  0.1117807E+01
 -0.9900000E+05  0.1116274E+01
 -0.9895000E+05  0.1114744E+01
 -0.9890000E+05  0.1113216E+01
 -0.9885000E+05  0.1111690E+01
 -0.9880000E+05  0.1110166E+01
 -0.9875000E+05  0.1108644E+01
 -0.9870000E+05  0.1107124E+01
 -0.9865000E+05  0.1105607E+01
 -0.9860000E+05  0.1104091E+01
 -0.9855000E+05  0.1102578E+01
 -0.9850000E+05  0.1101067E+01
 -0.9845000E+05  0.1099557E+01
 -0.9840000E+05  0.1098050E+01
 -0.9835000E+05  0.1096545E+01
 -0.9830000E+05  0.1095043E+01
 -0.9825000E+05  0.1093542E+01
 -0.9820000E+05  0.1092043E+01
 -0.9815000E+05  0.1090547E+01
 -0.9810000E+05  0.1089053E+01
 -0.9805000E+05  0.1087560E+01
 -0.9800000E+05  0.1086070E+01
 -0.9795000E+05  0.1084582E+01
 -0.9790000E+05  0.1083096E+01
 -0.9785000E+05  0.1081612E+01
 -0.9780000E+05  0.1080130E+01
 -0.9775000E+05  0.1078651E+01
 -0.9770000E+05  0.1077173E+01
 -0.9765000E+05  0.1075697E+01
 -0.9760000E+05  0.1074224E+01
 -0.9755000E+05  0.1072752E+01
 -0.9750000E+05  0.1071283E+01
 -0.9745000E+05  0.1069816E+01
 -0.9740000E+05  0.1068351E+01
 -0.9735000E+05  0.1066888E+01
 -0.9730000E+05  0.1065426E+01
 -0.9725000E+05  0.1063967E+01
 -0.9720000E+05  0.1062511E+01
 -0.9715000E+05  0.1061056E+01
 -0.9710000E+05  0.1059603E+01
 -0.9705000E+05  0.1058152E+01
 -0.9700000E+05  0.1056703E+01
 -0.9695000E+05  0.1055257E+01
 -0.9690000E+05  0.1053812E+01
 -0.9685000E+05  0.1052370E+01
 -0.9680000E+05  0.1050929E+01
 -0.9675000E+05  0.1049491E+01
 -0.9670000E+05  0.1048054E+01
 -0.9665000E+05  0.1046620E+01
 -0.9660000E+05  0.1045188E+01
 -0.9655000E+05  0.1043758E+01
 -0.9650000E+05  0.1042329E+01
 -0.9645000E+05  0.1040903E+01
 -0.9640000E+05  0.1039479E+01
 -0.9635000E+05  0.1038057E+01
 -0.9630000E+05  0.1036637E+01
 -0.9625000E+05  0.1035219E+01
 -0.9620000E+05  0.1033803E+01
 -0.9615000E+05  0.1032388E+01
 -0.9610000E+05  0.1030976E+01
 -0.9605000E+05  0.1029566E+01
 -0.9600000E+05  0.1028158E+01
 -0.9595000E+05  0.1026752E+01
 -0.9590000E+05  0.1025348E+01
 -0.9585000E+05  0.1023947E+01
 -0.9580000E+05  0.1022547E+01
 -0.9575000E+05  0.1021149E+01
 -0.9570000E+05  0.1019753E+01
 -0.9565000E+05  0.1018359E+01
 -0.9560000E+05  0.1016967E+01
 -0.9555000E+05  0.1015577E+01
 -0.9550000E+05  0.1014189E+01
 -0.9545000E+05  0.1012803E+01
 -0.9540000E+05  0.1011419E+01
 -0.9535000E+05  0.1010037E+01
 -0.9530000E+05  0.1008657E+01
 -0.9525000E+05  0.1007279E+01
 -0.9520000E+05  0.1005902E+01
 -0.9515000E+05  0.1004528E+01
 -0.9510000E+05  0.1003156E+01
 -0.9505000E+05  0.1001786E+01
 -0.9500000E+05  0.1000418E+01
 -0.9495000E+05  0.9990514E+00
 -0.9490000E+05  0.9976871E+00
 -0.9485000E+05  0.9963248E+00
 -0.9480000E+05  0.9949644E+00
 -0.9475000E+05  0.9936059E+00
 -0.9470000E+05  0.9922494E+00
 -0.9465000E+05  0.9908949E+00
 -0.9460000E+05  0.9895423E+00
 -0.9455000E+05  0.9881916E+00
 -0.9450000E+05  0.9868429E+00
 -0.9445000E+05  0.9854961E+00
 -0.9440000E+05  0.9841513E+00
 -0.9435000E+05  0.9828084E+00
 -0.9430000E+05  0.9814674E+00
 -0.9425000E+05  0.9801283E+00
 -0.9420000E+05  0.9787911E+00
 -0.9415000E+05  0.9774559E+00
 -0.9410000E+05  0.9761226E+00
 -0.9405000E+05  0.9747912E+00
 -0.9400000E+05  0.9734617E+00
 -0.9395000E+05  0.9721341E+00
 -0.9390000E+05  0.9708085E+00
 -0.9385000E+05  0.9694847E+00
 -0.9380000E+05  0.9681628E+00
 -0.9375000E+05  0.9668428E+00
 -0.9370000E+05  0.9655248E+00
 -0.9365000E+05  0.9642086E+00
 -0.9360000E+05  0.9628943E+00
 -0.9355000E+05  0.9615819E+00
 -0.9350000E+05  0.9602713E+00
 -0.9345000E+05  0.9589627E+00
 -0.9340000E+05  0.9576559E+00
 -0.9335000E+05  0.9563510E+00
 -0.9330000E+05  0.9550480E+00
 -0.9325000E+05  0.9537468E+00
 -0.9320000E+05  0.9524475E+00
 -0.9315000E+05  0.9511501E+00
 -0.9310000E+05  0.9498545E+00
 -0.9305000E+05  0.9485608E+00
 -0.9300000E+05  0.9472690E+00
 -0.9295000E+05  0.9459790E+00
 -0.9290000E+05  0.9446908E+00
 -0.9285000E+05  0.9434045E+00
 -0.9280000E+05  0.9421200E+00
 -0.9275000E+05  0.9408374E+00
 -0.9270000E+05  0.9395566E+00
 -0.9265000E+05  0.9382777E+00
 -0.9260000E+05  0.9370006E+00
 -0.9255000E+05  0.9357253E+00
 -0.9250000E+05  0.9344518E+00
 -0.9245000E+05  0.9331802E+00
 -0.9240000E+05  0.9319104E+00
 -0.9235000E+05  0.9306424E+00
 -0.9230000E+05  0.9293762E+00
 -0.9225000E+05  0.9281118E+00
 -0.9805000E+05  0.1087560E+01
 -0.9800000E+05  0.1086070E+01
 -0.9795000E+05  0.1084582E+01
 -0.9790000E+05  0.1083096E+01
 -0.9785000E+05  0.1081612E+01
 -0.9780000E+05  0.1080130E+01
 -0.9775000E+05  0.1078651E+01
 -0.9770000E+05  0.1077173E+01
 -0.9765000E+05  0.1075697E+01
 -0.9760000E+05  0.1074224E+01
 -0.9755000E+05  0.1072752E+01
 -0.9750000E+05  0.1071283E+01
 -0.9745000E+05  0.1069816E+01
 -0.9740000E+05  0.1068351E+01
 -0.9735000E+05  0.1066888E+01
 -0.9730000E+05  0.1065426E+01
 -0.9725000E+05  0.1063967E+01
 -0.9720000E+05  0.1062511E+01
 -0.9715000E+05  0.1061056E+01
 -0.9710000E+05  0.1059603E+01
 -0.9705000E+05  0.1058152E+01
 -0.9700000E+05  0.1056703E+01
 -0.9695000E+05  0.1055257E+01
 -0.9690000E+05  0.1053812E+01
 -0.9685000E+05  0.1052370E+01
 -0.9680000E+05  0.1050929E+01
 -0.9675000E+05  0.1049491E+01
 -0.9670000E+05  0.1048054E+01
 -0.9665000E+05  0.1046620E+01
 -0.9660000E+05  0.1045188E+01
 -0.9655000E+05  0.1043758E+01
 -0.9650000E+05  0.1042329E+01
 -0.9645000E+05  0.1040903E+01
 -0.9640000E+05  0.1039479E+01
 -0.9635000E+05  0.1038057E+01
 -0.9630000E+05  0.1036637E+01
 -0.9625000E+05  0.1035219E+01
 -0.9620000E+05  0.1033803E+01
 -0.9615000E+05  0.1032388E+01
 -0.9610000E+05  0.1030976E+01
 -0.9605000E+05  0.1029566E+01
 -0.9600000E+05  0.1028158E+01
 -0.9595000E+05  0.1026752E+01
 -0.9590000E+05  0.1025348E+01
 -0.9585000E+05  0.1023947E+01
 -0.9580000E+05  0.1022547E+01
 -0.9575000E+05  0.1021149E+01
 -0.9570000E+05  0.1019753E+01
 -0.9565000E+05  0.1018359E+01
 -0.9560000E+05  0.1016967E+01
 -0.9555000E+05  0.1015577E+01
 -0.9550000E+05  0.1014189E+01
 -0.9545000E+05  0.1012803E+01
 -0.9540000E+05  0.1011419E+01
 -0.9535000E+05  0.1010037E+01
 -0.9530000E+05  0.1008657E+01
 -0.9525000E+05  0.1007279E+01
 -0.9520000E+05  0.1005902E+01
 -0.9515000E+05  0.1004528E+01
 -0.9510000E+05  0.1003156E+01
 -0.9505000E+05  0.1001786E+01
 -0.9500000E+05  0.1000418E+01
 -0.9495000E+05  0.9990514E+00
 -0.9490000E+05  0.9976871E+00
 -0.9485000E+05  0.9963248E+00
 -0.9480000E+05  0.9949644E+00
 -0.9475000E+05  0.9936059E+00
 -0.9470000E+05  0.9922494E+00
 -0.9465000E+05  0.9908949E+00
 -0.9460000E+05  0.9895423E+00
 -0.9455000E+05  0.9881916E+00
 -0.9450000E+05  0.9868429E+00
 -0.9445000E+05  0.9854961E+00
 -0.9440000E+05  0.9841513E+00
 -0.9435000E+05  0.9828084E+00
 -0.9430000E+05  0.9814674E+00
 -0.9425000E+05  0.9801283E+00
 -0.9420000E+05  0.9787911E+00
 -0.9415000E+05  0.9774559E+00
 -0.9410000E+05  0.9761226E+00
 -0.9405000E+05  0.9747912E+00
 -0.9400000E+05  0.9734617E+00
 -0.9395000E+05  0.9721341E+00
 -0.9390000E+05  0.9708085E+00
 -0.9385000E+05  0.9694847E+00
 -0.9380000E+05  0.9681628E+00
 -0.9375000E+05  0.9668428E+00
 -0.9370000E+05  0.9655248E+00
 -0.9365000E+05  0.9642086E+00
 -0.9360000E+05  0.9628943E+00
 -0.9355000E+05  0.9615819E+00
 -0.9350000E+05  0.9602713E+00
 -0.9345000E+05  0.9589627E+00
 -0.9340000E+05  0.9576559E+00
 -0.9335000E+05  0.9563510E+00
 -0.9330000E+05  0.9550480E+00
 -0.9325000E+05  0.9537468E+00
 -0.9320000E+05  0.9524475E+00
 -0.9315000E+05  0.9511501E+00
 -0.9310000E+05  0.9498545E+00
 -0.9305000E+05  0.9485608E+00
 -0.9300000E+05  0.9472690E+00
 -0.9295000E+05  0.9459790E+00
 -0.9290000E+05  0.9446908E+00
 -0.9285000E+05  0.9434045E+00
 -0.9280000E+05  0.9421200E+00
 -0.9275000E+05  0.9408374E+00
 -0.9270000E+05  0.9395566E+00
 -0.9265000E+05  0.9382777E+00
 -0.9260000E+05  0.9370006E+00
 -0.9255000E+05  0.9357253E+00
 -0.9250000E+05  0.9344518E+00
 -0.9245000E+05  0.9331802E+00
 -0.9240000E+05  0.9319104E+00
 -0.9235000E+05  0.9306424E+00
 -0.9230000E+05  0.9293762E+00
 -0.9225000E+05  0.9281118E+00
 -0.9220000E+05  0.9268493E+00
 -0.9215000E+05  0.9255885E+00
 -0.9210000E+05  0.9243296E+00
 -0.9205000E+05  0.9230725E+00
 -0.9200000E+05  0.9218171E+00
 -0.9195000E+05  0.9205636E+00
 -0.9190000E+05  0.9193119E+00
 -0.9185000E+05  0.9180619E+00
 -0.9180000E+05  0.9168138E+00
 -0.9175000E+05  0.9155674E+00
 -0.9170000E+05  0.9143229E+00
 -0.9165000E+05  0.9130801E+00
 -0.9160000E+05  0.9118391E+00
 -0.9155000E+05  0.9105999E+00
 -0.9150000E+05  0.9093624E+00
 -0.9145000E+05  0.9081267E+00
 -0.9140000E+05  0.9068928E+00
 -0.9135000E+05  0.9056607E+00
 -0.9130000E+05  0.9044304E+00
 -0.9125000E+05  0.9032018E+00
 -0.9120000E+05  0.9019749E+00
 -0.9115000E+05  0.9007499E+00
 -0.9110000E+05  0.8995266E+00
 -0.9105000E+05  0.8983050E+00
 -0.9100000E+05  0.8970853E+00
 -0.9095000E+05  0.8958672E+00
 -0.9090000E+05  0.8946510E+00
 -0.9085000E+05  0.8934364E+00
 -0.9080000E+05  0.8922237E+00
 -0.9075000E+05  0.8910126E+00
 -0.9070000E+05  0.8898033E+00
 -0.9065000E+05  0.8885958E+00
 -0.9060000E+05  0.8873900E+00
 -0.9055000E+05  0.8861860E+00
 -0.9050000E+05  0.8849836E+00
 -0.9045000E+05  0.8837831E+00
 -0.9040000E+05  0.8825842E+00
 -0.9035000E+05  0.8813871E+00
 -0.9030000E+05  0.8801918E+00
 -0.9025000E+05  0.8789981E+00
 -0.9020000E+05  0.8778062E+00
 -0.9015000E+05  0.8766160E+00
 -0.9010000E+05  0.8754276E+00
 -0.9005000E+05  0.8742409E+00
 -0.9000000E+05  0.8730559E+00
 -0.8995000E+05  0.8718726E+00
 -0.8990000E+05  0.8706911E+00
 -0.8985000E+05  0.8695112E+00
 -0.8980000E+05  0.8683331E+00
 -0.8975000E+05  0.8671568E+00
 -0.8970000E+05  0.8659821E+00
 -0.8965000E+05  0.8648091E+00
 -0.8960000E+05  0.8636379E+00
 -0.8955000E+05  0.8624684E+00
 -0.8950000E+05  0.8613006E+00
 -0.8945000E+05  0.8601345E+00
 -0.8940000E+05  0.8589702E+00
 -0.8935000E+05  0.8578075E+00
 -0.8930000E+05  0.8566466E+00
 -0.8925000E+05  0.8554874E+00
 -0.8920000E+05  0.8543299E+00
 -0.8915000E+05  0.8531741E+00
 -0.8910000E+05  0.8520200E+00
 -0.8905000E+05  0.8508676E+00
 -0.8900000E+05  0.8497169E+00
 -0.8895000E+05  0.8485680E+00
 -0.8890000E+05  0.8474207E+00
 -0.8885000E+05  0.8462751E+00
 -0.8880000E+05  0.8451313E+00
 -0.8875000E+05  0.8439892E+00
 -0.8870000E+05  0.8428487E+00
 -0.8865000E+05  0.8417100E+00
 -0.8860000E+05  0.8405730E+00
 -0.8855000E+05  0.8394377E+00
 -0.8850000E+05  0.8383041E+00
 -0.8845000E+05  0.8371722E+00
 -0.8840000E+05  0.8360420E+00
 -0.8835000E+05  0.8349135E+00
 -0.8830000E+05  0.8337867E+00
 -0.8825000E+05  0.8326616E+00
 -0.8820000E+05  0.8315382E+00
 -0.8815000E+05  0.8304165E+00
 -0.8810000E+05  0.8292965E+00
 -0.8805000E+05  0.8281782E+00
 -0.8800000E+05  0.8270616E+00
 -0.8795000E+05  0.8259467E+00
 -0.8790000E+05  0.8248336E+00
 -0.8785000E+05  0.8237221E+00
 -0.8780000E+05  0.8226123E+00
 -0.8775000E+05  0.8215042E+00
 -0.8770000E+05  0.8203977E+00
 -0.8765000E+05  0.8192930E+00
 -0.8760000E+05  0.8181900E+00
 -0.8755000E+05  0.8170887E+00
 -0.8750000E+05  0.8159891E+00
 -0.8745000E+05  0.8148911E+00
 -0.8740000E+05  0.8137949E+00
 -0.8735000E+05  0.8127003E+00
 -0.8730000E+05  0.8116074E+00
 -0.8725000E+05  0.8105163E+00
 -0.8720000E+05  0.8094268E+00
 -0.8715000E+05  0.8083389E+00
 -0.8710000E+05  0.8072528E+00
 -0.8705000E+05  0.8061684E+00
 -0.8700000E+05  0.8050856E+00
 -0.8695000E+05  0.8040045E+00
 -0.8690000E+05  0.8029251E+00
 -0.8685000E+05  0.8018473E+00
 -0.8680000E+05  0.8007713E+00
 -0.8675000E+05  0.7996968E+00
 -0.8670000E+05  0.7986241E+00
 -0.8665000E+05  0.7975530E+00
 -0.8660000E+05  0.7964836E+00
 -0.8655000E+05  0.7954158E+00
 -0.8650000E+05  0.7943497E+00
 -0.8645000E+05  0.7932853E+00
 -0.8640000E+05  0.7922225E+00
 -0.8635000E+05  0.7911613E+00
