 -0.1127200E+06  0.1627012E+01
 -0.1126700E+06  0.1624787E+01
 -0.1126200E+06  0.1622565E+01
 -0.1125700E+06  0.1620345E+01
 -0.1125200E+06  0.1618128E+01
 -0.1124700E+06  0.1615915E+01
 -0.1124200E+06  0.1613703E+01
 -0.1123700E+06  0.1611495E+01
 -0.1123200E+06  0.1609290E+01
 -0.1122700E+06  0.1607087E+01
 -0.1122200E+06  0.1604888E+01
 -0.1121700E+06  0.1602691E+01
 -0.1121200E+06  0.1600497E+01
 -0.1120700E+06  0.1598305E+01
 -0.1120200E+06  0.1596117E+01
 -0.1119700E+06  0.1593931E+01
 -0.1119200E+06  0.1591749E+01
 -0.1118700E+06  0.1589569E+01
 -0.1118200E+06  0.1587392E+01
 -0.1117700E+06  0.1585218E+01
 -0.1117200E+06  0.1583046E+01
 -0.1116700E+06  0.1580877E+01
 -0.1116200E+06  0.1578712E+01
 -0.1115700E+06  0.1576549E+01
 -0.1115200E+06  0.1574389E+01
 -0.1114700E+06  0.1572231E+01
 -0.1114200E+06  0.1570077E+01
 -0.1113700E+06  0.1567925E+01
 -0.1113200E+06  0.1565777E+01
 -0.1112700E+06  0.1563631E+01
 -0.1112200E+06  0.1561488E+01
 -0.1111700E+06  0.1559347E+01
 -0.1111200E+06  0.1557210E+01
 -0.1110700E+06  0.1555075E+01
 -0.1110200E+06  0.1552943E+01
 -0.1109700E+06  0.1550814E+01
 -0.1109200E+06  0.1548688E+01
 -0.1108700E+06  0.1546565E+01
 -0.1108200E+06  0.1544444E+01
 -0.1107700E+06  0.1542327E+01
 -0.1107200E+06  0.1540212E+01
 -0.1106700E+06  0.1538100E+01
 -0.1106200E+06  0.1535990E+01
 -0.1105700E+06  0.1533884E+01
 -0.1105200E+06  0.1531780E+01
 -0.1104700E+06  0.1529680E+01
 -0.1104200E+06  0.1527582E+01
 -0.1103700E+06  0.1525487E+01
 -0.1103200E+06  0.1523394E+01
 -0.1102700E+06  0.1521305E+01
 -0.1102200E+06  0.1519218E+01
 -0.1101700E+06  0.1517134E+01
 -0.1101200E+06  0.1515053E+01
 -0.1100700E+06  0.1512974E+01
 -0.1100200E+06  0.1510899E+01
 -0.1099700E+06  0.1508826E+01
 -0.1099200E+06  0.1506756E+01
 -0.1098700E+06  0.1504689E+01
 -0.1098200E+06  0.1502624E+01
 -0.1097700E+06  0.1500563E+01
 -0.1097200E+06  0.1498504E+01
 -0.1096700E+06  0.1496448E+01
 -0.1096200E+06  0.1494394E+01
 -0.1095700E+06  0.1492344E+01
 -0.1095200E+06  0.1490296E+01
 -0.1094700E+06  0.1488251E+01
 -0.1094200E+06  0.1486209E+01
 -0.1093700E+06  0.1484169E+01
 -0.1093200E+06  0.1482132E+01
 -0.1092700E+06  0.1480098E+01
 -0.1092200E+06  0.1478067E+01
 -0.1091700E+06  0.1476039E+01
 -0.1091200E+06  0.1474013E+01
 -0.1090700E+06  0.1471990E+01
 -0.1090200E+06  0.1469970E+01
 -0.1089700E+06  0.1467952E+01
 -0.1089200E+06  0.1465937E+01
 -0.1088700E+06  0.1463925E+01
 -0.1088200E+06  0.1461916E+01
 -0.1087700E+06  0.1459909E+01
 -0.1087200E+06  0.1457905E+01
 -0.1086700E+06  0.1455904E+01
 -0.1086200E+06  0.1453906E+01
 -0.1085700E+06  0.1451910E+01
 -0.1085200E+06  0.1449917E+01
 -0.1084700E+06  0.1447926E+01
 -0.1084200E+06  0.1445939E+01
 -0.1083700E+06  0.1443954E+01
 -0.1083200E+06  0.1441972E+01
 -0.1082700E+06  0.1439992E+01
 -0.1082200E+06  0.1438016E+01
 -0.1081700E+06  0.1436042E+01
 -0.1081200E+06  0.1434070E+01
 -0.1080700E+06  0.1432101E+01
 -0.1080200E+06  0.1430135E+01
 -0.1079700E+06  0.1428172E+01
 -0.1079200E+06  0.1426212E+01
 -0.1078700E+06  0.1424254E+01
 -0.1078200E+06  0.1422298E+01
 -0.1077700E+06  0.1420346E+01
 -0.1077200E+06  0.1418396E+01
 -0.1076700E+06  0.1416449E+01
 -0.1076200E+06  0.1414504E+01
 -0.1075700E+06  0.1412562E+01
 -0.1075200E+06  0.1410623E+01
 -0.1074700E+06  0.1408687E+01
 -0.1074200E+06  0.1406753E+01
 -0.1073700E+06  0.1404821E+01
 -0.1073200E+06  0.1402893E+01
 -0.1072700E+06  0.1400967E+01
 -0.1072200E+06  0.1399044E+01
 -0.1071700E+06  0.1397123E+01
 -0.1071200E+06  0.1395205E+01
 -0.1070700E+06  0.1393290E+01
 -0.1070200E+06  0.1391378E+01
 -0.1069700E+06  0.1389468E+01
 -0.1069200E+06  0.1387560E+01
 -0.1068700E+06  0.1385656E+01
