 -0.1097900E+06  0.1501389E+01
 -0.1097400E+06  0.1499328E+01
 -0.1096900E+06  0.1497271E+01
 -0.1096400E+06  0.1495216E+01
 -0.1095900E+06  0.1493164E+01
 -0.1095400E+06  0.1491115E+01
 -0.1094900E+06  0.1489068E+01
 -0.1094400E+06  0.1487025E+01
 -0.1093900E+06  0.1484984E+01
 -0.1093400E+06  0.1482946E+01
 -0.1092900E+06  0.1480910E+01
 -0.1092400E+06  0.1478878E+01
 -0.1091900E+06  0.1476848E+01
 -0.1091400E+06  0.1474821E+01
 -0.1090900E+06  0.1472796E+01
 -0.1090400E+06  0.1470775E+01
 -0.1089900E+06  0.1468756E+01
 -0.1089400E+06  0.1466740E+01
 -0.1088900E+06  0.1464726E+01
 -0.1088400E+06  0.1462716E+01
 -0.1087900E+06  0.1460708E+01
 -0.1087400E+06  0.1458703E+01
 -0.1086900E+06  0.1456700E+01
 -0.1086400E+06  0.1454701E+01
 -0.1085900E+06  0.1452704E+01
 -0.1085400E+06  0.1450710E+01
 -0.1084900E+06  0.1448718E+01
 -0.1084400E+06  0.1446730E+01
 -0.1083900E+06  0.1444744E+01
 -0.1083400E+06  0.1442760E+01
 -0.1082900E+06  0.1440780E+01
 -0.1082400E+06  0.1438802E+01
 -0.1081900E+06  0.1436827E+01
 -0.1081400E+06  0.1434855E+01
 -0.1080900E+06  0.1432885E+01
 -0.1080400E+06  0.1430919E+01
 -0.1079900E+06  0.1428954E+01
 -0.1079400E+06  0.1426993E+01
 -0.1078900E+06  0.1425034E+01
 -0.1078400E+06  0.1423078E+01
 -0.1077900E+06  0.1421125E+01
 -0.1077400E+06  0.1419174E+01
 -0.1076900E+06  0.1417226E+01
 -0.1076400E+06  0.1415281E+01
 -0.1075900E+06  0.1413339E+01
 -0.1075400E+06  0.1411399E+01
 -0.1074900E+06  0.1409461E+01
 -0.1074400E+06  0.1407527E+01
 -0.1073900E+06  0.1405595E+01
 -0.1073400E+06  0.1403666E+01
 -0.1072900E+06  0.1401739E+01
 -0.1072400E+06  0.1399815E+01
 -0.1071900E+06  0.1397894E+01
 -0.1071400E+06  0.1395975E+01
 -0.1070900E+06  0.1394059E+01
 -0.1070400E+06  0.1392146E+01
 -0.1069900E+06  0.1390235E+01
 -0.1069400E+06  0.1388327E+01
 -0.1068900E+06  0.1386422E+01
 -0.1068400E+06  0.1384519E+01
 -0.1067900E+06  0.1382619E+01
 -0.1067400E+06  0.1380721E+01
 -0.1066900E+06  0.1378826E+01
 -0.1066400E+06  0.1376934E+01
 -0.1065900E+06  0.1375044E+01
 -0.1065400E+06  0.1373157E+01
 -0.1064900E+06  0.1371272E+01
 -0.1064400E+06  0.1369390E+01
 -0.1063900E+06  0.1367510E+01
 -0.1063400E+06  0.1365633E+01
 -0.1062900E+06  0.1363759E+01
 -0.1062400E+06  0.1361887E+01
 -0.1061900E+06  0.1360018E+01
 -0.1061400E+06  0.1358151E+01
 -0.1060900E+06  0.1356287E+01
 -0.1060400E+06  0.1354425E+01
 -0.1059900E+06  0.1352566E+01
 -0.1059400E+06  0.1350710E+01
 -0.1058900E+06  0.1348856E+01
 -0.1058400E+06  0.1347004E+01
 -0.1057900E+06  0.1345155E+01
 -0.1057400E+06  0.1343309E+01
 -0.1056900E+06  0.1341465E+01
 -0.1056400E+06  0.1339623E+01
 -0.1055900E+06  0.1337784E+01
 -0.1055400E+06  0.1335948E+01
 -0.1054900E+06  0.1334114E+01
 -0.1054400E+06  0.1332282E+01
 -0.1053900E+06  0.1330453E+01
 -0.1053400E+06  0.1328627E+01
 -0.1052900E+06  0.1326803E+01
 -0.1052400E+06  0.1324981E+01
 -0.1051900E+06  0.1323162E+01
 -0.1051400E+06  0.1321346E+01
 -0.1050900E+06  0.1319532E+01
 -0.1050400E+06  0.1317720E+01
 -0.1049900E+06  0.1315911E+01
 -0.1049400E+06  0.1314104E+01
 -0.1048900E+06  0.1312299E+01
 -0.1048400E+06  0.1310498E+01
 -0.1047900E+06  0.1308698E+01
 -0.1047400E+06  0.1306901E+01
 -0.1046900E+06  0.1305107E+01
 -0.1046400E+06  0.1303314E+01
 -0.1045900E+06  0.1301525E+01
 -0.1045400E+06  0.1299737E+01
 -0.1044900E+06  0.1297953E+01
 -0.1044400E+06  0.1296170E+01
 -0.1043900E+06  0.1294390E+01
 -0.1043400E+06  0.1292613E+01
 -0.1042900E+06  0.1290837E+01
 -0.1042400E+06  0.1289065E+01
 -0.1041900E+06  0.1287294E+01
 -0.1041400E+06  0.1285526E+01
 -0.1040900E+06  0.1283761E+01
 -0.1040400E+06  0.1281998E+01
 -0.1039900E+06  0.1280237E+01
 -0.1039400E+06  0.1278479E+01
 -0.1038900E+06  0.1276723E+01
 -0.1038400E+06  0.1274969E+01
 -0.1037900E+06  0.1273218E+01
 -0.1037400E+06  0.1271470E+01
 -0.1036900E+06  0.1269723E+01
 -0.1036400E+06  0.1267979E+01
 -0.1035900E+06  0.1266238E+01
 -0.1035400E+06  0.1264499E+01
 -0.1034900E+06  0.1262762E+01
 -0.1034400E+06  0.1261027E+01
 -0.1033900E+06  0.1259295E+01
 -0.1033400E+06  0.1257566E+01
 -0.1032900E+06  0.1255838E+01
 -0.1032400E+06  0.1254114E+01
 -0.1031900E+06  0.1252391E+01
 -0.1031400E+06  0.1250671E+01
 -0.1030900E+06  0.1248953E+01
 -0.1030400E+06  0.1247238E+01
 -0.1029900E+06  0.1245525E+01
 -0.1029400E+06  0.1243814E+01
 -0.1028900E+06  0.1242106E+01
 -0.1028400E+06  0.1240400E+01
 -0.1027900E+06  0.1238697E+01
 -0.1027400E+06  0.1236995E+01
 -0.1026900E+06  0.1235297E+01
 -0.1026400E+06  0.1233600E+01
 -0.1025900E+06  0.1231906E+01
 -0.1025400E+06  0.1230214E+01
 -0.1024900E+06  0.1228525E+01
