 -0.1068600E+06  0.1385280E+01
 -0.1068100E+06  0.1383378E+01
 -0.1067600E+06  0.1381480E+01
 -0.1067100E+06  0.1379584E+01
 -0.1066600E+06  0.1377690E+01
 -0.1066100E+06  0.1375800E+01
 -0.1065600E+06  0.1373911E+01
 -0.1065100E+06  0.1372026E+01
 -0.1064600E+06  0.1370143E+01
 -0.1064100E+06  0.1368262E+01
 -0.1063600E+06  0.1366384E+01
 -0.1063100E+06  0.1364509E+01
 -0.1062600E+06  0.1362636E+01
 -0.1062100E+06  0.1360765E+01
 -0.1061600E+06  0.1358898E+01
 -0.1061100E+06  0.1357032E+01
 -0.1060600E+06  0.1355170E+01
 -0.1060100E+06  0.1353310E+01
 -0.1059600E+06  0.1351452E+01
 -0.1059100E+06  0.1349597E+01
 -0.1058600E+06  0.1347744E+01
 -0.1058100E+06  0.1345894E+01
 -0.1057600E+06  0.1344047E+01
 -0.1057100E+06  0.1342202E+01
 -0.1056600E+06  0.1340359E+01
 -0.1056100E+06  0.1338519E+01
 -0.1055600E+06  0.1336682E+01
 -0.1055100E+06  0.1334846E+01
 -0.1054600E+06  0.1333014E+01
 -0.1054100E+06  0.1331184E+01
 -0.1053600E+06  0.1329356E+01
 -0.1053100E+06  0.1327531E+01
 -0.1052600E+06  0.1325709E+01
 -0.1052100E+06  0.1323888E+01
 -0.1051600E+06  0.1322071E+01
 -0.1051100E+06  0.1320255E+01
 -0.1050600E+06  0.1318443E+01
 -0.1050100E+06  0.1316632E+01
 -0.1049600E+06  0.1314825E+01
 -0.1049100E+06  0.1313019E+01
 -0.1048600E+06  0.1311216E+01
 -0.1048100E+06  0.1309416E+01
 -0.1047600E+06  0.1307618E+01
 -0.1047100E+06  0.1305822E+01
 -0.1046600E+06  0.1304029E+01
 -0.1046100E+06  0.1302238E+01
 -0.1045600E+06  0.1300450E+01
 -0.1045100E+06  0.1298664E+01
 -0.1044600E+06  0.1296881E+01
 -0.1044100E+06  0.1295100E+01
 -0.1043600E+06  0.1293322E+01
 -0.1043100E+06  0.1291545E+01
 -0.1042600E+06  0.1289772E+01
 -0.1042100E+06  0.1288001E+01
 -0.1041600E+06  0.1286232E+01
 -0.1041100E+06  0.1284465E+01
 -0.1040600E+06  0.1282701E+01
 -0.1040100E+06  0.1280940E+01
 -0.1039600E+06  0.1279181E+01
 -0.1039100E+06  0.1277424E+01
 -0.1038600E+06  0.1275669E+01
 -0.1038100E+06  0.1273917E+01
 -0.1037600E+06  0.1272168E+01
 -0.1037100E+06  0.1270421E+01
 -0.1036600E+06  0.1268676E+01
 -0.1036100E+06  0.1266934E+01
 -0.1035600E+06  0.1265194E+01
 -0.1035100E+06  0.1263456E+01
 -0.1034600E+06  0.1261721E+01
 -0.1034100E+06  0.1259988E+01
 -0.1033600E+06  0.1258258E+01
 -0.1033100E+06  0.1256530E+01
 -0.1032600E+06  0.1254804E+01
 -0.1032100E+06  0.1253081E+01
 -0.1031600E+06  0.1251360E+01
 -0.1031100E+06  0.1249641E+01
 -0.1030600E+06  0.1247925E+01
 -0.1030100E+06  0.1246211E+01
 -0.1029600E+06  0.1244500E+01
 -0.1029100E+06  0.1242791E+01
 -0.1028600E+06  0.1241084E+01
 -0.1028100E+06  0.1239380E+01
 -0.1027600E+06  0.1237678E+01
 -0.1027100E+06  0.1235979E+01
 -0.1026600E+06  0.1234281E+01
 -0.1026100E+06  0.1232586E+01
 -0.1025600E+06  0.1230894E+01
 -0.1025100E+06  0.1229204E+01
 -0.1024600E+06  0.1227516E+01
 -0.1024100E+06  0.1225831E+01
 -0.1023600E+06  0.1224147E+01
 -0.1023100E+06  0.1222467E+01
 -0.1022600E+06  0.1220788E+01
 -0.1022100E+06  0.1219112E+01
 -0.1021600E+06  0.1217438E+01
 -0.1021100E+06  0.1215767E+01
 -0.1020600E+06  0.1214098E+01
 -0.1020100E+06  0.1212431E+01
 -0.1019600E+06  0.1210767E+01
 -0.1019100E+06  0.1209104E+01
 -0.1018600E+06  0.1207445E+01
 -0.1018100E+06  0.1205787E+01
 -0.1017600E+06  0.1204132E+01
 -0.1017100E+06  0.1202479E+01
 -0.1016600E+06  0.1200829E+01
 -0.1016100E+06  0.1199180E+01
 -0.1015600E+06  0.1197534E+01
 -0.1015100E+06  0.1195891E+01
 -0.1014600E+06  0.1194249E+01
 -0.1014100E+06  0.1192610E+01
 -0.1013600E+06  0.1190974E+01
 -0.1013100E+06  0.1189339E+01
 -0.1012600E+06  0.1187707E+01
 -0.1012100E+06  0.1186077E+01
 -0.1011600E+06  0.1184449E+01
 -0.1011100E+06  0.1182824E+01
 -0.1010600E+06  0.1181201E+01
 -0.1010100E+06  0.1179580E+01
 -0.1009600E+06  0.1177962E+01
 -0.1009100E+06  0.1176346E+01
 -0.1008600E+06  0.1174732E+01
 -0.1008100E+06  0.1173120E+01
 -0.1007600E+06  0.1171511E+01
 -0.1007100E+06  0.1169903E+01
 -0.1006600E+06  0.1168298E+01
 -0.1006100E+06  0.1166696E+01
 -0.1005600E+06  0.1165095E+01
 -0.1005100E+06  0.1163497E+01
 -0.1004600E+06  0.1161901E+01
 -0.1004100E+06  0.1160307E+01
 -0.1003600E+06  0.1158716E+01
 -0.1003100E+06  0.1157127E+01
 -0.1002600E+06  0.1155540E+01
 -0.1002100E+06  0.1153955E+01
 -0.1001600E+06  0.1152372E+01
 -0.1001100E+06  0.1150792E+01
 -0.1000600E+06  0.1149214E+01
 -0.1000100E+06  0.1147638E+01
 -0.9996000E+05  0.1146064E+01
 -0.9991000E+05  0.1144492E+01
 -0.9986000E+05  0.1142923E+01
 -0.9981000E+05  0.1141356E+01
 -0.9976000E+05  0.1139791E+01
 -0.9971000E+05  0.1138228E+01
 -0.9966000E+05  0.1136668E+01
 -0.9961000E+05  0.1135109E+01
 -0.9956000E+05  0.1133553E+01
 -0.9951000E+05  0.1131999E+01
 -0.9946000E+05  0.1130447E+01
 -0.9941000E+05  0.1128898E+01
 -0.9936000E+05  0.1127350E+01
 -0.9931000E+05  0.1125805E+01
 -0.9926000E+05  0.1124261E+01
 -0.9921000E+05  0.1122720E+01
 -0.9916000E+05  0.1121181E+01
 -0.9911000E+05  0.1119645E+01
 -0.9906000E+05  0.1118110E+01
 -0.9901000E+05  0.1116578E+01
 -0.9896000E+05  0.1115047E+01
 -0.9891000E+05  0.1113519E+01
 -0.9886000E+05  0.1111993E+01
 -0.9881000E+05  0.1110469E+01
 -0.9876000E+05  0.1108947E+01
 -0.9871000E+05  0.1107428E+01
 -0.9866000E+05  0.1105910E+01
 -0.9861000E+05  0.1104395E+01
 -0.9856000E+05  0.1102881E+01
 -0.9851000E+05  0.1101370E+01
 -0.9846000E+05  0.1099861E+01
 -0.9841000E+05  0.1098354E+01
 -0.9836000E+05  0.1096849E+01
 -0.9831000E+05  0.1095346E+01
 -0.9826000E+05  0.1093845E+01
 -0.9821000E+05  0.1092347E+01
 -0.9816000E+05  0.1090850E+01
 -0.9811000E+05  0.1089356E+01
