 -0.1024650E+06  0.1227682E+01
 -0.1024150E+06  0.1225997E+01
 -0.1023650E+06  0.1224314E+01
 -0.1023150E+06  0.1222633E+01
 -0.1022650E+06  0.1220955E+01
 -0.1022150E+06  0.1219279E+01
 -0.1021650E+06  0.1217605E+01
 -0.1021150E+06  0.1215934E+01
 -0.1020650E+06  0.1214265E+01
 -0.1020150E+06  0.1212598E+01
 -0.1019650E+06  0.1210934E+01
 -0.1019150E+06  0.1209271E+01
 -0.1018650E+06  0.1207612E+01
 -0.1018150E+06  0.1205954E+01
 -0.1017650E+06  0.1204299E+01
 -0.1017150E+06  0.1202646E+01
 -0.1016650E+06  0.1200996E+01
 -0.1016150E+06  0.1199348E+01
 -0.1015650E+06  0.1197702E+01
 -0.1015150E+06  0.1196058E+01
 -0.1014650E+06  0.1194417E+01
 -0.1014150E+06  0.1192778E+01
 -0.1013650E+06  0.1191141E+01
 -0.1013150E+06  0.1189506E+01
 -0.1012650E+06  0.1187874E+01
 -0.1012150E+06  0.1186244E+01
 -0.1011650E+06  0.1184616E+01
 -0.1011150E+06  0.1182991E+01
 -0.1010650E+06  0.1181368E+01
 -0.1010150E+06  0.1179747E+01
 -0.1009650E+06  0.1178128E+01
 -0.1009150E+06  0.1176512E+01
 -0.1008650E+06  0.1174898E+01
 -0.1008150E+06  0.1173286E+01
 -0.1007650E+06  0.1171676E+01
 -0.1007150E+06  0.1170069E+01
 -0.1006650E+06  0.1168464E+01
 -0.1006150E+06  0.1166861E+01
 -0.1005650E+06  0.1165260E+01
 -0.1005150E+06  0.1163662E+01
 -0.1004650E+06  0.1162065E+01
 -0.1004150E+06  0.1160471E+01
 -0.1003650E+06  0.1158880E+01
 -0.1003150E+06  0.1157290E+01
 -0.1002650E+06  0.1155703E+01
 -0.1002150E+06  0.1154117E+01
 -0.1001650E+06  0.1152534E+01
 -0.1001150E+06  0.1150954E+01
 -0.1000650E+06  0.1149375E+01
 -0.1000150E+06  0.1147799E+01
 -0.9996500E+05  0.1146225E+01
 -0.9991500E+05  0.1144653E+01
 -0.9986500E+05  0.1143083E+01
 -0.9981500E+05  0.1141515E+01
 -0.9976500E+05  0.1139950E+01
 -0.9971500E+05  0.1138387E+01
 -0.9966500E+05  0.1136826E+01
 -0.9961500E+05  0.1135267E+01
 -0.9956500E+05  0.1133710E+01
 -0.9951500E+05  0.1132156E+01
 -0.9946500E+05  0.1130603E+01
 -0.9941500E+05  0.1129053E+01
 -0.9936500E+05  0.1127505E+01
 -0.9931500E+05  0.1125959E+01
 -0.9926500E+05  0.1124416E+01
 -0.9921500E+05  0.1122874E+01
 -0.9916500E+05  0.1121335E+01
 -0.9911500E+05  0.1119797E+01
 -0.9906500E+05  0.1118262E+01
 -0.9901500E+05  0.1116729E+01
 -0.9896500E+05  0.1115198E+01
 -0.9891500E+05  0.1113670E+01
 -0.9886500E+05  0.1112143E+01
 -0.9881500E+05  0.1110619E+01
 -0.9876500E+05  0.1109097E+01
 -0.9871500E+05  0.1107576E+01
 -0.9866500E+05  0.1106058E+01
 -0.9861500E+05  0.1104542E+01
 -0.9856500E+05  0.1103029E+01
 -0.9851500E+05  0.1101517E+01
 -0.9846500E+05  0.1100008E+01
 -0.9841500E+05  0.1098500E+01
 -0.9836500E+05  0.1096995E+01
 -0.9831500E+05  0.1095492E+01
 -0.9826500E+05  0.1093990E+01
 -0.9821500E+05  0.1092491E+01
 -0.9816500E+05  0.1090995E+01
 -0.9811500E+05  0.1089500E+01
 -0.9806500E+05  0.1088007E+01
 -0.9801500E+05  0.1086516E+01
 -0.9796500E+05  0.1085028E+01
 -0.9791500E+05  0.1083542E+01
 -0.9786500E+05  0.1082057E+01
 -0.9781500E+05  0.1080575E+01
 -0.9776500E+05  0.1079095E+01
 -0.9771500E+05  0.1077617E+01
 -0.9766500E+05  0.1076141E+01
 -0.9761500E+05  0.1074667E+01
 -0.9756500E+05  0.1073195E+01
 -0.9751500E+05  0.1071725E+01
 -0.9746500E+05  0.1070258E+01
 -0.9741500E+05  0.1068792E+01
 -0.9736500E+05  0.1067328E+01
 -0.9731500E+05  0.1065867E+01
 -0.9726500E+05  0.1064407E+01
 -0.9721500E+05  0.1062950E+01
 -0.9716500E+05  0.1061495E+01
 -0.9711500E+05  0.1060041E+01
 -0.9706500E+05  0.1058590E+01
 -0.9701500E+05  0.1057141E+01
 -0.9696500E+05  0.1055694E+01
 -0.9691500E+05  0.1054249E+01
 -0.9686500E+05  0.1052806E+01
 -0.9681500E+05  0.1051365E+01
 -0.9676500E+05  0.1049926E+01
 -0.9671500E+05  0.1048489E+01
 -0.9666500E+05  0.1047054E+01
 -0.9661500E+05  0.1045621E+01
 -0.9656500E+05  0.1044190E+01
 -0.9651500E+05  0.1042762E+01
 -0.9646500E+05  0.1041335E+01
 -0.9641500E+05  0.1039910E+01
 -0.9636500E+05  0.1038487E+01
 -0.9631500E+05  0.1037067E+01
 -0.9626500E+05  0.1035648E+01
 -0.9621500E+05  0.1034231E+01
 -0.9616500E+05  0.1032817E+01
 -0.9611500E+05  0.1031404E+01
 -0.9606500E+05  0.1029993E+01
 -0.9601500E+05  0.1028585E+01
 -0.9596500E+05  0.1027178E+01
 -0.9591500E+05  0.1025774E+01
 -0.9586500E+05  0.1024371E+01
 -0.9581500E+05  0.1022970E+01
 -0.9576500E+05  0.1021572E+01
 -0.9571500E+05  0.1020175E+01
 -0.9566500E+05  0.1018780E+01
 -0.9561500E+05  0.1017388E+01
 -0.9556500E+05  0.1015997E+01
 -0.9551500E+05  0.1014608E+01
 -0.9546500E+05  0.1013222E+01
 -0.9541500E+05  0.1011837E+01
 -0.9536500E+05  0.1010454E+01
 -0.9531500E+05  0.1009074E+01
 -0.9526500E+05  0.1007695E+01
 -0.9521500E+05  0.1006318E+01
 -0.9516500E+05  0.1004943E+01
 -0.9511500E+05  0.1003570E+01
 -0.9506500E+05  0.1002199E+01
 -0.9501500E+05  0.1000830E+01
 -0.9496500E+05  0.9994634E+00
 -0.9491500E+05  0.9980983E+00
 -0.9486500E+05  0.9967352E+00
 -0.9481500E+05  0.9953741E+00
 -0.9476500E+05  0.9940149E+00
 -0.9471500E+05  0.9926577E+00
 -0.9466500E+05  0.9913024E+00
 -0.9461500E+05  0.9899491E+00
 -0.9456500E+05  0.9885977E+00
 -0.9451500E+05  0.9872482E+00
 -0.9446500E+05  0.9859007E+00
 -0.9441500E+05  0.9845551E+00
 -0.9436500E+05  0.9832114E+00
 -0.9431500E+05  0.9818697E+00
 -0.9426500E+05  0.9805299E+00
 -0.9421500E+05  0.9791920E+00
 -0.9416500E+05  0.9778560E+00
 -0.9411500E+05  0.9765220E+00
 -0.9406500E+05  0.9751898E+00
 -0.9401500E+05  0.9738596E+00
 -0.9396500E+05  0.9725313E+00
 -0.9391500E+05  0.9712049E+00
 -0.9386500E+05  0.9698804E+00
 -0.9381500E+05  0.9685578E+00
 -0.9376500E+05  0.9672371E+00
 -0.9371500E+05  0.9659184E+00
 -0.9366500E+05  0.9646015E+00
 -0.9361500E+05  0.9632865E+00
 -0.9356500E+05  0.9619734E+00
 -0.9351500E+05  0.9606621E+00
 -0.9346500E+05  0.9593528E+00
 -0.9341500E+05  0.9580454E+00
 -0.9336500E+05  0.9567398E+00
 -0.9331500E+05  0.9554361E+00
 -0.9326500E+05  0.9541343E+00
 -0.9321500E+05  0.9528343E+00
 -0.9316500E+05  0.9515363E+00
 -0.9311500E+05  0.9502401E+00
 -0.9306500E+05  0.9489457E+00
 -0.9301500E+05  0.9476533E+00
 -0.9296500E+05  0.9463626E+00
 -0.9291500E+05  0.9450739E+00
 -0.9286500E+05  0.9437870E+00
 -0.9281500E+05  0.9425019E+00
 -0.9276500E+05  0.9412187E+00
 -0.9271500E+05  0.9399374E+00
 -0.9266500E+05  0.9386579E+00
 -0.9261500E+05  0.9373802E+00
 -0.9256500E+05  0.9361044E+00
 -0.9251500E+05  0.9348304E+00
 -0.9246500E+05  0.9335582E+00
 -0.9241500E+05  0.9322879E+00
 -0.9236500E+05  0.9310194E+00
 -0.9231500E+05  0.9297527E+00
 -0.9226500E+05  0.9284878E+00
 -0.9221500E+05  0.9272248E+00
