 -0.9807000E+05  0.1088156E+01
 -0.9802000E+05  0.1086665E+01
 -0.9797000E+05  0.1085177E+01
 -0.9792000E+05  0.1083690E+01
 -0.9787000E+05  0.1082206E+01
 -0.9782000E+05  0.1080723E+01
 -0.9777000E+05  0.1079243E+01
 -0.9772000E+05  0.1077764E+01
 -0.9767000E+05  0.1076288E+01
 -0.9762000E+05  0.1074814E+01
 -0.9757000E+05  0.1073342E+01
 -0.9752000E+05  0.1071872E+01
 -0.9747000E+05  0.1070404E+01
 -0.9742000E+05  0.1068938E+01
 -0.9737000E+05  0.1067475E+01
 -0.9732000E+05  0.1066013E+01
 -0.9727000E+05  0.1064553E+01
 -0.9722000E+05  0.1063096E+01
 -0.9717000E+05  0.1061640E+01
 -0.9712000E+05  0.1060187E+01
 -0.9707000E+05  0.1058735E+01
 -0.9702000E+05  0.1057286E+01
 -0.9697000E+05  0.1055838E+01
 -0.9692000E+05  0.1054393E+01
 -0.9687000E+05  0.1052950E+01
 -0.9682000E+05  0.1051509E+01
 -0.9677000E+05  0.1050070E+01
 -0.9672000E+05  0.1048632E+01
 -0.9667000E+05  0.1047197E+01
 -0.9662000E+05  0.1045764E+01
 -0.9657000E+05  0.1044333E+01
 -0.9652000E+05  0.1042904E+01
 -0.9647000E+05  0.1041477E+01
 -0.9642000E+05  0.1040052E+01
 -0.9637000E+05  0.1038630E+01
 -0.9632000E+05  0.1037209E+01
 -0.9627000E+05  0.1035790E+01
 -0.9622000E+05  0.1034373E+01
 -0.9617000E+05  0.1032958E+01
 -0.9612000E+05  0.1031545E+01
 -0.9607000E+05  0.1030134E+01
 -0.9602000E+05  0.1028726E+01
 -0.9597000E+05  0.1027319E+01
 -0.9592000E+05  0.1025914E+01
 -0.9587000E+05  0.1024511E+01
 -0.9582000E+05  0.1023110E+01
 -0.9577000E+05  0.1021711E+01
 -0.9572000E+05  0.1020315E+01
 -0.9567000E+05  0.1018920E+01
 -0.9562000E+05  0.1017527E+01
 -0.9557000E+05  0.1016136E+01
 -0.9552000E+05  0.1014747E+01
 -0.9547000E+05  0.1013360E+01
 -0.9542000E+05  0.1011975E+01
 -0.9537000E+05  0.1010592E+01
 -0.9532000E+05  0.1009212E+01
 -0.9527000E+05  0.1007833E+01
 -0.9522000E+05  0.1006456E+01
 -0.9517000E+05  0.1005080E+01
 -0.9512000E+05  0.1003707E+01
 -0.9507000E+05  0.1002336E+01
 -0.9502000E+05  0.1000967E+01
 -0.9497000E+05  0.9996000E+00
 -0.9492000E+05  0.9982347E+00
 -0.9487000E+05  0.9968715E+00
 -0.9482000E+05  0.9955101E+00
 -0.9477000E+05  0.9941508E+00
 -0.9472000E+05  0.9927933E+00
 -0.9467000E+05  0.9914378E+00
 -0.9462000E+05  0.9900843E+00
 -0.9457000E+05  0.9887327E+00
 -0.9452000E+05  0.9873831E+00
 -0.9447000E+05  0.9860353E+00
 -0.9442000E+05  0.9846895E+00
 -0.9437000E+05  0.9833457E+00
 -0.9432000E+05  0.9820038E+00
 -0.9427000E+05  0.9806638E+00
 -0.9422000E+05  0.9793257E+00
 -0.9417000E+05  0.9779895E+00
 -0.9412000E+05  0.9766553E+00
 -0.9407000E+05  0.9753230E+00
 -0.9402000E+05  0.9739925E+00
 -0.9397000E+05  0.9726640E+00
 -0.9392000E+05  0.9713375E+00
 -0.9387000E+05  0.9700128E+00
 -0.9382000E+05  0.9686900E+00
 -0.9377000E+05  0.9673691E+00
 -0.9372000E+05  0.9660502E+00
 -0.9367000E+05  0.9647331E+00
 -0.9362000E+05  0.9634179E+00
 -0.9357000E+05  0.9621046E+00
 -0.9352000E+05  0.9607932E+00
 -0.9347000E+05  0.9594837E+00
 -0.9342000E+05  0.9581760E+00
 -0.9337000E+05  0.9568703E+00
 -0.9332000E+05  0.9555664E+00
 -0.9327000E+05  0.9542644E+00
 -0.9322000E+05  0.9529643E+00
 -0.9317000E+05  0.9516660E+00
 -0.9312000E+05  0.9503696E+00
 -0.9307000E+05  0.9490751E+00
 -0.9302000E+05  0.9477824E+00
 -0.9297000E+05  0.9464916E+00
 -0.9292000E+05  0.9452027E+00
 -0.9287000E+05  0.9439156E+00
 -0.9282000E+05  0.9426304E+00
 -0.9277000E+05  0.9413470E+00
 -0.9272000E+05  0.9400654E+00
 -0.9267000E+05  0.9387857E+00
 -0.9262000E+05  0.9375079E+00
 -0.9257000E+05  0.9362319E+00
 -0.9252000E+05  0.9349577E+00
 -0.9247000E+05  0.9336853E+00
 -0.9242000E+05  0.9324148E+00
 -0.9237000E+05  0.9311461E+00
 -0.9232000E+05  0.9298793E+00
 -0.9227000E+05  0.9286142E+00
 -0.9222000E+05  0.9273510E+00
 -0.9217000E+05  0.9260896E+00
 -0.9212000E+05  0.9248300E+00
 -0.9207000E+05  0.9235723E+00
 -0.9202000E+05  0.9223163E+00
 -0.9197000E+05  0.9210621E+00
 -0.9192000E+05  0.9198098E+00
 -0.9187000E+05  0.9185592E+00
 -0.9182000E+05  0.9173105E+00
 -0.9177000E+05  0.9160635E+00
 -0.9172000E+05  0.9148184E+00
 -0.9167000E+05  0.9135750E+00
 -0.9162000E+05  0.9123334E+00
 -0.9157000E+05  0.9110936E+00
 -0.9152000E+05  0.9098556E+00
 -0.9147000E+05  0.9086194E+00
 -0.9142000E+05  0.9073850E+00
 -0.9137000E+05  0.9061523E+00
 -0.9132000E+05  0.9049214E+00
 -0.9127000E+05  0.9036923E+00
 -0.9122000E+05  0.9024649E+00
 -0.9117000E+05  0.9012393E+00
 -0.9112000E+05  0.9000155E+00
 -0.9107000E+05  0.8987934E+00
 -0.9102000E+05  0.8975731E+00
 -0.9097000E+05  0.8963546E+00
 -0.9092000E+05  0.8951378E+00
 -0.9087000E+05  0.8939228E+00
 -0.9082000E+05  0.8927095E+00
 -0.9077000E+05  0.8914979E+00
 -0.9072000E+05  0.8902881E+00
 -0.9067000E+05  0.8890801E+00
 -0.9062000E+05  0.8878738E+00
 -0.9057000E+05  0.8866692E+00
 -0.9052000E+05  0.8854664E+00
 -0.9047000E+05  0.8842653E+00
 -0.9042000E+05  0.8830659E+00
 -0.9037000E+05  0.8818683E+00
 -0.9032000E+05  0.8806724E+00
 -0.9027000E+05  0.8794782E+00
 -0.9022000E+05  0.8782858E+00
 -0.9017000E+05  0.8770950E+00
 -0.9012000E+05  0.8759060E+00
 -0.9007000E+05  0.8747187E+00
 -0.9002000E+05  0.8735332E+00
 -0.8997000E+05  0.8723493E+00
 -0.8992000E+05  0.8711672E+00
 -0.8987000E+05  0.8699868E+00
 -0.8982000E+05  0.8688080E+00
 -0.8977000E+05  0.8676310E+00
 -0.8972000E+05  0.8664557E+00
 -0.8967000E+05  0.8652822E+00
 -0.8962000E+05  0.8641103E+00
 -0.8957000E+05  0.8629401E+00
 -0.8952000E+05  0.8617716E+00
 -0.8947000E+05  0.8606049E+00
 -0.8942000E+05  0.8594398E+00
 -0.8937000E+05  0.8582764E+00
 -0.8932000E+05  0.8571148E+00
 -0.8927000E+05  0.8559548E+00
 -0.8922000E+05  0.8547965E+00
 -0.8917000E+05  0.8536399E+00
 -0.8912000E+05  0.8524851E+00
 -0.8907000E+05  0.8513319E+00
 -0.8902000E+05  0.8501804E+00
 -0.8897000E+05  0.8490306E+00
 -0.8892000E+05  0.8478825E+00
 -0.8887000E+05  0.8467361E+00
 -0.8882000E+05  0.8455914E+00
 -0.8877000E+05  0.8444483E+00
 -0.8872000E+05  0.8433070E+00
 -0.8867000E+05  0.8421674E+00
 -0.8862000E+05  0.8410294E+00
 -0.8857000E+05  0.8398932E+00
 -0.8852000E+05  0.8387586E+00
 -0.8847000E+05  0.8376257E+00
 -0.8842000E+05  0.8364946E+00
 -0.8837000E+05  0.8353651E+00
 -0.8832000E+05  0.8342373E+00
 -0.8827000E+05  0.8331112E+00
 -0.8822000E+05  0.8319868E+00
 -0.8817000E+05  0.8308641E+00
 -0.8812000E+05  0.8297432E+00
 -0.8807000E+05  0.8286239E+00
 -0.8802000E+05  0.8275063E+00
 -0.8797000E+05  0.8263904E+00
 -0.8792000E+05  0.8252762E+00
 -0.8787000E+05  0.8241637E+00
 -0.8782000E+05  0.8230529E+00
 -0.8777000E+05  0.8219439E+00
 -0.8772000E+05  0.8208365E+00
 -0.8767000E+05  0.8197309E+00
 -0.8762000E+05  0.8186270E+00
 -0.8757000E+05  0.8175248E+00
 -0.8752000E+05  0.8164243E+00
 -0.8747000E+05  0.8153255E+00
 -0.8742000E+05  0.8142285E+00
 -0.8737000E+05  0.8131331E+00
 -0.8732000E+05  0.8120396E+00
 -0.8727000E+05  0.8109477E+00
 -0.8722000E+05  0.8098576E+00
 -0.8717000E+05  0.8087692E+00
 -0.8712000E+05  0.8076826E+00
 -0.8707000E+05  0.8065977E+00
 -0.8702000E+05  0.8055146E+00
 -0.8697000E+05  0.8044332E+00
 -0.8692000E+05  0.8033536E+00
 -0.8687000E+05  0.8022757E+00
 -0.8682000E+05  0.8011996E+00
 -0.8677000E+05  0.8001253E+00
 -0.8672000E+05  0.7990528E+00
 -0.8667000E+05  0.7979820E+00
 -0.8662000E+05  0.7969131E+00
 -0.8657000E+05  0.7958459E+00
 -0.8652000E+05  0.7947805E+00
 -0.8647000E+05  0.7937169E+00
 -0.8642000E+05  0.7926551E+00
 -0.8637000E+05  0.7915952E+00
