 -0.87175000E+05   0.808825292E+00
 -0.87150000E+05   0.808342452E+00
 -0.87125000E+05   0.807890372E+00
 -0.87100000E+05   0.807119352E+00
 -0.87075000E+05   0.806556612E+00
 -0.87050000E+05   0.806230012E+00
 -0.87025000E+05   0.805823592E+00
 -0.87000000E+05   0.805195012E+00
 -0.86975000E+05   0.804500032E+00
 -0.86950000E+05   0.803962492E+00
 -0.86925000E+05   0.803524372E+00
 -0.86900000E+05   0.802965372E+00
 -0.86875000E+05   0.802360632E+00
 -0.86850000E+05   0.801867412E+00
 -0.86825000E+05   0.801222532E+00
 -0.86800000E+05   0.800732192E+00
 -0.86775000E+05   0.800339592E+00
 -0.86750000E+05   0.799603252E+00
 -0.86725000E+05   0.799080012E+00
 -0.86700000E+05   0.798587572E+00
 -0.86675000E+05   0.798000792E+00
 -0.86650000E+05   0.797482732E+00
 -0.86625000E+05   0.797105092E+00
 -0.86600000E+05   0.796570632E+00
 -0.86575000E+05   0.795995092E+00
 -0.86550000E+05   0.795291652E+00
 -0.86525000E+05   0.794863512E+00
 -0.86500000E+05   0.794535152E+00
 -0.86475000E+05   0.793615752E+00
 -0.86450000E+05   0.792873572E+00
 -0.86425000E+05   0.792728292E+00
 -0.86400000E+05   0.792322312E+00
 -0.86375000E+05   0.791382432E+00
 -0.86350000E+05   0.791285112E+00
