 -0.10345000E+06   0.126170749E+01
 -0.10342500E+06   0.126087279E+01
 -0.10340000E+06   0.125994597E+01
 -0.10337500E+06   0.125923875E+01
 -0.10335000E+06   0.125815807E+01
 -0.10332500E+06   0.125712843E+01
 -0.10330000E+06   0.125635477E+01
 -0.10327500E+06   0.125552957E+01
 -0.10325000E+06   0.125475625E+01
 -0.10322500E+06   0.125377211E+01
 -0.10320000E+06   0.125293349E+01
 -0.10317500E+06   0.125215111E+01
 -0.10315000E+06   0.125121463E+01
 -0.10312500E+06   0.125039287E+01
 -0.10310000E+06   0.124947631E+01
 -0.10307500E+06   0.124849855E+01
 -0.10305000E+06   0.124767633E+01
 -0.10302500E+06   0.124699893E+01
 -0.10300000E+06   0.124620303E+01
 -0.10297500E+06   0.124549275E+01
 -0.10295000E+06   0.124453157E+01
 -0.10292500E+06   0.124342827E+01
 -0.10290000E+06   0.124283289E+01
 -0.10287500E+06   0.124188053E+01
 -0.10285000E+06   0.124090191E+01
 -0.10282500E+06   0.124021857E+01
 -0.10280000E+06   0.123950829E+01
 -0.10277500E+06   0.123852833E+01
