 -0.10622500E+06   0.136207632E+01
 -0.10620000E+06   0.136100994E+01
 -0.10617500E+06   0.135979406E+01
 -0.10615000E+06   0.135887634E+01
 -0.10612500E+06   0.135790210E+01
 -0.10610000E+06   0.135697088E+01
 -0.10607500E+06   0.135625708E+01
 -0.10605000E+06   0.135547724E+01
 -0.10602500E+06   0.135453538E+01
 -0.10600000E+06   0.135338782E+01
 -0.10597500E+06   0.135237538E+01
 -0.10595000E+06   0.135164534E+01
 -0.10592500E+06   0.135065038E+01
 -0.10590000E+06   0.134969382E+01
 -0.10587500E+06   0.134880972E+01
 -0.10585000E+06   0.134798902E+01
 -0.10582500E+06   0.134708514E+01
 -0.10580000E+06   0.134606864E+01
 -0.10577500E+06   0.134529798E+01
 -0.10575000E+06   0.134433704E+01
 -0.10572500E+06   0.134310190E+01
 -0.10570000E+06   0.134222522E+01
 -0.10567500E+06   0.134141588E+01
 -0.10565000E+06   0.134057900E+01
 -0.10562500E+06   0.133946660E+01
 -0.10560000E+06   0.133848936E+01
