 -0.10755000E+06   0.141198871E+01
 -0.10752500E+06   0.141124517E+01
 -0.10750000E+06   0.141012207E+01
 -0.10747500E+06   0.140939297E+01
 -0.10745000E+06   0.140832321E+01
 -0.10742500E+06   0.140721705E+01
 -0.10740000E+06   0.140627497E+01
 -0.10737500E+06   0.140521371E+01
 -0.10735000E+06   0.140436005E+01
 -0.10732500E+06   0.140358267E+01
 -0.10730000E+06   0.140254541E+01
 -0.10727500E+06   0.140156259E+01
 -0.10725000E+06   0.140069917E+01
 -0.10722500E+06   0.139970509E+01
 -0.10720000E+06   0.139876487E+01
 -0.10717500E+06   0.139786317E+01
 -0.10715000E+06   0.139694789E+01
 -0.10712500E+06   0.139590517E+01
 -0.10710000E+06   0.139484285E+01
 -0.10707500E+06   0.139407707E+01
 -0.10705000E+06   0.139329165E+01
 -0.10702500E+06   0.139231375E+01
 -0.10700000E+06   0.139126467E+01
 -0.10697500E+06   0.139031219E+01
 -0.10695000E+06   0.138908153E+01
 -0.10692500E+06   0.138806369E+01
