 -0.10882500E+06   0.146261313E+01
 -0.10880000E+06   0.146157011E+01
 -0.10877500E+06   0.146044849E+01
 -0.10875000E+06   0.145953975E+01
 -0.10872500E+06   0.145847837E+01
 -0.10870000E+06   0.145767603E+01
 -0.10867500E+06   0.145661481E+01
 -0.10865000E+06   0.145559251E+01
 -0.10862500E+06   0.145460667E+01
 -0.10860000E+06   0.145354591E+01
 -0.10857500E+06   0.145259975E+01
 -0.10855000E+06   0.145157147E+01
 -0.10852500E+06   0.145053813E+01
 -0.10850000E+06   0.144952427E+01
 -0.10847500E+06   0.144862573E+01
 -0.10845000E+06   0.144771533E+01
 -0.10842500E+06   0.144677931E+01
 -0.10840000E+06   0.144586083E+01
 -0.10837500E+06   0.144464621E+01
 -0.10835000E+06   0.144369303E+01
 -0.10832500E+06   0.144292189E+01
 -0.10830000E+06   0.144186269E+01
 -0.10827500E+06   0.144084745E+01
 -0.10825000E+06   0.143997911E+01
 -0.10822500E+06   0.143897123E+01
 -0.10820000E+06   0.143790377E+01
