 -0.11122500E+06   0.156226349E+01
 -0.11120000E+06   0.156142637E+01
 -0.11117500E+06   0.156027525E+01
 -0.11115000E+06   0.155889871E+01
 -0.11112500E+06   0.155794533E+01
 -0.11110000E+06   0.155713655E+01
 -0.11107500E+06   0.155599953E+01
 -0.11105000E+06   0.155476909E+01
 -0.11102500E+06   0.155377617E+01
 -0.11100000E+06   0.155282245E+01
 -0.11097500E+06   0.155173783E+01
 -0.11095000E+06   0.155059217E+01
 -0.11092500E+06   0.154964913E+01
 -0.11090000E+06   0.154861843E+01
 -0.11087500E+06   0.154760157E+01
 -0.11085000E+06   0.154655911E+01
 -0.11082500E+06   0.154540801E+01
 -0.11080000E+06   0.154431429E+01
 -0.11077500E+06   0.154314959E+01
 -0.11075000E+06   0.154215679E+01
 -0.11072500E+06   0.154124861E+01
 -0.11070000E+06   0.154002515E+01
 -0.11067500E+06   0.153892835E+01
 -0.11065000E+06   0.153800471E+01
