 -0.11237500E+06   0.161255006E+01
 -0.11235000E+06   0.161129360E+01
 -0.11232500E+06   0.161025506E+01
 -0.11230000E+06   0.160922180E+01
 -0.11227500E+06   0.160779346E+01
 -0.11225000E+06   0.160680952E+01
 -0.11222500E+06   0.160591380E+01
 -0.11220000E+06   0.160473486E+01
 -0.11217500E+06   0.160363446E+01
 -0.11215000E+06   0.160252044E+01
 -0.11212500E+06   0.160142214E+01
 -0.11210000E+06   0.160037132E+01
 -0.11207500E+06   0.159919144E+01
 -0.11205000E+06   0.159818870E+01
 -0.11202500E+06   0.159726796E+01
 -0.11200000E+06   0.159624356E+01
 -0.11197500E+06   0.159505950E+01
 -0.11195000E+06   0.159381792E+01
 -0.11192500E+06   0.159291674E+01
 -0.11190000E+06   0.159192392E+01
 -0.11187500E+06   0.159073102E+01
 -0.11185000E+06   0.158971432E+01
 -0.11182500E+06   0.158883170E+01
 -0.11180000E+06   0.158763000E+01
