 -0.11350000E+06   0.166275932E+01
 -0.11347500E+06   0.166155798E+01
 -0.11345000E+06   0.166031706E+01
 -0.11342500E+06   0.165916826E+01
 -0.11340000E+06   0.165802210E+01
 -0.11337500E+06   0.165697782E+01
 -0.11335000E+06   0.165583086E+01
 -0.11332500E+06   0.165463304E+01
 -0.11330000E+06   0.165357570E+01
 -0.11327500E+06   0.165249318E+01
 -0.11325000E+06   0.165145166E+01
 -0.11322500E+06   0.165041936E+01
 -0.11320000E+06   0.164913350E+01
 -0.11317500E+06   0.164802306E+01
 -0.11315000E+06   0.164696388E+01
 -0.11312500E+06   0.164576352E+01
 -0.11310000E+06   0.164470168E+01
 -0.11307500E+06   0.164379782E+01
 -0.11305000E+06   0.164257016E+01
 -0.11302500E+06   0.164132248E+01
 -0.11300000E+06   0.164036434E+01
 -0.11297500E+06   0.163925588E+01
 -0.11295000E+06   0.163801400E+01
 -0.11292500E+06   0.163689530E+01
