 -0.89425000E+05   0.859455755E+00
 -0.89400000E+05   0.858848955E+00
 -0.89375000E+05   0.858000056E+00
 -0.89350000E+05   0.857580935E+00
 -0.89325000E+05   0.857158456E+00
 -0.89300000E+05   0.856368775E+00
 -0.89275000E+05   0.856071416E+00
 -0.89250000E+05   0.855558996E+00
 -0.89225000E+05   0.854834415E+00
 -0.89200000E+05   0.854243456E+00
 -0.89175000E+05   0.853666436E+00
 -0.89150000E+05   0.853142676E+00
 -0.89125000E+05   0.852561676E+00
 -0.89100000E+05   0.851975776E+00
 -0.89075000E+05   0.851246836E+00
 -0.89050000E+05   0.850760935E+00
 -0.89025000E+05   0.850358855E+00
 -0.89000000E+05   0.849726896E+00
 -0.88975000E+05   0.849164855E+00
 -0.88950000E+05   0.848583176E+00
 -0.88925000E+05   0.847926615E+00
 -0.88900000E+05   0.847351416E+00
 -0.88875000E+05   0.846858816E+00
 -0.88850000E+05   0.846210855E+00
 -0.88825000E+05   0.845611295E+00
 -0.88800000E+05   0.845154695E+00
 -0.88775000E+05   0.844521256E+00
 -0.88750000E+05   0.843985996E+00
 -0.88725000E+05   0.843426536E+00
 -0.88700000E+05   0.842785716E+00
 -0.88675000E+05   0.842154956E+00
 -0.88650000E+05   0.841578796E+00
 -0.88625000E+05   0.841315615E+00
 -0.88600000E+05   0.840745896E+00
