 -0.91525000E+05   0.909622602E+00
 -0.91500000E+05   0.909337462E+00
 -0.91475000E+05   0.908600922E+00
 -0.91450000E+05   0.907814582E+00
 -0.91425000E+05   0.907315142E+00
 -0.91400000E+05   0.906805922E+00
 -0.91375000E+05   0.906249562E+00
 -0.91350000E+05   0.905432102E+00
 -0.91325000E+05   0.904667502E+00
 -0.91300000E+05   0.904347582E+00
 -0.91275000E+05   0.903881082E+00
 -0.91250000E+05   0.903080542E+00
 -0.91225000E+05   0.902508682E+00
 -0.91200000E+05   0.902017702E+00
 -0.91175000E+05   0.901219382E+00
 -0.91150000E+05   0.900476342E+00
 -0.91125000E+05   0.900030822E+00
 -0.91100000E+05   0.899495722E+00
 -0.91075000E+05   0.898866382E+00
 -0.91050000E+05   0.898080862E+00
 -0.91025000E+05   0.897389642E+00
 -0.91000000E+05   0.896996922E+00
 -0.90975000E+05   0.896459082E+00
 -0.90950000E+05   0.895680882E+00
 -0.90925000E+05   0.895119662E+00
 -0.90900000E+05   0.894700442E+00
 -0.90875000E+05   0.893963422E+00
 -0.90850000E+05   0.893336362E+00
 -0.90825000E+05   0.892727882E+00
 -0.90800000E+05   0.891909962E+00
 -0.90775000E+05   0.891528162E+00
 -0.90750000E+05   0.890908722E+00
 -0.90725000E+05   0.890086462E+00
