 -0.93500000E+05   0.960365099E+00
 -0.93475000E+05   0.959685699E+00
 -0.93450000E+05   0.958842639E+00
 -0.93425000E+05   0.958080259E+00
 -0.93400000E+05   0.957317679E+00
 -0.93375000E+05   0.956796859E+00
 -0.93350000E+05   0.956228019E+00
 -0.93325000E+05   0.955554259E+00
 -0.93300000E+05   0.954915859E+00
 -0.93275000E+05   0.954241919E+00
 -0.93250000E+05   0.953646419E+00
 -0.93225000E+05   0.953069159E+00
 -0.93200000E+05   0.952295059E+00
 -0.93175000E+05   0.951511359E+00
 -0.93150000E+05   0.950981159E+00
 -0.93125000E+05   0.950436879E+00
 -0.93100000E+05   0.949758499E+00
 -0.93075000E+05   0.949107559E+00
 -0.93050000E+05   0.948569879E+00
 -0.93025000E+05   0.947874139E+00
 -0.93000000E+05   0.947198479E+00
 -0.92975000E+05   0.946483059E+00
 -0.92950000E+05   0.945861519E+00
 -0.92925000E+05   0.945306599E+00
 -0.92900000E+05   0.944702619E+00
 -0.92875000E+05   0.943917679E+00
 -0.92850000E+05   0.943084339E+00
 -0.92825000E+05   0.942635879E+00
 -0.92800000E+05   0.942205499E+00
 -0.92775000E+05   0.941181819E+00
 -0.92750000E+05   0.940515559E+00
 -0.92725000E+05   0.940508959E+00
