 -0.97125000E+05   0.105996457E+01
 -0.97100000E+05   0.105934751E+01
 -0.97075000E+05   0.105885135E+01
 -0.97050000E+05   0.105790987E+01
 -0.97025000E+05   0.105715389E+01
 -0.97000000E+05   0.105658255E+01
 -0.96975000E+05   0.105573479E+01
 -0.96950000E+05   0.105504251E+01
 -0.96925000E+05   0.105438313E+01
 -0.96900000E+05   0.105362749E+01
 -0.96875000E+05   0.105282071E+01
 -0.96850000E+05   0.105210721E+01
 -0.96825000E+05   0.105150909E+01
 -0.96800000E+05   0.105087135E+01
 -0.96775000E+05   0.105027251E+01
 -0.96750000E+05   0.104954511E+01
 -0.96725000E+05   0.104870987E+01
 -0.96700000E+05   0.104794017E+01
 -0.96675000E+05   0.104729783E+01
 -0.96650000E+05   0.104651543E+01
 -0.96625000E+05   0.104570127E+01
 -0.96600000E+05   0.104503389E+01
 -0.96575000E+05   0.104440203E+01
 -0.96550000E+05   0.104374243E+01
 -0.96525000E+05   0.104274221E+01
 -0.96500000E+05   0.104200307E+01
 -0.96475000E+05   0.104169753E+01
 -0.96450000E+05   0.104101349E+01
 -0.96425000E+05   0.104015335E+01
 -0.96400000E+05   0.103951487E+01
