 -0.98825000E+05   0.111090783E+01
 -0.98800000E+05   0.111021855E+01
 -0.98775000E+05   0.110959439E+01
 -0.98750000E+05   0.110855731E+01
 -0.98725000E+05   0.110768637E+01
 -0.98700000E+05   0.110683053E+01
 -0.98675000E+05   0.110615667E+01
 -0.98650000E+05   0.110569857E+01
 -0.98625000E+05   0.110489095E+01
 -0.98600000E+05   0.110394263E+01
 -0.98575000E+05   0.110332057E+01
 -0.98550000E+05   0.110273213E+01
 -0.98525000E+05   0.110179881E+01
 -0.98500000E+05   0.110102749E+01
 -0.98475000E+05   0.110025231E+01
 -0.98450000E+05   0.109943199E+01
 -0.98425000E+05   0.109875503E+01
 -0.98400000E+05   0.109810763E+01
 -0.98375000E+05   0.109735401E+01
 -0.98350000E+05   0.109667757E+01
 -0.98325000E+05   0.109591681E+01
 -0.98300000E+05   0.109501873E+01
 -0.98275000E+05   0.109436113E+01
 -0.98250000E+05   0.109376555E+01
 -0.98225000E+05   0.109285819E+01
 -0.98200000E+05   0.109209347E+01
 -0.98175000E+05   0.109154827E+01
 -0.98150000E+05   0.109073497E+01
 -0.98125000E+05   0.108965863E+01
 -0.98100000E+05   0.108923935E+01
