 -0.10042500E+06   0.116071334E+01
 -0.10040000E+06   0.116007438E+01
 -0.10037500E+06   0.115937226E+01
 -0.10035000E+06   0.115840302E+01
 -0.10032500E+06   0.115765622E+01
 -0.10030000E+06   0.115701302E+01
 -0.10027500E+06   0.115626418E+01
 -0.10025000E+06   0.115550406E+01
 -0.10022500E+06   0.115433388E+01
 -0.10020000E+06   0.115349380E+01
 -0.10017500E+06   0.115292630E+01
 -0.10015000E+06   0.115216832E+01
 -0.10012500E+06   0.115135550E+01
 -0.10010000E+06   0.115048442E+01
 -0.10007500E+06   0.114967952E+01
 -0.10005000E+06   0.114899908E+01
 -0.10002500E+06   0.114830538E+01
 -0.10000000E+06   0.114753922E+01
 -0.99975000E+05   0.114664686E+01
 -0.99950000E+05   0.114574418E+01
 -0.99925000E+05   0.114514006E+01
 -0.99900000E+05   0.114433652E+01
 -0.99875000E+05   0.114352850E+01
 -0.99850000E+05   0.114306722E+01
 -0.99825000E+05   0.114209688E+01
 -0.99800000E+05   0.114105344E+01
 -0.99775000E+05   0.114035536E+01
 -0.99750000E+05   0.113995602E+01
 -0.99725000E+05   0.113917954E+01
