 -0.10195000E+06   0.121064112E+01
 -0.10192500E+06   0.120977454E+01
 -0.10190000E+06   0.120906676E+01
 -0.10187500E+06   0.120827358E+01
 -0.10185000E+06   0.120750002E+01
 -0.10182500E+06   0.120661896E+01
 -0.10180000E+06   0.120571166E+01
 -0.10177500E+06   0.120476700E+01
 -0.10175000E+06   0.120402540E+01
 -0.10172500E+06   0.120328734E+01
 -0.10170000E+06   0.120237426E+01
 -0.10167500E+06   0.120152874E+01
 -0.10165000E+06   0.120074866E+01
 -0.10162500E+06   0.119991082E+01
 -0.10160000E+06   0.119911328E+01
 -0.10157500E+06   0.119831762E+01
 -0.10155000E+06   0.119749824E+01
 -0.10152500E+06   0.119668782E+01
 -0.10150000E+06   0.119595044E+01
 -0.10147500E+06   0.119510238E+01
 -0.10145000E+06   0.119427552E+01
 -0.10142500E+06   0.119343420E+01
 -0.10140000E+06   0.119259426E+01
 -0.10137500E+06   0.119178840E+01
 -0.10135000E+06   0.119088424E+01
 -0.10132500E+06   0.119015702E+01
 -0.10130000E+06   0.118939896E+01
