 -0.1156500E+06  0.1763120E+01
 -0.1156000E+06  0.1760710E+01
 -0.1155500E+06  0.1758304E+01
 -0.1155000E+06  0.1755900E+01
 -0.1154500E+06  0.1753500E+01
 -0.1154000E+06  0.1751102E+01
 -0.1153500E+06  0.1748708E+01
 -0.1153000E+06  0.1746316E+01
 -0.1152500E+06  0.1743928E+01
 -0.1152000E+06  0.1741544E+01
 -0.1151500E+06  0.1739162E+01
 -0.1151000E+06  0.1736784E+01
 -0.1150500E+06  0.1734409E+01
 -0.1150000E+06  0.1732038E+01
 -0.1149500E+06  0.1729670E+01
 -0.1149000E+06  0.1727305E+01
 -0.1148500E+06  0.1724944E+01
 -0.1148000E+06  0.1722586E+01
 -0.1147500E+06  0.1720231E+01
 -0.1147000E+06  0.1717880E+01
 -0.1146500E+06  0.1715532E+01
 -0.1146000E+06  0.1713188E+01
 -0.1145500E+06  0.1710847E+01
 -0.1145000E+06  0.1708509E+01
 -0.1144500E+06  0.1706175E+01
 -0.1144000E+06  0.1703844E+01
 -0.1143500E+06  0.1701517E+01
 -0.1143000E+06  0.1699193E+01
 -0.1142500E+06  0.1696872E+01
 -0.1142000E+06  0.1694554E+01
 -0.1141500E+06  0.1692240E+01
 -0.1141000E+06  0.1689929E+01
 -0.1140500E+06  0.1687621E+01
 -0.1140000E+06  0.1685317E+01
 -0.1139500E+06  0.1683015E+01
 -0.1139000E+06  0.1680717E+01
 -0.1138500E+06  0.1678423E+01
 -0.1138000E+06  0.1676131E+01
 -0.1137500E+06  0.1673842E+01
 -0.1137000E+06  0.1671557E+01
 -0.1136500E+06  0.1669274E+01
 -0.1136000E+06  0.1666995E+01
 -0.1135500E+06  0.1664719E+01
 -0.1135000E+06  0.1662445E+01
 -0.1134500E+06  0.1660175E+01
 -0.1134000E+06  0.1657908E+01
 -0.1133500E+06  0.1655644E+01
 -0.1133000E+06  0.1653382E+01
 -0.1132500E+06  0.1651124E+01
 -0.1132000E+06  0.1648868E+01
 -0.1131500E+06  0.1646616E+01
 -0.1131000E+06  0.1644366E+01
 -0.1130500E+06  0.1642119E+01
 -0.1130000E+06  0.1639875E+01
 -0.1129500E+06  0.1637634E+01
 -0.1129000E+06  0.1635396E+01
 -0.1128500E+06  0.1633160E+01
 -0.1128000E+06  0.1630928E+01
 -0.1127500E+06  0.1628698E+01
