 -0.1141850E+06  0.1693860E+01
 -0.1141350E+06  0.1691546E+01
 -0.1140850E+06  0.1689236E+01
 -0.1140350E+06  0.1686930E+01
 -0.1139850E+06  0.1684626E+01
 -0.1139350E+06  0.1682326E+01
 -0.1138850E+06  0.1680029E+01
 -0.1138350E+06  0.1677735E+01
 -0.1137850E+06  0.1675444E+01
 -0.1137350E+06  0.1673156E+01
 -0.1136850E+06  0.1670872E+01
 -0.1136350E+06  0.1668590E+01
 -0.1135850E+06  0.1666312E+01
 -0.1135350E+06  0.1664036E+01
 -0.1134850E+06  0.1661764E+01
 -0.1134350E+06  0.1659495E+01
 -0.1133850E+06  0.1657228E+01
 -0.1133350E+06  0.1654965E+01
 -0.1132850E+06  0.1652704E+01
 -0.1132350E+06  0.1650447E+01
 -0.1131850E+06  0.1648192E+01
 -0.1131350E+06  0.1645941E+01
 -0.1130850E+06  0.1643692E+01
 -0.1130350E+06  0.1641446E+01
 -0.1129850E+06  0.1639203E+01
 -0.1129350E+06  0.1636962E+01
 -0.1128850E+06  0.1634725E+01
 -0.1128350E+06  0.1632490E+01
 -0.1127850E+06  0.1630259E+01
 -0.1127350E+06  0.1628029E+01
 -0.1126850E+06  0.1625803E+01
 -0.1126350E+06  0.1623580E+01
 -0.1125850E+06  0.1621359E+01
 -0.1125350E+06  0.1619141E+01
 -0.1124850E+06  0.1616926E+01
 -0.1124350E+06  0.1614713E+01
 -0.1123850E+06  0.1612503E+01
 -0.1123350E+06  0.1610296E+01
 -0.1122850E+06  0.1608092E+01
 -0.1122350E+06  0.1605891E+01
 -0.1121850E+06  0.1603692E+01
 -0.1121350E+06  0.1601495E+01
 -0.1120850E+06  0.1599302E+01
 -0.1120350E+06  0.1597111E+01
 -0.1119850E+06  0.1594923E+01
 -0.1119350E+06  0.1592738E+01
 -0.1118850E+06  0.1590555E+01
 -0.1118350E+06  0.1588375E+01
 -0.1117850E+06  0.1586198E+01
 -0.1117350E+06  0.1584024E+01
 -0.1116850E+06  0.1581852E+01
 -0.1116350E+06  0.1579683E+01
 -0.1115850E+06  0.1577517E+01
 -0.1115350E+06  0.1575354E+01
 -0.1114850E+06  0.1573193E+01
 -0.1114350E+06  0.1571035E+01
 -0.1113850E+06  0.1568880E+01
 -0.1113350E+06  0.1566727E+01
 -0.1112850E+06  0.1564578E+01
 -0.1112350E+06  0.1562431E+01
 -0.1111850E+06  0.1560287E+01
 -0.1111350E+06  0.1558145E+01
 -0.1110850E+06  0.1556007E+01
 -0.1110350E+06  0.1553871E+01
 -0.1109850E+06  0.1551739E+01
 -0.1109350E+06  0.1549609E+01
 -0.1108850E+06  0.1547481E+01
 -0.1108350E+06  0.1545357E+01
 -0.1107850E+06  0.1543236E+01
 -0.1107350E+06  0.1541117E+01
 -0.1106850E+06  0.1539002E+01
 -0.1106350E+06  0.1536889E+01
 -0.1105850E+06  0.1534779E+01
 -0.1105350E+06  0.1532672E+01
 -0.1104850E+06  0.1530568E+01
 -0.1104350E+06  0.1528466E+01
 -0.1103850E+06  0.1526368E+01
 -0.1103350E+06  0.1524273E+01
 -0.1102850E+06  0.1522180E+01
 -0.1102350E+06  0.1520091E+01
 -0.1101850E+06  0.1518004E+01
 -0.1101350E+06  0.1515921E+01
 -0.1100850E+06  0.1513840E+01
 -0.1100350E+06  0.1511762E+01
 -0.1099850E+06  0.1509687E+01
 -0.1099350E+06  0.1507616E+01
 -0.1098850E+06  0.1505547E+01
 -0.1098350E+06  0.1503481E+01
