 -0.1127200E+06  0.1627372E+01
 -0.1126700E+06  0.1625147E+01
 -0.1126200E+06  0.1622924E+01
 -0.1125700E+06  0.1620705E+01
 -0.1125200E+06  0.1618487E+01
 -0.1124700E+06  0.1616273E+01
 -0.1124200E+06  0.1614061E+01
 -0.1123700E+06  0.1611851E+01
 -0.1123200E+06  0.1609644E+01
 -0.1122700E+06  0.1607440E+01
 -0.1122200E+06  0.1605239E+01
 -0.1121700E+06  0.1603039E+01
 -0.1121200E+06  0.1600844E+01
 -0.1120700E+06  0.1598650E+01
 -0.1120200E+06  0.1596459E+01
 -0.1119700E+06  0.1594271E+01
 -0.1119200E+06  0.1592085E+01
 -0.1118700E+06  0.1589903E+01
 -0.1118200E+06  0.1587722E+01
 -0.1117700E+06  0.1585545E+01
 -0.1117200E+06  0.1583370E+01
 -0.1116700E+06  0.1581198E+01
 -0.1116200E+06  0.1579029E+01
 -0.1115700E+06  0.1576863E+01
 -0.1115200E+06  0.1574699E+01
 -0.1114700E+06  0.1572539E+01
 -0.1114200E+06  0.1570381E+01
 -0.1113700E+06  0.1568226E+01
 -0.1113200E+06  0.1566074E+01
 -0.1112700E+06  0.1563925E+01
 -0.1112200E+06  0.1561778E+01
 -0.1111700E+06  0.1559635E+01
 -0.1111200E+06  0.1557494E+01
 -0.1110700E+06  0.1555356E+01
 -0.1110200E+06  0.1553221E+01
 -0.1109700E+06  0.1551090E+01
 -0.1109200E+06  0.1548960E+01
 -0.1108700E+06  0.1546834E+01
 -0.1108200E+06  0.1544711E+01
 -0.1107700E+06  0.1542591E+01
 -0.1107200E+06  0.1540473E+01
 -0.1106700E+06  0.1538359E+01
 -0.1106200E+06  0.1536248E+01
 -0.1105700E+06  0.1534140E+01
 -0.1105200E+06  0.1532034E+01
 -0.1104700E+06  0.1529932E+01
 -0.1104200E+06  0.1527832E+01
 -0.1103700E+06  0.1525736E+01
 -0.1103200E+06  0.1523642E+01
 -0.1102700E+06  0.1521552E+01
 -0.1102200E+06  0.1519464E+01
 -0.1101700E+06  0.1517379E+01
 -0.1101200E+06  0.1515297E+01
 -0.1100700E+06  0.1513219E+01
 -0.1100200E+06  0.1511143E+01
 -0.1099700E+06  0.1509070E+01
 -0.1099200E+06  0.1507000E+01
 -0.1098700E+06  0.1504933E+01
 -0.1098200E+06  0.1502869E+01
 -0.1097700E+06  0.1500808E+01
 -0.1097200E+06  0.1498749E+01
 -0.1096700E+06  0.1496694E+01
 -0.1096200E+06  0.1494641E+01
 -0.1095700E+06  0.1492592E+01
 -0.1095200E+06  0.1490545E+01
 -0.1094700E+06  0.1488501E+01
 -0.1094200E+06  0.1486460E+01
 -0.1093700E+06  0.1484421E+01
 -0.1093200E+06  0.1482386E+01
 -0.1092700E+06  0.1480354E+01
 -0.1092200E+06  0.1478324E+01
 -0.1091700E+06  0.1476297E+01
 -0.1091200E+06  0.1474273E+01
 -0.1090700E+06  0.1472251E+01
 -0.1090200E+06  0.1470232E+01
 -0.1089700E+06  0.1468217E+01
 -0.1089200E+06  0.1466203E+01
 -0.1088700E+06  0.1464193E+01
 -0.1088200E+06  0.1462185E+01
 -0.1087700E+06  0.1460180E+01
 -0.1087200E+06  0.1458178E+01
 -0.1086700E+06  0.1456179E+01
 -0.1086200E+06  0.1454181E+01
 -0.1085700E+06  0.1452187E+01
 -0.1085200E+06  0.1450195E+01
 -0.1084700E+06  0.1448207E+01
 -0.1084200E+06  0.1446220E+01
 -0.1083700E+06  0.1444236E+01
 -0.1083200E+06  0.1442256E+01
 -0.1082700E+06  0.1440277E+01
 -0.1082200E+06  0.1438301E+01
 -0.1081700E+06  0.1436328E+01
 -0.1081200E+06  0.1434357E+01
 -0.1080700E+06  0.1432389E+01
 -0.1080200E+06  0.1430423E+01
 -0.1079700E+06  0.1428460E+01
 -0.1079200E+06  0.1426500E+01
 -0.1078700E+06  0.1424542E+01
 -0.1078200E+06  0.1422587E+01
 -0.1077700E+06  0.1420634E+01
 -0.1077200E+06  0.1418684E+01
 -0.1076700E+06  0.1416736E+01
 -0.1076200E+06  0.1414791E+01
 -0.1075700E+06  0.1412848E+01
 -0.1075200E+06  0.1410908E+01
 -0.1074700E+06  0.1408970E+01
 -0.1074200E+06  0.1407035E+01
 -0.1073700E+06  0.1405103E+01
 -0.1073200E+06  0.1403172E+01
 -0.1072700E+06  0.1401245E+01
 -0.1072200E+06  0.1399320E+01
 -0.1071700E+06  0.1397397E+01
 -0.1071200E+06  0.1395477E+01
 -0.1070700E+06  0.1393560E+01
 -0.1070200E+06  0.1391645E+01
 -0.1069700E+06  0.1389732E+01
 -0.1069200E+06  0.1387822E+01
 -0.1068700E+06  0.1385915E+01
