 -0.1097900E+06  0.1501634E+01
 -0.1097400E+06  0.1499575E+01
 -0.1096900E+06  0.1497519E+01
 -0.1096400E+06  0.1495466E+01
 -0.1095900E+06  0.1493416E+01
 -0.1095400E+06  0.1491368E+01
 -0.1094900E+06  0.1489324E+01
 -0.1094400E+06  0.1487282E+01
 -0.1093900E+06  0.1485243E+01
 -0.1093400E+06  0.1483206E+01
 -0.1092900E+06  0.1481173E+01
 -0.1092400E+06  0.1479142E+01
 -0.1091900E+06  0.1477114E+01
 -0.1091400E+06  0.1475088E+01
 -0.1090900E+06  0.1473066E+01
 -0.1090400E+06  0.1471046E+01
 -0.1089900E+06  0.1469029E+01
 -0.1089400E+06  0.1467014E+01
 -0.1088900E+06  0.1465002E+01
 -0.1088400E+06  0.1462993E+01
 -0.1087900E+06  0.1460987E+01
 -0.1087400E+06  0.1458983E+01
 -0.1086900E+06  0.1456982E+01
 -0.1086400E+06  0.1454983E+01
 -0.1085900E+06  0.1452988E+01
 -0.1085400E+06  0.1450994E+01
 -0.1084900E+06  0.1449004E+01
 -0.1084400E+06  0.1447016E+01
 -0.1083900E+06  0.1445030E+01
 -0.1083400E+06  0.1443048E+01
 -0.1082900E+06  0.1441067E+01
 -0.1082400E+06  0.1439090E+01
 -0.1081900E+06  0.1437115E+01
 -0.1081400E+06  0.1435143E+01
 -0.1080900E+06  0.1433173E+01
 -0.1080400E+06  0.1431206E+01
 -0.1079900E+06  0.1429241E+01
 -0.1079400E+06  0.1427279E+01
 -0.1078900E+06  0.1425319E+01
 -0.1078400E+06  0.1423363E+01
 -0.1077900E+06  0.1421408E+01
 -0.1077400E+06  0.1419456E+01
 -0.1076900E+06  0.1417507E+01
 -0.1076400E+06  0.1415561E+01
 -0.1075900E+06  0.1413617E+01
 -0.1075400E+06  0.1411675E+01
 -0.1074900E+06  0.1409736E+01
 -0.1074400E+06  0.1407800E+01
 -0.1073900E+06  0.1405866E+01
 -0.1073400E+06  0.1403935E+01
 -0.1072900E+06  0.1402006E+01
 -0.1072400E+06  0.1400080E+01
 -0.1071900E+06  0.1398156E+01
 -0.1071400E+06  0.1396235E+01
 -0.1070900E+06  0.1394317E+01
 -0.1070400E+06  0.1392401E+01
 -0.1069900E+06  0.1390487E+01
 -0.1069400E+06  0.1388577E+01
 -0.1068900E+06  0.1386669E+01
 -0.1068400E+06  0.1384763E+01
 -0.1067900E+06  0.1382860E+01
 -0.1067400E+06  0.1380959E+01
 -0.1066900E+06  0.1379061E+01
 -0.1066400E+06  0.1377166E+01
 -0.1065900E+06  0.1375273E+01
 -0.1065400E+06  0.1373383E+01
 -0.1064900E+06  0.1371496E+01
 -0.1064400E+06  0.1369611E+01
 -0.1063900E+06  0.1367728E+01
 -0.1063400E+06  0.1365848E+01
 -0.1062900E+06  0.1363971E+01
 -0.1062400E+06  0.1362096E+01
 -0.1061900E+06  0.1360224E+01
 -0.1061400E+06  0.1358355E+01
 -0.1060900E+06  0.1356488E+01
 -0.1060400E+06  0.1354624E+01
 -0.1059900E+06  0.1352762E+01
 -0.1059400E+06  0.1350903E+01
 -0.1058900E+06  0.1349046E+01
 -0.1058400E+06  0.1347192E+01
 -0.1057900E+06  0.1345341E+01
 -0.1057400E+06  0.1343492E+01
 -0.1056900E+06  0.1341646E+01
 -0.1056400E+06  0.1339802E+01
 -0.1055900E+06  0.1337961E+01
 -0.1055400E+06  0.1336123E+01
 -0.1054900E+06  0.1334287E+01
 -0.1054400E+06  0.1332454E+01
 -0.1053900E+06  0.1330623E+01
 -0.1053400E+06  0.1328795E+01
 -0.1052900E+06  0.1326969E+01
 -0.1052400E+06  0.1325147E+01
 -0.1051900E+06  0.1323326E+01
 -0.1051400E+06  0.1321508E+01
 -0.1050900E+06  0.1319693E+01
 -0.1050400E+06  0.1317881E+01
 -0.1049900E+06  0.1316071E+01
 -0.1049400E+06  0.1314263E+01
 -0.1048900E+06  0.1312458E+01
 -0.1048400E+06  0.1310656E+01
 -0.1047900E+06  0.1308856E+01
 -0.1047400E+06  0.1307059E+01
 -0.1046900E+06  0.1305264E+01
 -0.1046400E+06  0.1303472E+01
 -0.1045900E+06  0.1301682E+01
 -0.1045400E+06  0.1299895E+01
 -0.1044900E+06  0.1298111E+01
 -0.1044400E+06  0.1296329E+01
 -0.1043900E+06  0.1294549E+01
 -0.1043400E+06  0.1292772E+01
 -0.1042900E+06  0.1290998E+01
 -0.1042400E+06  0.1289226E+01
 -0.1041900E+06  0.1287456E+01
 -0.1041400E+06  0.1285689E+01
 -0.1040900E+06  0.1283925E+01
 -0.1040400E+06  0.1282163E+01
 -0.1039900E+06  0.1280403E+01
 -0.1039400E+06  0.1278646E+01
 -0.1038900E+06  0.1276891E+01
 -0.1038400E+06  0.1275139E+01
 -0.1037900E+06  0.1273389E+01
 -0.1037400E+06  0.1271642E+01
 -0.1036900E+06  0.1269897E+01
 -0.1036400E+06  0.1268155E+01
 -0.1035900E+06  0.1266414E+01
 -0.1035400E+06  0.1264677E+01
 -0.1034900E+06  0.1262942E+01
 -0.1034400E+06  0.1261209E+01
 -0.1033900E+06  0.1259478E+01
 -0.1033400E+06  0.1257750E+01
 -0.1032900E+06  0.1256024E+01
 -0.1032400E+06  0.1254301E+01
 -0.1031900E+06  0.1252580E+01
 -0.1031400E+06  0.1250861E+01
 -0.1030900E+06  0.1249145E+01
 -0.1030400E+06  0.1247431E+01
 -0.1029900E+06  0.1245719E+01
 -0.1029400E+06  0.1244010E+01
 -0.1028900E+06  0.1242303E+01
 -0.1028400E+06  0.1240598E+01
 -0.1027900E+06  0.1238896E+01
 -0.1027400E+06  0.1237196E+01
 -0.1026900E+06  0.1235498E+01
 -0.1026400E+06  0.1233803E+01
 -0.1025900E+06  0.1232109E+01
 -0.1025400E+06  0.1230418E+01
 -0.1024900E+06  0.1228730E+01
