 -0.1024650E+06  0.1227878E+01
 -0.1024150E+06  0.1226192E+01
 -0.1023650E+06  0.1224508E+01
 -0.1023150E+06  0.1222826E+01
 -0.1022650E+06  0.1221147E+01
 -0.1022150E+06  0.1219470E+01
 -0.1021650E+06  0.1217796E+01
 -0.1021150E+06  0.1216124E+01
 -0.1020650E+06  0.1214454E+01
 -0.1020150E+06  0.1212786E+01
 -0.1019650E+06  0.1211120E+01
 -0.1019150E+06  0.1209457E+01
 -0.1018650E+06  0.1207797E+01
 -0.1018150E+06  0.1206138E+01
 -0.1017650E+06  0.1204482E+01
 -0.1017150E+06  0.1202828E+01
 -0.1016650E+06  0.1201176E+01
 -0.1016150E+06  0.1199527E+01
 -0.1015650E+06  0.1197880E+01
 -0.1015150E+06  0.1196235E+01
 -0.1014650E+06  0.1194593E+01
 -0.1014150E+06  0.1192952E+01
 -0.1013650E+06  0.1191314E+01
 -0.1013150E+06  0.1189679E+01
 -0.1012650E+06  0.1188045E+01
 -0.1012150E+06  0.1186414E+01
 -0.1011650E+06  0.1184785E+01
 -0.1011150E+06  0.1183159E+01
 -0.1010650E+06  0.1181534E+01
 -0.1010150E+06  0.1179912E+01
 -0.1009650E+06  0.1178292E+01
 -0.1009150E+06  0.1176675E+01
 -0.1008650E+06  0.1175060E+01
 -0.1008150E+06  0.1173447E+01
 -0.1007650E+06  0.1171836E+01
 -0.1007150E+06  0.1170227E+01
 -0.1006650E+06  0.1168621E+01
 -0.1006150E+06  0.1167017E+01
 -0.1005650E+06  0.1165415E+01
 -0.1005150E+06  0.1163816E+01
 -0.1004650E+06  0.1162219E+01
 -0.1004150E+06  0.1160624E+01
 -0.1003650E+06  0.1159031E+01
 -0.1003150E+06  0.1157440E+01
 -0.1002650E+06  0.1155852E+01
 -0.1002150E+06  0.1154266E+01
 -0.1001650E+06  0.1152682E+01
 -0.1001150E+06  0.1151100E+01
 -0.1000650E+06  0.1149521E+01
 -0.1000150E+06  0.1147944E+01
 -0.9996500E+05  0.1146369E+01
 -0.9991500E+05  0.1144796E+01
 -0.9986500E+05  0.1143225E+01
 -0.9981500E+05  0.1141657E+01
 -0.9976500E+05  0.1140091E+01
 -0.9971500E+05  0.1138527E+01
 -0.9966500E+05  0.1136965E+01
 -0.9961500E+05  0.1135406E+01
 -0.9956500E+05  0.1133848E+01
 -0.9951500E+05  0.1132293E+01
 -0.9946500E+05  0.1130740E+01
 -0.9941500E+05  0.1129190E+01
 -0.9936500E+05  0.1127641E+01
 -0.9931500E+05  0.1126095E+01
 -0.9926500E+05  0.1124550E+01
 -0.9921500E+05  0.1123008E+01
 -0.9916500E+05  0.1121469E+01
 -0.9911500E+05  0.1119931E+01
 -0.9906500E+05  0.1118395E+01
 -0.9901500E+05  0.1116862E+01
 -0.9896500E+05  0.1115331E+01
 -0.9891500E+05  0.1113802E+01
 -0.9886500E+05  0.1112275E+01
 -0.9881500E+05  0.1110750E+01
 -0.9876500E+05  0.1109227E+01
 -0.9871500E+05  0.1107707E+01
 -0.9866500E+05  0.1106189E+01
 -0.9861500E+05  0.1104673E+01
 -0.9856500E+05  0.1103158E+01
 -0.9851500E+05  0.1101647E+01
 -0.9846500E+05  0.1100137E+01
 -0.9841500E+05  0.1098629E+01
 -0.9836500E+05  0.1097124E+01
 -0.9831500E+05  0.1095620E+01
 -0.9826500E+05  0.1094119E+01
 -0.9821500E+05  0.1092620E+01
 -0.9816500E+05  0.1091123E+01
 -0.9811500E+05  0.1089628E+01
 -0.9806500E+05  0.1088135E+01
 -0.9801500E+05  0.1086644E+01
 -0.9796500E+05  0.1085155E+01
 -0.9791500E+05  0.1083669E+01
 -0.9786500E+05  0.1082184E+01
 -0.9781500E+05  0.1080702E+01
 -0.9776500E+05  0.1079221E+01
 -0.9771500E+05  0.1077743E+01
 -0.9766500E+05  0.1076267E+01
 -0.9761500E+05  0.1074793E+01
 -0.9756500E+05  0.1073321E+01
 -0.9751500E+05  0.1071851E+01
 -0.9746500E+05  0.1070383E+01
 -0.9741500E+05  0.1068917E+01
 -0.9736500E+05  0.1067453E+01
 -0.9731500E+05  0.1065991E+01
 -0.9726500E+05  0.1064532E+01
 -0.9721500E+05  0.1063074E+01
 -0.9716500E+05  0.1061619E+01
 -0.9711500E+05  0.1060165E+01
 -0.9706500E+05  0.1058713E+01
 -0.9701500E+05  0.1057264E+01
 -0.9696500E+05  0.1055817E+01
 -0.9691500E+05  0.1054371E+01
 -0.9686500E+05  0.1052928E+01
 -0.9681500E+05  0.1051486E+01
 -0.9676500E+05  0.1050047E+01
 -0.9671500E+05  0.1048610E+01
 -0.9666500E+05  0.1047174E+01
 -0.9661500E+05  0.1045741E+01
 -0.9656500E+05  0.1044310E+01
 -0.9651500E+05  0.1042881E+01
 -0.9646500E+05  0.1041453E+01
 -0.9641500E+05  0.1040028E+01
 -0.9636500E+05  0.1038605E+01
 -0.9631500E+05  0.1037183E+01
 -0.9626500E+05  0.1035764E+01
 -0.9621500E+05  0.1034347E+01
 -0.9616500E+05  0.1032932E+01
 -0.9611500E+05  0.1031518E+01
 -0.9606500E+05  0.1030107E+01
 -0.9601500E+05  0.1028698E+01
 -0.9596500E+05  0.1027290E+01
 -0.9591500E+05  0.1025885E+01
 -0.9586500E+05  0.1024481E+01
 -0.9581500E+05  0.1023080E+01
 -0.9576500E+05  0.1021680E+01
 -0.9571500E+05  0.1020283E+01
 -0.9566500E+05  0.1018887E+01
 -0.9561500E+05  0.1017494E+01
 -0.9556500E+05  0.1016102E+01
 -0.9551500E+05  0.1014712E+01
 -0.9546500E+05  0.1013325E+01
 -0.9541500E+05  0.1011939E+01
 -0.9536500E+05  0.1010555E+01
 -0.9531500E+05  0.1009173E+01
 -0.9526500E+05  0.1007793E+01
 -0.9521500E+05  0.1006415E+01
 -0.9516500E+05  0.1005039E+01
 -0.9511500E+05  0.1003665E+01
 -0.9506500E+05  0.1002293E+01
 -0.9501500E+05  0.1000923E+01
 -0.9496500E+05  0.9995547E+00
 -0.9491500E+05  0.9981883E+00
 -0.9486500E+05  0.9968239E+00
 -0.9481500E+05  0.9954614E+00
 -0.9476500E+05  0.9941009E+00
 -0.9471500E+05  0.9927422E+00
 -0.9466500E+05  0.9913855E+00
 -0.9461500E+05  0.9900307E+00
 -0.9456500E+05  0.9886779E+00
 -0.9451500E+05  0.9873269E+00
 -0.9446500E+05  0.9859779E+00
 -0.9441500E+05  0.9846307E+00
 -0.9436500E+05  0.9832855E+00
 -0.9431500E+05  0.9819422E+00
 -0.9426500E+05  0.9806008E+00
 -0.9421500E+05  0.9792614E+00
 -0.9416500E+05  0.9779238E+00
 -0.9411500E+05  0.9765881E+00
 -0.9406500E+05  0.9752543E+00
 -0.9401500E+05  0.9739225E+00
 -0.9396500E+05  0.9725925E+00
 -0.9391500E+05  0.9712644E+00
 -0.9386500E+05  0.9699382E+00
 -0.9381500E+05  0.9686140E+00
 -0.9376500E+05  0.9672916E+00
 -0.9371500E+05  0.9659711E+00
 -0.9366500E+05  0.9646524E+00
 -0.9361500E+05  0.9633357E+00
 -0.9356500E+05  0.9620209E+00
 -0.9351500E+05  0.9607079E+00
 -0.9346500E+05  0.9593968E+00
 -0.9341500E+05  0.9580876E+00
 -0.9336500E+05  0.9567803E+00
 -0.9331500E+05  0.9554749E+00
 -0.9326500E+05  0.9541713E+00
 -0.9321500E+05  0.9528696E+00
 -0.9316500E+05  0.9515698E+00
 -0.9311500E+05  0.9502719E+00
 -0.9306500E+05  0.9489758E+00
 -0.9301500E+05  0.9476816E+00
 -0.9296500E+05  0.9463892E+00
 -0.9291500E+05  0.9450987E+00
 -0.9286500E+05  0.9438101E+00
 -0.9281500E+05  0.9425233E+00
 -0.9276500E+05  0.9412384E+00
 -0.9271500E+05  0.9399554E+00
 -0.9266500E+05  0.9386742E+00
 -0.9261500E+05  0.9373949E+00
 -0.9256500E+05  0.9361174E+00
 -0.9251500E+05  0.9348417E+00
 -0.9246500E+05  0.9335680E+00
 -0.9241500E+05  0.9322960E+00
 -0.9236500E+05  0.9310259E+00
 -0.9231500E+05  0.9297577E+00
 -0.9226500E+05  0.9284912E+00
 -0.9221500E+05  0.9272267E+00
