 -0.1156500E+06  0.1763123E+01
 -0.1156000E+06  0.1760713E+01
 -0.1155500E+06  0.1758305E+01
 -0.1155000E+06  0.1755901E+01
 -0.1154500E+06  0.1753499E+01
 -0.1154000E+06  0.1751101E+01
 -0.1153500E+06  0.1748707E+01
 -0.1153000E+06  0.1746315E+01
 -0.1152500E+06  0.1743927E+01
 -0.1152000E+06  0.1741542E+01
 -0.1151500E+06  0.1739161E+01
 -0.1151000E+06  0.1736782E+01
 -0.1150500E+06  0.1734408E+01
 -0.1150000E+06  0.1732036E+01
 -0.1149500E+06  0.1729668E+01
 -0.1149000E+06  0.1727304E+01
 -0.1148500E+06  0.1724943E+01
 -0.1148000E+06  0.1722585E+01
 -0.1147500E+06  0.1720231E+01
 -0.1147000E+06  0.1717880E+01
 -0.1146500E+06  0.1715532E+01
 -0.1146000E+06  0.1713188E+01
 -0.1145500E+06  0.1710847E+01
 -0.1145000E+06  0.1708510E+01
 -0.1144500E+06  0.1706176E+01
 -0.1144000E+06  0.1703845E+01
 -0.1143500E+06  0.1701518E+01
 -0.1143000E+06  0.1699193E+01
 -0.1142500E+06  0.1696873E+01
 -0.1142000E+06  0.1694555E+01
 -0.1141500E+06  0.1692241E+01
 -0.1141000E+06  0.1689930E+01
 -0.1140500E+06  0.1687622E+01
 -0.1140000E+06  0.1685318E+01
 -0.1139500E+06  0.1683017E+01
 -0.1139000E+06  0.1680718E+01
 -0.1138500E+06  0.1678423E+01
 -0.1138000E+06  0.1676132E+01
 -0.1137500E+06  0.1673843E+01
 -0.1137000E+06  0.1671557E+01
 -0.1136500E+06  0.1669275E+01
 -0.1136000E+06  0.1666995E+01
 -0.1135500E+06  0.1664719E+01
 -0.1135000E+06  0.1662446E+01
 -0.1134500E+06  0.1660175E+01
 -0.1134000E+06  0.1657908E+01
 -0.1133500E+06  0.1655643E+01
 -0.1133000E+06  0.1653382E+01
 -0.1132500E+06  0.1651123E+01
 -0.1132000E+06  0.1648868E+01
 -0.1131500E+06  0.1646615E+01
 -0.1131000E+06  0.1644365E+01
 -0.1130500E+06  0.1642118E+01
 -0.1130000E+06  0.1639874E+01
 -0.1129500E+06  0.1637633E+01
 -0.1129000E+06  0.1635395E+01
 -0.1128500E+06  0.1633159E+01
 -0.1128000E+06  0.1630926E+01
 -0.1127500E+06  0.1628696E+01
 -0.1141500E+06  0.1692241E+01
 -0.1141000E+06  0.1689930E+01
 -0.1140500E+06  0.1687622E+01
 -0.1140000E+06  0.1685318E+01
 -0.1139500E+06  0.1683017E+01
 -0.1139000E+06  0.1680718E+01
 -0.1138500E+06  0.1678423E+01
 -0.1138000E+06  0.1676132E+01
 -0.1137500E+06  0.1673843E+01
 -0.1137000E+06  0.1671557E+01
 -0.1136500E+06  0.1669275E+01
 -0.1136000E+06  0.1666995E+01
 -0.1135500E+06  0.1664719E+01
 -0.1135000E+06  0.1662446E+01
 -0.1134500E+06  0.1660175E+01
 -0.1134000E+06  0.1657908E+01
 -0.1133500E+06  0.1655643E+01
 -0.1133000E+06  0.1653382E+01
 -0.1132500E+06  0.1651123E+01
 -0.1132000E+06  0.1648868E+01
 -0.1131500E+06  0.1646615E+01
 -0.1131000E+06  0.1644365E+01
 -0.1130500E+06  0.1642118E+01
 -0.1130000E+06  0.1639874E+01
 -0.1129500E+06  0.1637633E+01
 -0.1129000E+06  0.1635395E+01
 -0.1128500E+06  0.1633159E+01
 -0.1128000E+06  0.1630926E+01
 -0.1127500E+06  0.1628696E+01
 -0.1127000E+06  0.1626469E+01
 -0.1126500E+06  0.1624245E+01
 -0.1126000E+06  0.1622023E+01
 -0.1125500E+06  0.1619804E+01
 -0.1125000E+06  0.1617588E+01
 -0.1124500E+06  0.1615374E+01
 -0.1124000E+06  0.1613164E+01
 -0.1123500E+06  0.1610956E+01
 -0.1123000E+06  0.1608751E+01
 -0.1122500E+06  0.1606548E+01
 -0.1122000E+06  0.1604348E+01
 -0.1121500E+06  0.1602151E+01
 -0.1121000E+06  0.1599957E+01
 -0.1120500E+06  0.1597765E+01
 -0.1120000E+06  0.1595576E+01
 -0.1119500E+06  0.1593390E+01
 -0.1119000E+06  0.1591206E+01
 -0.1118500E+06  0.1589026E+01
 -0.1118000E+06  0.1586847E+01
 -0.1117500E+06  0.1584672E+01
 -0.1117000E+06  0.1582499E+01
 -0.1116500E+06  0.1580329E+01
 -0.1116000E+06  0.1578162E+01
 -0.1115500E+06  0.1575998E+01
 -0.1115000E+06  0.1573836E+01
 -0.1114500E+06  0.1571677E+01
 -0.1114000E+06  0.1569521E+01
 -0.1113500E+06  0.1567367E+01
 -0.1113000E+06  0.1565217E+01
 -0.1112500E+06  0.1563069E+01
 -0.1112000E+06  0.1560924E+01
 -0.1111500E+06  0.1558781E+01
 -0.1111000E+06  0.1556642E+01
 -0.1110500E+06  0.1554505E+01
 -0.1110000E+06  0.1552371E+01
 -0.1109500E+06  0.1550240E+01
 -0.1109000E+06  0.1548112E+01
 -0.1108500E+06  0.1545986E+01
 -0.1108000E+06  0.1543864E+01
 -0.1107500E+06  0.1541744E+01
 -0.1107000E+06  0.1539627E+01
 -0.1106500E+06  0.1537513E+01
 -0.1106000E+06  0.1535402E+01
 -0.1105500E+06  0.1533294E+01
 -0.1105000E+06  0.1531189E+01
 -0.1104500E+06  0.1529087E+01
 -0.1104000E+06  0.1526987E+01
 -0.1103500E+06  0.1524891E+01
 -0.1103000E+06  0.1522797E+01
 -0.1102500E+06  0.1520707E+01
 -0.1102000E+06  0.1518619E+01
 -0.1101500E+06  0.1516535E+01
 -0.1101000E+06  0.1514453E+01
 -0.1100500E+06  0.1512374E+01
 -0.1100000E+06  0.1510299E+01
 -0.1099500E+06  0.1508226E+01
 -0.1099000E+06  0.1506156E+01
 -0.1098500E+06  0.1504090E+01
 -0.1098000E+06  0.1502026E+01
 -0.1127000E+06  0.1626474E+01
 -0.1126500E+06  0.1624250E+01
 -0.1126000E+06  0.1622028E+01
 -0.1125500E+06  0.1619808E+01
 -0.1125000E+06  0.1617591E+01
 -0.1124500E+06  0.1615378E+01
 -0.1124000E+06  0.1613167E+01
 -0.1123500E+06  0.1610959E+01
 -0.1123000E+06  0.1608754E+01
 -0.1122500E+06  0.1606551E+01
 -0.1122000E+06  0.1604351E+01
 -0.1121500E+06  0.1602155E+01
 -0.1121000E+06  0.1599960E+01
 -0.1120500E+06  0.1597769E+01
 -0.1120000E+06  0.1595580E+01
 -0.1119500E+06  0.1593395E+01
 -0.1119000E+06  0.1591211E+01
 -0.1118500E+06  0.1589032E+01
 -0.1118000E+06  0.1586854E+01
 -0.1117500E+06  0.1584680E+01
 -0.1117000E+06  0.1582508E+01
 -0.1116500E+06  0.1580337E+01
 -0.1116000E+06  0.1578171E+01
 -0.1115500E+06  0.1576008E+01
 -0.1115000E+06  0.1573846E+01
 -0.1114500E+06  0.1571689E+01
 -0.1114000E+06  0.1569533E+01
 -0.1113500E+06  0.1567380E+01
 -0.1113000E+06  0.1565230E+01
 -0.1112500E+06  0.1563083E+01
 -0.1112000E+06  0.1560939E+01
 -0.1111500E+06  0.1558797E+01
 -0.1111000E+06  0.1556657E+01
 -0.1110500E+06  0.1554522E+01
 -0.1110000E+06  0.1552388E+01
 -0.1109500E+06  0.1550259E+01
 -0.1109000E+06  0.1548131E+01
 -0.1108500E+06  0.1546006E+01
 -0.1108000E+06  0.1543883E+01
 -0.1107500E+06  0.1541764E+01
 -0.1107000E+06  0.1539648E+01
 -0.1106500E+06  0.1537535E+01
 -0.1106000E+06  0.1535424E+01
 -0.1105500E+06  0.1533316E+01
 -0.1105000E+06  0.1531210E+01
 -0.1104500E+06  0.1529108E+01
 -0.1104000E+06  0.1527009E+01
 -0.1103500E+06  0.1524913E+01
 -0.1103000E+06  0.1522820E+01
 -0.1102500E+06  0.1520729E+01
 -0.1102000E+06  0.1518641E+01
 -0.1101500E+06  0.1516556E+01
 -0.1101000E+06  0.1514474E+01
 -0.1100500E+06  0.1512396E+01
 -0.1100000E+06  0.1510320E+01
 -0.1099500E+06  0.1508247E+01
 -0.1099000E+06  0.1506176E+01
 -0.1098500E+06  0.1504109E+01
 -0.1098000E+06  0.1502044E+01
 -0.1097500E+06  0.1499983E+01
 -0.1097000E+06  0.1497924E+01
 -0.1096500E+06  0.1495869E+01
 -0.1096000E+06  0.1493816E+01
 -0.1095500E+06  0.1491767E+01
 -0.1095000E+06  0.1489720E+01
 -0.1094500E+06  0.1487675E+01
 -0.1094000E+06  0.1485634E+01
 -0.1093500E+06  0.1483596E+01
 -0.1093000E+06  0.1481562E+01
 -0.1092500E+06  0.1479529E+01
 -0.1092000E+06  0.1477500E+01
 -0.1091500E+06  0.1475473E+01
 -0.1091000E+06  0.1473450E+01
 -0.1090500E+06  0.1471429E+01
 -0.1090000E+06  0.1469412E+01
 -0.1089500E+06  0.1467397E+01
 -0.1089000E+06  0.1465384E+01
 -0.1088500E+06  0.1463375E+01
 -0.1088000E+06  0.1461369E+01
 -0.1087500E+06  0.1459365E+01
 -0.1087000E+06  0.1457364E+01
 -0.1086500E+06  0.1455367E+01
 -0.1086000E+06  0.1453371E+01
 -0.1085500E+06  0.1451379E+01
 -0.1085000E+06  0.1449389E+01
 -0.1084500E+06  0.1447402E+01
 -0.1084000E+06  0.1445418E+01
 -0.1083500E+06  0.1443437E+01
 -0.1083000E+06  0.1441458E+01
 -0.1082500E+06  0.1439482E+01
 -0.1082000E+06  0.1437509E+01
 -0.1081500E+06  0.1435539E+01
 -0.1081000E+06  0.1433571E+01
 -0.1080500E+06  0.1431605E+01
 -0.1080000E+06  0.1429643E+01
 -0.1079500E+06  0.1427682E+01
 -0.1079000E+06  0.1425725E+01
 -0.1078500E+06  0.1423770E+01
 -0.1078000E+06  0.1421818E+01
 -0.1077500E+06  0.1419868E+01
 -0.1077000E+06  0.1417921E+01
 -0.1076500E+06  0.1415976E+01
 -0.1076000E+06  0.1414033E+01
 -0.1075500E+06  0.1412094E+01
 -0.1075000E+06  0.1410157E+01
 -0.1074500E+06  0.1408221E+01
 -0.1074000E+06  0.1406289E+01
 -0.1073500E+06  0.1404360E+01
 -0.1073000E+06  0.1402432E+01
 -0.1072500E+06  0.1400507E+01
 -0.1072000E+06  0.1398585E+01
 -0.1071500E+06  0.1396664E+01
 -0.1071000E+06  0.1394746E+01
 -0.1070500E+06  0.1392831E+01
 -0.1070000E+06  0.1390917E+01
 -0.1069500E+06  0.1389006E+01
 -0.1069000E+06  0.1387098E+01
 -0.1097500E+06  0.1499954E+01
 -0.1097000E+06  0.1497899E+01
 -0.1096500E+06  0.1495845E+01
 -0.1096000E+06  0.1493795E+01
 -0.1095500E+06  0.1491748E+01
 -0.1095000E+06  0.1489704E+01
 -0.1094500E+06  0.1487663E+01
 -0.1094000E+06  0.1485624E+01
 -0.1093500E+06  0.1483589E+01
 -0.1093000E+06  0.1481556E+01
 -0.1092500E+06  0.1479526E+01
 -0.1092000E+06  0.1477499E+01
 -0.1091500E+06  0.1475475E+01
 -0.1091000E+06  0.1473453E+01
 -0.1090500E+06  0.1471434E+01
 -0.1090000E+06  0.1469418E+01
 -0.1089500E+06  0.1467405E+01
 -0.1089000E+06  0.1465394E+01
 -0.1088500E+06  0.1463387E+01
 -0.1088000E+06  0.1461381E+01
 -0.1087500E+06  0.1459379E+01
 -0.1087000E+06  0.1457379E+01
 -0.1086500E+06  0.1455381E+01
 -0.1086000E+06  0.1453387E+01
 -0.1085500E+06  0.1451394E+01
 -0.1085000E+06  0.1449405E+01
 -0.1084500E+06  0.1447418E+01
 -0.1084000E+06  0.1445433E+01
 -0.1083500E+06  0.1443451E+01
 -0.1083000E+06  0.1441472E+01
 -0.1082500E+06  0.1439495E+01
 -0.1082000E+06  0.1437520E+01
 -0.1081500E+06  0.1435549E+01
 -0.1081000E+06  0.1433579E+01
 -0.1080500E+06  0.1431612E+01
 -0.1080000E+06  0.1429648E+01
 -0.1079500E+06  0.1427686E+01
 -0.1079000E+06  0.1425727E+01
 -0.1078500E+06  0.1423770E+01
 -0.1078000E+06  0.1421816E+01
 -0.1077500E+06  0.1419863E+01
 -0.1077000E+06  0.1417914E+01
 -0.1076500E+06  0.1415967E+01
 -0.1076000E+06  0.1414022E+01
 -0.1075500E+06  0.1412080E+01
 -0.1075000E+06  0.1410141E+01
 -0.1074500E+06  0.1408204E+01
 -0.1074000E+06  0.1406269E+01
 -0.1073500E+06  0.1404337E+01
 -0.1073000E+06  0.1402407E+01
 -0.1072500E+06  0.1400480E+01
 -0.1072000E+06  0.1398555E+01
 -0.1071500E+06  0.1396633E+01
 -0.1071000E+06  0.1394713E+01
 -0.1070500E+06  0.1392796E+01
 -0.1070000E+06  0.1390881E+01
 -0.1069500E+06  0.1388969E+01
 -0.1069000E+06  0.1387060E+01
 -0.1068500E+06  0.1385152E+01
 -0.1068000E+06  0.1383248E+01
 -0.1067500E+06  0.1381346E+01
 -0.1067000E+06  0.1379446E+01
 -0.1066500E+06  0.1377549E+01
 -0.1066000E+06  0.1375655E+01
 -0.1065500E+06  0.1373763E+01
 -0.1065000E+06  0.1371873E+01
 -0.1064500E+06  0.1369987E+01
 -0.1064000E+06  0.1368103E+01
 -0.1063500E+06  0.1366221E+01
 -0.1063000E+06  0.1364342E+01
 -0.1062500E+06  0.1362466E+01
 -0.1062000E+06  0.1360592E+01
 -0.1061500E+06  0.1358721E+01
 -0.1061000E+06  0.1356852E+01
 -0.1060500E+06  0.1354986E+01
 -0.1060000E+06  0.1353123E+01
 -0.1059500E+06  0.1351262E+01
 -0.1059000E+06  0.1349404E+01
 -0.1058500E+06  0.1347548E+01
 -0.1058000E+06  0.1345696E+01
 -0.1057500E+06  0.1343845E+01
 -0.1057000E+06  0.1341998E+01
 -0.1056500E+06  0.1340153E+01
 -0.1056000E+06  0.1338311E+01
 -0.1055500E+06  0.1336471E+01
 -0.1055000E+06  0.1334634E+01
 -0.1054500E+06  0.1332800E+01
 -0.1054000E+06  0.1330968E+01
 -0.1053500E+06  0.1329139E+01
 -0.1053000E+06  0.1327313E+01
 -0.1052500E+06  0.1325489E+01
 -0.1052000E+06  0.1323668E+01
 -0.1051500E+06  0.1321850E+01
 -0.1051000E+06  0.1320034E+01
 -0.1050500E+06  0.1318221E+01
 -0.1050000E+06  0.1316411E+01
 -0.1049500E+06  0.1314603E+01
 -0.1049000E+06  0.1312797E+01
 -0.1048500E+06  0.1310995E+01
 -0.1048000E+06  0.1309195E+01
 -0.1047500E+06  0.1307398E+01
 -0.1047000E+06  0.1305603E+01
 -0.1046500E+06  0.1303811E+01
 -0.1046000E+06  0.1302022E+01
 -0.1045500E+06  0.1300235E+01
 -0.1045000E+06  0.1298451E+01
 -0.1044500E+06  0.1296669E+01
 -0.1044000E+06  0.1294890E+01
 -0.1043500E+06  0.1293114E+01
 -0.1043000E+06  0.1291340E+01
 -0.1042500E+06  0.1289569E+01
 -0.1042000E+06  0.1287800E+01
 -0.1041500E+06  0.1286034E+01
 -0.1041000E+06  0.1284270E+01
 -0.1040500E+06  0.1282509E+01
 -0.1040000E+06  0.1280750E+01
 -0.1039500E+06  0.1278994E+01
 -0.1039000E+06  0.1277240E+01
 -0.1038500E+06  0.1275489E+01
 -0.1038000E+06  0.1273740E+01
 -0.1037500E+06  0.1271994E+01
 -0.1037000E+06  0.1270250E+01
 -0.1036500E+06  0.1268508E+01
 -0.1036000E+06  0.1266769E+01
 -0.1035500E+06  0.1265033E+01
 -0.1035000E+06  0.1263299E+01
 -0.1034500E+06  0.1261566E+01
 -0.1034000E+06  0.1259837E+01
 -0.1033500E+06  0.1258110E+01
 -0.1033000E+06  0.1256385E+01
 -0.1032500E+06  0.1254662E+01
 -0.1032000E+06  0.1252942E+01
 -0.1031500E+06  0.1251224E+01
 -0.1031000E+06  0.1249509E+01
 -0.1030500E+06  0.1247795E+01
 -0.1030000E+06  0.1246085E+01
 -0.1029500E+06  0.1244376E+01
 -0.1029000E+06  0.1242669E+01
 -0.1028500E+06  0.1240965E+01
 -0.1028000E+06  0.1239263E+01
 -0.1027500E+06  0.1237563E+01
 -0.1027000E+06  0.1235865E+01
 -0.1026500E+06  0.1234170E+01
 -0.1026000E+06  0.1232476E+01
 -0.1025500E+06  0.1230785E+01
 -0.1025000E+06  0.1229096E+01
 -0.1068500E+06  0.1385123E+01
 -0.1068000E+06  0.1383219E+01
 -0.1067500E+06  0.1381317E+01
 -0.1067000E+06  0.1379418E+01
 -0.1066500E+06  0.1377522E+01
 -0.1066000E+06  0.1375628E+01
 -0.1065500E+06  0.1373737E+01
 -0.1065000E+06  0.1371849E+01
 -0.1064500E+06  0.1369964E+01
 -0.1064000E+06  0.1368081E+01
 -0.1063500E+06  0.1366201E+01
 -0.1063000E+06  0.1364323E+01
 -0.1062500E+06  0.1362449E+01
 -0.1062000E+06  0.1360577E+01
 -0.1061500E+06  0.1358708E+01
 -0.1061000E+06  0.1356841E+01
 -0.1060500E+06  0.1354977E+01
 -0.1060000E+06  0.1353116E+01
 -0.1059500E+06  0.1351257E+01
 -0.1059000E+06  0.1349401E+01
 -0.1058500E+06  0.1347548E+01
 -0.1058000E+06  0.1345697E+01
 -0.1057500E+06  0.1343849E+01
 -0.1057000E+06  0.1342004E+01
 -0.1056500E+06  0.1340161E+01
 -0.1056000E+06  0.1338321E+01
 -0.1055500E+06  0.1336483E+01
 -0.1055000E+06  0.1334648E+01
 -0.1054500E+06  0.1332816E+01
 -0.1054000E+06  0.1330986E+01
 -0.1053500E+06  0.1329159E+01
 -0.1053000E+06  0.1327334E+01
 -0.1052500E+06  0.1325512E+01
 -0.1052000E+06  0.1323693E+01
 -0.1051500E+06  0.1321876E+01
 -0.1051000E+06  0.1320061E+01
 -0.1050500E+06  0.1318249E+01
 -0.1050000E+06  0.1316440E+01
 -0.1049500E+06  0.1314633E+01
 -0.1049000E+06  0.1312829E+01
 -0.1048500E+06  0.1311027E+01
 -0.1048000E+06  0.1309227E+01
 -0.1047500E+06  0.1307430E+01
 -0.1047000E+06  0.1305636E+01
 -0.1046500E+06  0.1303844E+01
 -0.1046000E+06  0.1302055E+01
 -0.1045500E+06  0.1300268E+01
 -0.1045000E+06  0.1298483E+01
 -0.1044500E+06  0.1296701E+01
 -0.1044000E+06  0.1294921E+01
 -0.1043500E+06  0.1293144E+01
 -0.1043000E+06  0.1291369E+01
 -0.1042500E+06  0.1289597E+01
 -0.1042000E+06  0.1287827E+01
 -0.1041500E+06  0.1286059E+01
 -0.1041000E+06  0.1284294E+01
 -0.1040500E+06  0.1282531E+01
 -0.1040000E+06  0.1280771E+01
 -0.1039500E+06  0.1279013E+01
 -0.1039000E+06  0.1277258E+01
 -0.1038500E+06  0.1275504E+01
 -0.1038000E+06  0.1273754E+01
 -0.1037500E+06  0.1272005E+01
 -0.1037000E+06  0.1270259E+01
 -0.1036500E+06  0.1268516E+01
 -0.1036000E+06  0.1266774E+01
 -0.1035500E+06  0.1265035E+01
 -0.1035000E+06  0.1263299E+01
 -0.1034500E+06  0.1261564E+01
 -0.1034000E+06  0.1259833E+01
 -0.1033500E+06  0.1258103E+01
 -0.1033000E+06  0.1256376E+01
 -0.1032500E+06  0.1254651E+01
 -0.1032000E+06  0.1252929E+01
 -0.1031500E+06  0.1251208E+01
 -0.1031000E+06  0.1249490E+01
 -0.1030500E+06  0.1247775E+01
 -0.1030000E+06  0.1246062E+01
 -0.1029500E+06  0.1244351E+01
 -0.1029000E+06  0.1242642E+01
 -0.1028500E+06  0.1240936E+01
 -0.1028000E+06  0.1239232E+01
 -0.1027500E+06  0.1237531E+01
 -0.1027000E+06  0.1235831E+01
 -0.1026500E+06  0.1234135E+01
 -0.1026000E+06  0.1232440E+01
 -0.1025500E+06  0.1230748E+01
 -0.1025000E+06  0.1229058E+01
 -0.1024500E+06  0.1227370E+01
 -0.1024000E+06  0.1225684E+01
 -0.1023500E+06  0.1224001E+01
 -0.1023000E+06  0.1222321E+01
 -0.1022500E+06  0.1220642E+01
 -0.1022000E+06  0.1218966E+01
 -0.1021500E+06  0.1217292E+01
 -0.1021000E+06  0.1215620E+01
 -0.1020500E+06  0.1213951E+01
 -0.1020000E+06  0.1212284E+01
 -0.1019500E+06  0.1210619E+01
 -0.1019000E+06  0.1208957E+01
 -0.1018500E+06  0.1207297E+01
 -0.1018000E+06  0.1205639E+01
 -0.1017500E+06  0.1203983E+01
 -0.1017000E+06  0.1202330E+01
 -0.1016500E+06  0.1200679E+01
 -0.1016000E+06  0.1199030E+01
 -0.1015500E+06  0.1197384E+01
 -0.1015000E+06  0.1195740E+01
 -0.1014500E+06  0.1194098E+01
 -0.1014000E+06  0.1192458E+01
 -0.1013500E+06  0.1190821E+01
 -0.1013000E+06  0.1189186E+01
 -0.1012500E+06  0.1187553E+01
 -0.1012000E+06  0.1185923E+01
 -0.1011500E+06  0.1184295E+01
 -0.1011000E+06  0.1182669E+01
 -0.1010500E+06  0.1181045E+01
 -0.1010000E+06  0.1179424E+01
 -0.1009500E+06  0.1177805E+01
 -0.1009000E+06  0.1176188E+01
 -0.1008500E+06  0.1174573E+01
 -0.1008000E+06  0.1172961E+01
 -0.1007500E+06  0.1171351E+01
 -0.1007000E+06  0.1169743E+01
 -0.1006500E+06  0.1168137E+01
 -0.1006000E+06  0.1166534E+01
 -0.1005500E+06  0.1164933E+01
 -0.1005000E+06  0.1163334E+01
 -0.1004500E+06  0.1161738E+01
 -0.1004000E+06  0.1160144E+01
 -0.1003500E+06  0.1158552E+01
 -0.1003000E+06  0.1156962E+01
 -0.1002500E+06  0.1155374E+01
 -0.1002000E+06  0.1153789E+01
 -0.1001500E+06  0.1152206E+01
 -0.1001000E+06  0.1150625E+01
 -0.1000500E+06  0.1149046E+01
 -0.1000000E+06  0.1147470E+01
 -0.9995000E+05  0.1145896E+01
 -0.9990000E+05  0.1144324E+01
 -0.9985000E+05  0.1142754E+01
 -0.9980000E+05  0.1141186E+01
 -0.9975000E+05  0.1139621E+01
 -0.9970000E+05  0.1138058E+01
 -0.9965000E+05  0.1136497E+01
 -0.9960000E+05  0.1134938E+01
 -0.9955000E+05  0.1133382E+01
 -0.9950000E+05  0.1131828E+01
 -0.9945000E+05  0.1130275E+01
 -0.9940000E+05  0.1128726E+01
 -0.9935000E+05  0.1127178E+01
 -0.9930000E+05  0.1125632E+01
 -0.9925000E+05  0.1124089E+01
 -0.9920000E+05  0.1122548E+01
 -0.9915000E+05  0.1121009E+01
 -0.9910000E+05  0.1119472E+01
 -0.9905000E+05  0.1117937E+01
 -0.9900000E+05  0.1116405E+01
 -0.9895000E+05  0.1114874E+01
 -0.9890000E+05  0.1113346E+01
 -0.9885000E+05  0.1111820E+01
 -0.9880000E+05  0.1110296E+01
 -0.9875000E+05  0.1108774E+01
 -0.9870000E+05  0.1107254E+01
 -0.9865000E+05  0.1105737E+01
 -0.9860000E+05  0.1104222E+01
 -0.9855000E+05  0.1102708E+01
 -0.9850000E+05  0.1101197E+01
 -0.9845000E+05  0.1099688E+01
 -0.9840000E+05  0.1098181E+01
 -0.9835000E+05  0.1096676E+01
 -0.9830000E+05  0.1095174E+01
 -0.9825000E+05  0.1093673E+01
 -0.9820000E+05  0.1092175E+01
 -0.9815000E+05  0.1090678E+01
 -0.9810000E+05  0.1089184E+01
 -0.1024500E+06  0.1227385E+01
 -0.1024000E+06  0.1225699E+01
 -0.1023500E+06  0.1224016E+01
 -0.1023000E+06  0.1222335E+01
 -0.1022500E+06  0.1220656E+01
 -0.1022000E+06  0.1218980E+01
 -0.1021500E+06  0.1217306E+01
 -0.1021000E+06  0.1215634E+01
 -0.1020500E+06  0.1213965E+01
 -0.1020000E+06  0.1212297E+01
 -0.1019500E+06  0.1210632E+01
 -0.1019000E+06  0.1208970E+01
 -0.1018500E+06  0.1207309E+01
 -0.1018000E+06  0.1205651E+01
 -0.1017500E+06  0.1203995E+01
 -0.1017000E+06  0.1202341E+01
 -0.1016500E+06  0.1200690E+01
 -0.1016000E+06  0.1199041E+01
 -0.1015500E+06  0.1197394E+01
 -0.1015000E+06  0.1195749E+01
 -0.1014500E+06  0.1194107E+01
 -0.1014000E+06  0.1192467E+01
 -0.1013500E+06  0.1190829E+01
 -0.1013000E+06  0.1189194E+01
 -0.1012500E+06  0.1187561E+01
 -0.1012000E+06  0.1185930E+01
 -0.1011500E+06  0.1184301E+01
 -0.1011000E+06  0.1182675E+01
 -0.1010500E+06  0.1181051E+01
 -0.1010000E+06  0.1179429E+01
 -0.1009500E+06  0.1177809E+01
 -0.1009000E+06  0.1176192E+01
 -0.1008500E+06  0.1174577E+01
 -0.1008000E+06  0.1172964E+01
 -0.1007500E+06  0.1171353E+01
 -0.1007000E+06  0.1169745E+01
 -0.1006500E+06  0.1168139E+01
 -0.1006000E+06  0.1166535E+01
 -0.1005500E+06  0.1164934E+01
 -0.1005000E+06  0.1163334E+01
 -0.1004500E+06  0.1161737E+01
 -0.1004000E+06  0.1160143E+01
 -0.1003500E+06  0.1158550E+01
 -0.1003000E+06  0.1156960E+01
 -0.1002500E+06  0.1155372E+01
 -0.1002000E+06  0.1153786E+01
 -0.1001500E+06  0.1152202E+01
 -0.1001000E+06  0.1150621E+01
 -0.1000500E+06  0.1149042E+01
 -0.1000000E+06  0.1147465E+01
 -0.9995000E+05  0.1145891E+01
 -0.9990000E+05  0.1144318E+01
 -0.9985000E+05  0.1142748E+01
 -0.9980000E+05  0.1141180E+01
 -0.9975000E+05  0.1139615E+01
 -0.9970000E+05  0.1138051E+01
 -0.9965000E+05  0.1136490E+01
 -0.9960000E+05  0.1134931E+01
 -0.9955000E+05  0.1133374E+01
 -0.9950000E+05  0.1131819E+01
 -0.9945000E+05  0.1130267E+01
 -0.9940000E+05  0.1128717E+01
 -0.9935000E+05  0.1127169E+01
 -0.9930000E+05  0.1125623E+01
 -0.9925000E+05  0.1124079E+01
 -0.9920000E+05  0.1122538E+01
 -0.9915000E+05  0.1120999E+01
 -0.9910000E+05  0.1119462E+01
 -0.9905000E+05  0.1117927E+01
 -0.9900000E+05  0.1116394E+01
 -0.9895000E+05  0.1114864E+01
 -0.9890000E+05  0.1113335E+01
 -0.9885000E+05  0.1111809E+01
 -0.9880000E+05  0.1110285E+01
 -0.9875000E+05  0.1108763E+01
 -0.9870000E+05  0.1107243E+01
 -0.9865000E+05  0.1105726E+01
 -0.9860000E+05  0.1104211E+01
 -0.9855000E+05  0.1102697E+01
 -0.9850000E+05  0.1101186E+01
 -0.9845000E+05  0.1099677E+01
 -0.9840000E+05  0.1098170E+01
 -0.9835000E+05  0.1096666E+01
 -0.9830000E+05  0.1095163E+01
 -0.9825000E+05  0.1093663E+01
 -0.9820000E+05  0.1092164E+01
 -0.9815000E+05  0.1090668E+01
 -0.9810000E+05  0.1089174E+01
 -0.9805000E+05  0.1087682E+01
 -0.9800000E+05  0.1086192E+01
 -0.9795000E+05  0.1084704E+01
 -0.9790000E+05  0.1083218E+01
 -0.9785000E+05  0.1081735E+01
 -0.9780000E+05  0.1080253E+01
 -0.9775000E+05  0.1078774E+01
 -0.9770000E+05  0.1077297E+01
 -0.9765000E+05  0.1075821E+01
 -0.9760000E+05  0.1074348E+01
 -0.9755000E+05  0.1072877E+01
 -0.9750000E+05  0.1071408E+01
 -0.9745000E+05  0.1069941E+01
 -0.9740000E+05  0.1068476E+01
 -0.9735000E+05  0.1067013E+01
 -0.9730000E+05  0.1065552E+01
 -0.9725000E+05  0.1064093E+01
 -0.9720000E+05  0.1062637E+01
 -0.9715000E+05  0.1061182E+01
 -0.9710000E+05  0.1059729E+01
 -0.9705000E+05  0.1058279E+01
 -0.9700000E+05  0.1056830E+01
 -0.9695000E+05  0.1055383E+01
 -0.9690000E+05  0.1053939E+01
 -0.9685000E+05  0.1052496E+01
 -0.9680000E+05  0.1051056E+01
 -0.9675000E+05  0.1049617E+01
 -0.9670000E+05  0.1048181E+01
 -0.9665000E+05  0.1046746E+01
 -0.9660000E+05  0.1045314E+01
 -0.9655000E+05  0.1043883E+01
 -0.9650000E+05  0.1042455E+01
 -0.9645000E+05  0.1041028E+01
 -0.9640000E+05  0.1039604E+01
 -0.9635000E+05  0.1038181E+01
 -0.9630000E+05  0.1036761E+01
 -0.9625000E+05  0.1035342E+01
 -0.9620000E+05  0.1033926E+01
 -0.9615000E+05  0.1032511E+01
 -0.9610000E+05  0.1031099E+01
 -0.9605000E+05  0.1029688E+01
 -0.9600000E+05  0.1028279E+01
 -0.9595000E+05  0.1026873E+01
 -0.9590000E+05  0.1025468E+01
 -0.9585000E+05  0.1024065E+01
 -0.9580000E+05  0.1022664E+01
 -0.9575000E+05  0.1021265E+01
 -0.9570000E+05  0.1019869E+01
 -0.9565000E+05  0.1018474E+01
 -0.9560000E+05  0.1017081E+01
 -0.9555000E+05  0.1015690E+01
 -0.9550000E+05  0.1014301E+01
 -0.9545000E+05  0.1012913E+01
 -0.9540000E+05  0.1011528E+01
 -0.9535000E+05  0.1010145E+01
 -0.9530000E+05  0.1008764E+01
 -0.9525000E+05  0.1007384E+01
 -0.9520000E+05  0.1006007E+01
 -0.9515000E+05  0.1004631E+01
 -0.9510000E+05  0.1003258E+01
 -0.9505000E+05  0.1001886E+01
 -0.9500000E+05  0.1000516E+01
 -0.9495000E+05  0.9991483E+00
 -0.9490000E+05  0.9977824E+00
 -0.9485000E+05  0.9964185E+00
 -0.9480000E+05  0.9950564E+00
 -0.9475000E+05  0.9936963E+00
 -0.9470000E+05  0.9923381E+00
 -0.9465000E+05  0.9909818E+00
 -0.9460000E+05  0.9896274E+00
 -0.9455000E+05  0.9882749E+00
 -0.9450000E+05  0.9869244E+00
 -0.9445000E+05  0.9855757E+00
 -0.9440000E+05  0.9842290E+00
 -0.9435000E+05  0.9828841E+00
 -0.9430000E+05  0.9815412E+00
 -0.9425000E+05  0.9802002E+00
 -0.9420000E+05  0.9788610E+00
 -0.9415000E+05  0.9775238E+00
 -0.9410000E+05  0.9761885E+00
 -0.9405000E+05  0.9748551E+00
 -0.9400000E+05  0.9735236E+00
 -0.9395000E+05  0.9721939E+00
 -0.9390000E+05  0.9708662E+00
 -0.9385000E+05  0.9695404E+00
 -0.9380000E+05  0.9682165E+00
 -0.9375000E+05  0.9668944E+00
 -0.9370000E+05  0.9655742E+00
 -0.9365000E+05  0.9642560E+00
 -0.9360000E+05  0.9629396E+00
 -0.9355000E+05  0.9616251E+00
 -0.9350000E+05  0.9603125E+00
 -0.9345000E+05  0.9590018E+00
 -0.9340000E+05  0.9576930E+00
 -0.9335000E+05  0.9563860E+00
 -0.9330000E+05  0.9550810E+00
 -0.9325000E+05  0.9537778E+00
 -0.9320000E+05  0.9524765E+00
 -0.9315000E+05  0.9511770E+00
 -0.9310000E+05  0.9498795E+00
 -0.9305000E+05  0.9485838E+00
 -0.9300000E+05  0.9472900E+00
 -0.9295000E+05  0.9459981E+00
 -0.9290000E+05  0.9447080E+00
 -0.9285000E+05  0.9434198E+00
 -0.9280000E+05  0.9421335E+00
 -0.9275000E+05  0.9408491E+00
 -0.9270000E+05  0.9395665E+00
 -0.9265000E+05  0.9382858E+00
 -0.9260000E+05  0.9370069E+00
 -0.9255000E+05  0.9357299E+00
 -0.9250000E+05  0.9344548E+00
 -0.9245000E+05  0.9331815E+00
 -0.9240000E+05  0.9319101E+00
 -0.9235000E+05  0.9306406E+00
 -0.9230000E+05  0.9293729E+00
 -0.9225000E+05  0.9281070E+00
 -0.9805000E+05  0.1087682E+01
 -0.9800000E+05  0.1086192E+01
 -0.9795000E+05  0.1084704E+01
 -0.9790000E+05  0.1083218E+01
 -0.9785000E+05  0.1081735E+01
 -0.9780000E+05  0.1080253E+01
 -0.9775000E+05  0.1078774E+01
 -0.9770000E+05  0.1077297E+01
 -0.9765000E+05  0.1075821E+01
 -0.9760000E+05  0.1074348E+01
 -0.9755000E+05  0.1072877E+01
 -0.9750000E+05  0.1071408E+01
 -0.9745000E+05  0.1069941E+01
 -0.9740000E+05  0.1068476E+01
 -0.9735000E+05  0.1067013E+01
 -0.9730000E+05  0.1065552E+01
 -0.9725000E+05  0.1064093E+01
 -0.9720000E+05  0.1062637E+01
 -0.9715000E+05  0.1061182E+01
 -0.9710000E+05  0.1059729E+01
 -0.9705000E+05  0.1058279E+01
 -0.9700000E+05  0.1056830E+01
 -0.9695000E+05  0.1055383E+01
 -0.9690000E+05  0.1053939E+01
 -0.9685000E+05  0.1052496E+01
 -0.9680000E+05  0.1051056E+01
 -0.9675000E+05  0.1049617E+01
 -0.9670000E+05  0.1048181E+01
 -0.9665000E+05  0.1046746E+01
 -0.9660000E+05  0.1045314E+01
 -0.9655000E+05  0.1043883E+01
 -0.9650000E+05  0.1042455E+01
 -0.9645000E+05  0.1041028E+01
 -0.9640000E+05  0.1039604E+01
 -0.9635000E+05  0.1038181E+01
 -0.9630000E+05  0.1036761E+01
 -0.9625000E+05  0.1035342E+01
 -0.9620000E+05  0.1033926E+01
 -0.9615000E+05  0.1032511E+01
 -0.9610000E+05  0.1031099E+01
 -0.9605000E+05  0.1029688E+01
 -0.9600000E+05  0.1028279E+01
 -0.9595000E+05  0.1026873E+01
 -0.9590000E+05  0.1025468E+01
 -0.9585000E+05  0.1024065E+01
 -0.9580000E+05  0.1022664E+01
 -0.9575000E+05  0.1021265E+01
 -0.9570000E+05  0.1019869E+01
 -0.9565000E+05  0.1018474E+01
 -0.9560000E+05  0.1017081E+01
 -0.9555000E+05  0.1015690E+01
 -0.9550000E+05  0.1014301E+01
 -0.9545000E+05  0.1012913E+01
 -0.9540000E+05  0.1011528E+01
 -0.9535000E+05  0.1010145E+01
 -0.9530000E+05  0.1008764E+01
 -0.9525000E+05  0.1007384E+01
 -0.9520000E+05  0.1006007E+01
 -0.9515000E+05  0.1004631E+01
 -0.9510000E+05  0.1003258E+01
 -0.9505000E+05  0.1001886E+01
 -0.9500000E+05  0.1000516E+01
 -0.9495000E+05  0.9991483E+00
 -0.9490000E+05  0.9977824E+00
 -0.9485000E+05  0.9964185E+00
 -0.9480000E+05  0.9950564E+00
 -0.9475000E+05  0.9936963E+00
 -0.9470000E+05  0.9923381E+00
 -0.9465000E+05  0.9909818E+00
 -0.9460000E+05  0.9896274E+00
 -0.9455000E+05  0.9882749E+00
 -0.9450000E+05  0.9869244E+00
 -0.9445000E+05  0.9855757E+00
 -0.9440000E+05  0.9842290E+00
 -0.9435000E+05  0.9828841E+00
 -0.9430000E+05  0.9815412E+00
 -0.9425000E+05  0.9802002E+00
 -0.9420000E+05  0.9788610E+00
 -0.9415000E+05  0.9775238E+00
 -0.9410000E+05  0.9761885E+00
 -0.9405000E+05  0.9748551E+00
 -0.9400000E+05  0.9735236E+00
 -0.9395000E+05  0.9721939E+00
 -0.9390000E+05  0.9708662E+00
 -0.9385000E+05  0.9695404E+00
 -0.9380000E+05  0.9682165E+00
 -0.9375000E+05  0.9668944E+00
 -0.9370000E+05  0.9655742E+00
 -0.9365000E+05  0.9642560E+00
 -0.9360000E+05  0.9629396E+00
 -0.9355000E+05  0.9616251E+00
 -0.9350000E+05  0.9603125E+00
 -0.9345000E+05  0.9590018E+00
 -0.9340000E+05  0.9576930E+00
 -0.9335000E+05  0.9563860E+00
 -0.9330000E+05  0.9550810E+00
 -0.9325000E+05  0.9537778E+00
 -0.9320000E+05  0.9524765E+00
 -0.9315000E+05  0.9511770E+00
 -0.9310000E+05  0.9498795E+00
 -0.9305000E+05  0.9485838E+00
 -0.9300000E+05  0.9472900E+00
 -0.9295000E+05  0.9459981E+00
 -0.9290000E+05  0.9447080E+00
 -0.9285000E+05  0.9434198E+00
 -0.9280000E+05  0.9421335E+00
 -0.9275000E+05  0.9408491E+00
 -0.9270000E+05  0.9395665E+00
 -0.9265000E+05  0.9382858E+00
 -0.9260000E+05  0.9370069E+00
 -0.9255000E+05  0.9357299E+00
 -0.9250000E+05  0.9344548E+00
 -0.9245000E+05  0.9331815E+00
 -0.9240000E+05  0.9319101E+00
 -0.9235000E+05  0.9306406E+00
 -0.9230000E+05  0.9293729E+00
 -0.9225000E+05  0.9281070E+00
 -0.9220000E+05  0.9268430E+00
 -0.9215000E+05  0.9255808E+00
 -0.9210000E+05  0.9243205E+00
 -0.9205000E+05  0.9230621E+00
 -0.9200000E+05  0.9218054E+00
 -0.9195000E+05  0.9205507E+00
 -0.9190000E+05  0.9192977E+00
 -0.9185000E+05  0.9180466E+00
 -0.9180000E+05  0.9167973E+00
 -0.9175000E+05  0.9155499E+00
 -0.9170000E+05  0.9143043E+00
 -0.9165000E+05  0.9130605E+00
 -0.9160000E+05  0.9118185E+00
 -0.9155000E+05  0.9105784E+00
 -0.9150000E+05  0.9093401E+00
 -0.9145000E+05  0.9081036E+00
 -0.9140000E+05  0.9068689E+00
 -0.9135000E+05  0.9056360E+00
 -0.9130000E+05  0.9044050E+00
 -0.9125000E+05  0.9031757E+00
 -0.9120000E+05  0.9019483E+00
 -0.9115000E+05  0.9007226E+00
 -0.9110000E+05  0.8994988E+00
 -0.9105000E+05  0.8982768E+00
 -0.9100000E+05  0.8970565E+00
 -0.9095000E+05  0.8958380E+00
 -0.9090000E+05  0.8946214E+00
 -0.9085000E+05  0.8934065E+00
 -0.9080000E+05  0.8921934E+00
 -0.9075000E+05  0.8909820E+00
 -0.9070000E+05  0.8897725E+00
 -0.9065000E+05  0.8885647E+00
 -0.9060000E+05  0.8873587E+00
 -0.9055000E+05  0.8861545E+00
 -0.9050000E+05  0.8849520E+00
 -0.9045000E+05  0.8837513E+00
 -0.9040000E+05  0.8825524E+00
 -0.9035000E+05  0.8813552E+00
 -0.9030000E+05  0.8801597E+00
 -0.9025000E+05  0.8789660E+00
 -0.9020000E+05  0.8777741E+00
 -0.9015000E+05  0.8765839E+00
 -0.9010000E+05  0.8753955E+00
 -0.9005000E+05  0.8742087E+00
 -0.9000000E+05  0.8730238E+00
 -0.8995000E+05  0.8718405E+00
 -0.8990000E+05  0.8706590E+00
 -0.8985000E+05  0.8694792E+00
 -0.8980000E+05  0.8683011E+00
 -0.8975000E+05  0.8671248E+00
 -0.8970000E+05  0.8659502E+00
 -0.8965000E+05  0.8647773E+00
 -0.8960000E+05  0.8636061E+00
 -0.8955000E+05  0.8624366E+00
 -0.8950000E+05  0.8612689E+00
 -0.8945000E+05  0.8601028E+00
 -0.8940000E+05  0.8589385E+00
 -0.8935000E+05  0.8577759E+00
 -0.8930000E+05  0.8566149E+00
 -0.8925000E+05  0.8554557E+00
 -0.8920000E+05  0.8542982E+00
 -0.8915000E+05  0.8531424E+00
 -0.8910000E+05  0.8519883E+00
 -0.8905000E+05  0.8508359E+00
 -0.8900000E+05  0.8496852E+00
 -0.8895000E+05  0.8485362E+00
 -0.8890000E+05  0.8473889E+00
 -0.8885000E+05  0.8462433E+00
 -0.8880000E+05  0.8450994E+00
 -0.8875000E+05  0.8439572E+00
 -0.8870000E+05  0.8428167E+00
 -0.8865000E+05  0.8416779E+00
 -0.8860000E+05  0.8405409E+00
 -0.8855000E+05  0.8394055E+00
 -0.8850000E+05  0.8382719E+00
 -0.8845000E+05  0.8371400E+00
 -0.8840000E+05  0.8360098E+00
 -0.8835000E+05  0.8348813E+00
 -0.8830000E+05  0.8337546E+00
 -0.8825000E+05  0.8326296E+00
 -0.8820000E+05  0.8315063E+00
 -0.8815000E+05  0.8303848E+00
 -0.8810000E+05  0.8292651E+00
 -0.8805000E+05  0.8281471E+00
 -0.8800000E+05  0.8270308E+00
 -0.8795000E+05  0.8259164E+00
 -0.8790000E+05  0.8248037E+00
 -0.8785000E+05  0.8236928E+00
 -0.8780000E+05  0.8225838E+00
 -0.8775000E+05  0.8214765E+00
 -0.8770000E+05  0.8203711E+00
 -0.8765000E+05  0.8192675E+00
 -0.8760000E+05  0.8181658E+00
 -0.8755000E+05  0.8170659E+00
 -0.8750000E+05  0.8159679E+00
 -0.8745000E+05  0.8148718E+00
 -0.8740000E+05  0.8137776E+00
 -0.8735000E+05  0.8126854E+00
 -0.8730000E+05  0.8115951E+00
 -0.8725000E+05  0.8105067E+00
 -0.8720000E+05  0.8094203E+00
 -0.8715000E+05  0.8083360E+00
 -0.8710000E+05  0.8072536E+00
 -0.8705000E+05  0.8061734E+00
 -0.8700000E+05  0.8050952E+00
 -0.8695000E+05  0.8040190E+00
 -0.8690000E+05  0.8029450E+00
 -0.8685000E+05  0.8018732E+00
 -0.8680000E+05  0.8008036E+00
 -0.8675000E+05  0.7997361E+00
 -0.8670000E+05  0.7986709E+00
 -0.8665000E+05  0.7976080E+00
 -0.8660000E+05  0.7965474E+00
 -0.8655000E+05  0.7954891E+00
 -0.8650000E+05  0.7944332E+00
 -0.8645000E+05  0.7933797E+00
 -0.8640000E+05  0.7923287E+00
 -0.8635000E+05  0.7912801E+00
