 -0.9807000E+05  0.1088284E+01
 -0.9802000E+05  0.1086793E+01
 -0.9797000E+05  0.1085304E+01
 -0.9792000E+05  0.1083817E+01
 -0.9787000E+05  0.1082332E+01
 -0.9782000E+05  0.1080850E+01
 -0.9777000E+05  0.1079369E+01
 -0.9772000E+05  0.1077891E+01
 -0.9767000E+05  0.1076414E+01
 -0.9762000E+05  0.1074940E+01
 -0.9757000E+05  0.1073468E+01
 -0.9752000E+05  0.1071998E+01
 -0.9747000E+05  0.1070530E+01
 -0.9742000E+05  0.1069064E+01
 -0.9737000E+05  0.1067600E+01
 -0.9732000E+05  0.1066138E+01
 -0.9727000E+05  0.1064678E+01
 -0.9722000E+05  0.1063220E+01
 -0.9717000E+05  0.1061764E+01
 -0.9712000E+05  0.1060310E+01
 -0.9707000E+05  0.1058859E+01
 -0.9702000E+05  0.1057409E+01
 -0.9697000E+05  0.1055961E+01
 -0.9692000E+05  0.1054516E+01
 -0.9687000E+05  0.1053072E+01
 -0.9682000E+05  0.1051630E+01
 -0.9677000E+05  0.1050191E+01
 -0.9672000E+05  0.1048753E+01
 -0.9667000E+05  0.1047318E+01
 -0.9662000E+05  0.1045884E+01
 -0.9657000E+05  0.1044453E+01
 -0.9652000E+05  0.1043023E+01
 -0.9647000E+05  0.1041596E+01
 -0.9642000E+05  0.1040170E+01
 -0.9637000E+05  0.1038747E+01
 -0.9632000E+05  0.1037325E+01
 -0.9627000E+05  0.1035906E+01
 -0.9622000E+05  0.1034489E+01
 -0.9617000E+05  0.1033073E+01
 -0.9612000E+05  0.1031659E+01
 -0.9607000E+05  0.1030248E+01
 -0.9602000E+05  0.1028838E+01
 -0.9597000E+05  0.1027431E+01
 -0.9592000E+05  0.1026025E+01
 -0.9587000E+05  0.1024622E+01
 -0.9582000E+05  0.1023220E+01
 -0.9577000E+05  0.1021820E+01
 -0.9572000E+05  0.1020423E+01
 -0.9567000E+05  0.1019027E+01
 -0.9562000E+05  0.1017633E+01
 -0.9557000E+05  0.1016241E+01
 -0.9552000E+05  0.1014851E+01
 -0.9547000E+05  0.1013463E+01
 -0.9542000E+05  0.1012077E+01
 -0.9537000E+05  0.1010693E+01
 -0.9532000E+05  0.1009311E+01
 -0.9527000E+05  0.1007931E+01
 -0.9522000E+05  0.1006553E+01
 -0.9517000E+05  0.1005177E+01
 -0.9512000E+05  0.1003803E+01
 -0.9507000E+05  0.1002430E+01
 -0.9502000E+05  0.1001060E+01
 -0.9497000E+05  0.9996914E+00
 -0.9492000E+05  0.9983249E+00
 -0.9487000E+05  0.9969603E+00
 -0.9482000E+05  0.9955976E+00
 -0.9477000E+05  0.9942368E+00
 -0.9472000E+05  0.9928780E+00
 -0.9467000E+05  0.9915211E+00
 -0.9462000E+05  0.9901661E+00
 -0.9457000E+05  0.9888131E+00
 -0.9452000E+05  0.9874619E+00
 -0.9447000E+05  0.9861127E+00
 -0.9442000E+05  0.9847654E+00
 -0.9437000E+05  0.9834200E+00
 -0.9432000E+05  0.9820765E+00
 -0.9427000E+05  0.9807349E+00
 -0.9422000E+05  0.9793952E+00
 -0.9417000E+05  0.9780575E+00
 -0.9412000E+05  0.9767216E+00
 -0.9407000E+05  0.9753876E+00
 -0.9402000E+05  0.9740556E+00
 -0.9397000E+05  0.9727254E+00
 -0.9392000E+05  0.9713971E+00
 -0.9387000E+05  0.9700708E+00
 -0.9382000E+05  0.9687463E+00
 -0.9377000E+05  0.9674237E+00
 -0.9372000E+05  0.9661030E+00
 -0.9367000E+05  0.9647842E+00
 -0.9362000E+05  0.9634673E+00
 -0.9357000E+05  0.9621523E+00
 -0.9352000E+05  0.9608391E+00
 -0.9347000E+05  0.9595279E+00
 -0.9342000E+05  0.9582185E+00
 -0.9337000E+05  0.9569110E+00
 -0.9332000E+05  0.9556053E+00
 -0.9327000E+05  0.9543016E+00
 -0.9322000E+05  0.9529997E+00
 -0.9317000E+05  0.9516997E+00
 -0.9312000E+05  0.9504016E+00
 -0.9307000E+05  0.9491053E+00
 -0.9302000E+05  0.9478109E+00
 -0.9297000E+05  0.9465184E+00
 -0.9292000E+05  0.9452277E+00
 -0.9287000E+05  0.9439389E+00
 -0.9282000E+05  0.9426519E+00
 -0.9277000E+05  0.9413668E+00
 -0.9272000E+05  0.9400836E+00
 -0.9267000E+05  0.9388022E+00
 -0.9262000E+05  0.9375227E+00
 -0.9257000E+05  0.9362450E+00
 -0.9252000E+05  0.9349692E+00
 -0.9247000E+05  0.9336953E+00
 -0.9242000E+05  0.9324231E+00
 -0.9237000E+05  0.9311528E+00
 -0.9232000E+05  0.9298844E+00
 -0.9227000E+05  0.9286178E+00
 -0.9222000E+05  0.9273530E+00
 -0.9217000E+05  0.9260901E+00
 -0.9212000E+05  0.9248290E+00
 -0.9207000E+05  0.9235698E+00
 -0.9202000E+05  0.9223124E+00
 -0.9197000E+05  0.9210568E+00
 -0.9192000E+05  0.9198030E+00
 -0.9187000E+05  0.9185511E+00
 -0.9182000E+05  0.9173009E+00
 -0.9177000E+05  0.9160526E+00
 -0.9172000E+05  0.9148062E+00
 -0.9167000E+05  0.9135615E+00
 -0.9162000E+05  0.9123187E+00
 -0.9157000E+05  0.9110776E+00
 -0.9152000E+05  0.9098384E+00
 -0.9147000E+05  0.9086010E+00
 -0.9142000E+05  0.9073654E+00
 -0.9137000E+05  0.9061316E+00
 -0.9132000E+05  0.9048996E+00
 -0.9127000E+05  0.9036694E+00
 -0.9122000E+05  0.9024410E+00
 -0.9117000E+05  0.9012144E+00
 -0.9112000E+05  0.8999896E+00
 -0.9107000E+05  0.8987665E+00
 -0.9102000E+05  0.8975453E+00
 -0.9097000E+05  0.8963259E+00
 -0.9092000E+05  0.8951082E+00
 -0.9087000E+05  0.8938923E+00
 -0.9082000E+05  0.8926782E+00
 -0.9077000E+05  0.8914659E+00
 -0.9072000E+05  0.8902554E+00
 -0.9067000E+05  0.8890466E+00
 -0.9062000E+05  0.8878396E+00
 -0.9057000E+05  0.8866344E+00
 -0.9052000E+05  0.8854309E+00
 -0.9047000E+05  0.8842293E+00
 -0.9042000E+05  0.8830293E+00
 -0.9037000E+05  0.8818312E+00
 -0.9032000E+05  0.8806348E+00
 -0.9027000E+05  0.8794401E+00
 -0.9022000E+05  0.8782472E+00
 -0.9017000E+05  0.8770561E+00
 -0.9012000E+05  0.8758667E+00
 -0.9007000E+05  0.8746790E+00
 -0.9002000E+05  0.8734931E+00
 -0.8997000E+05  0.8723090E+00
 -0.8992000E+05  0.8711266E+00
 -0.8987000E+05  0.8699459E+00
 -0.8982000E+05  0.8687670E+00
 -0.8977000E+05  0.8675898E+00
 -0.8972000E+05  0.8664144E+00
 -0.8967000E+05  0.8652407E+00
 -0.8962000E+05  0.8640687E+00
 -0.8957000E+05  0.8628984E+00
 -0.8952000E+05  0.8617299E+00
 -0.8947000E+05  0.8605631E+00
 -0.8942000E+05  0.8593981E+00
 -0.8937000E+05  0.8582348E+00
 -0.8932000E+05  0.8570732E+00
 -0.8927000E+05  0.8559133E+00
 -0.8922000E+05  0.8547552E+00
 -0.8917000E+05  0.8535988E+00
 -0.8912000E+05  0.8524441E+00
 -0.8907000E+05  0.8512911E+00
 -0.8902000E+05  0.8501399E+00
 -0.8897000E+05  0.8489904E+00
 -0.8892000E+05  0.8478426E+00
 -0.8887000E+05  0.8466965E+00
 -0.8882000E+05  0.8455522E+00
 -0.8877000E+05  0.8444096E+00
 -0.8872000E+05  0.8432687E+00
 -0.8867000E+05  0.8421296E+00
 -0.8862000E+05  0.8409922E+00
 -0.8857000E+05  0.8398565E+00
 -0.8852000E+05  0.8387225E+00
 -0.8847000E+05  0.8375903E+00
 -0.8842000E+05  0.8364599E+00
 -0.8837000E+05  0.8353311E+00
 -0.8832000E+05  0.8342041E+00
 -0.8827000E+05  0.8330789E+00
 -0.8822000E+05  0.8319554E+00
 -0.8817000E+05  0.8308337E+00
 -0.8812000E+05  0.8297137E+00
 -0.8807000E+05  0.8285955E+00
 -0.8802000E+05  0.8274791E+00
 -0.8797000E+05  0.8263644E+00
 -0.8792000E+05  0.8252516E+00
 -0.8787000E+05  0.8241405E+00
 -0.8782000E+05  0.8230311E+00
 -0.8777000E+05  0.8219236E+00
 -0.8772000E+05  0.8208179E+00
 -0.8767000E+05  0.8197140E+00
 -0.8762000E+05  0.8186119E+00
 -0.8757000E+05  0.8175117E+00
 -0.8752000E+05  0.8164133E+00
 -0.8747000E+05  0.8153167E+00
 -0.8742000E+05  0.8142220E+00
 -0.8737000E+05  0.8131292E+00
 -0.8732000E+05  0.8120382E+00
 -0.8727000E+05  0.8109491E+00
 -0.8722000E+05  0.8098619E+00
 -0.8717000E+05  0.8087766E+00
 -0.8712000E+05  0.8076933E+00
 -0.8707000E+05  0.8066119E+00
 -0.8702000E+05  0.8055324E+00
 -0.8697000E+05  0.8044549E+00
 -0.8692000E+05  0.8033794E+00
 -0.8687000E+05  0.8023059E+00
 -0.8682000E+05  0.8012344E+00
 -0.8677000E+05  0.8001649E+00
 -0.8672000E+05  0.7990975E+00
 -0.8667000E+05  0.7980321E+00
 -0.8662000E+05  0.7969689E+00
 -0.8657000E+05  0.7959077E+00
 -0.8652000E+05  0.7948487E+00
 -0.8647000E+05  0.7937919E+00
 -0.8642000E+05  0.7927372E+00
 -0.8637000E+05  0.7916847E+00
