 -0.1156500E+06  0.1763032E+01
 -0.1156000E+06  0.1760624E+01
 -0.1155500E+06  0.1758218E+01
 -0.1155000E+06  0.1755815E+01
 -0.1154500E+06  0.1753414E+01
 -0.1154000E+06  0.1751016E+01
 -0.1153500E+06  0.1748621E+01
 -0.1153000E+06  0.1746228E+01
 -0.1152500E+06  0.1743837E+01
 -0.1152000E+06  0.1741452E+01
 -0.1151500E+06  0.1739066E+01
 -0.1151000E+06  0.1736685E+01
 -0.1150500E+06  0.1734307E+01
 -0.1150000E+06  0.1731932E+01
 -0.1149500E+06  0.1729560E+01
 -0.1149000E+06  0.1727192E+01
 -0.1148500E+06  0.1724826E+01
 -0.1148000E+06  0.1722464E+01
 -0.1147500E+06  0.1720105E+01
 -0.1147000E+06  0.1717749E+01
 -0.1146500E+06  0.1715396E+01
 -0.1146000E+06  0.1713048E+01
 -0.1145500E+06  0.1710703E+01
 -0.1145000E+06  0.1708360E+01
 -0.1144500E+06  0.1706022E+01
 -0.1144000E+06  0.1703687E+01
 -0.1143500E+06  0.1701354E+01
 -0.1143000E+06  0.1699026E+01
 -0.1142500E+06  0.1696701E+01
 -0.1142000E+06  0.1694380E+01
 -0.1141500E+06  0.1692062E+01
 -0.1141000E+06  0.1689746E+01
 -0.1140500E+06  0.1687434E+01
 -0.1140000E+06  0.1685125E+01
 -0.1139500E+06  0.1682821E+01
 -0.1139000E+06  0.1680519E+01
 -0.1138500E+06  0.1678221E+01
 -0.1138000E+06  0.1675926E+01
 -0.1137500E+06  0.1673635E+01
 -0.1137000E+06  0.1671345E+01
 -0.1136500E+06  0.1669060E+01
 -0.1136000E+06  0.1666778E+01
 -0.1135500E+06  0.1664499E+01
 -0.1135000E+06  0.1662224E+01
 -0.1134500E+06  0.1659951E+01
 -0.1134000E+06  0.1657682E+01
 -0.1133500E+06  0.1655416E+01
 -0.1133000E+06  0.1653153E+01
 -0.1132500E+06  0.1650894E+01
 -0.1132000E+06  0.1648637E+01
 -0.1131500E+06  0.1646383E+01
 -0.1131000E+06  0.1644133E+01
 -0.1130500E+06  0.1641886E+01
 -0.1130000E+06  0.1639642E+01
 -0.1129500E+06  0.1637400E+01
 -0.1129000E+06  0.1635162E+01
 -0.1128500E+06  0.1632927E+01
 -0.1128000E+06  0.1630695E+01
 -0.1127500E+06  0.1628466E+01
