 -0.1156500E+06  0.1763034E+01
 -0.1156000E+06  0.1760625E+01
 -0.1155500E+06  0.1758219E+01
 -0.1155000E+06  0.1755815E+01
 -0.1154500E+06  0.1753414E+01
 -0.1154000E+06  0.1751015E+01
 -0.1153500E+06  0.1748620E+01
 -0.1153000E+06  0.1746227E+01
 -0.1152500E+06  0.1743837E+01
 -0.1152000E+06  0.1741450E+01
 -0.1151500E+06  0.1739066E+01
 -0.1151000E+06  0.1736684E+01
 -0.1150500E+06  0.1734306E+01
 -0.1150000E+06  0.1731932E+01
 -0.1149500E+06  0.1729560E+01
 -0.1149000E+06  0.1727191E+01
 -0.1148500E+06  0.1724826E+01
 -0.1148000E+06  0.1722464E+01
 -0.1147500E+06  0.1720105E+01
 -0.1147000E+06  0.1717750E+01
 -0.1146500E+06  0.1715398E+01
 -0.1146000E+06  0.1713049E+01
 -0.1145500E+06  0.1710704E+01
 -0.1145000E+06  0.1708362E+01
 -0.1144500E+06  0.1706023E+01
 -0.1144000E+06  0.1703688E+01
 -0.1143500E+06  0.1701356E+01
 -0.1143000E+06  0.1699027E+01
 -0.1142500E+06  0.1696702E+01
 -0.1142000E+06  0.1694380E+01
 -0.1141500E+06  0.1692061E+01
 -0.1141000E+06  0.1689746E+01
 -0.1140500E+06  0.1687434E+01
 -0.1140000E+06  0.1685126E+01
 -0.1139500E+06  0.1682821E+01
 -0.1139000E+06  0.1680519E+01
 -0.1138500E+06  0.1678220E+01
 -0.1138000E+06  0.1675925E+01
 -0.1137500E+06  0.1673633E+01
 -0.1137000E+06  0.1671345E+01
 -0.1136500E+06  0.1669060E+01
 -0.1136000E+06  0.1666778E+01
 -0.1135500E+06  0.1664499E+01
 -0.1135000E+06  0.1662223E+01
 -0.1134500E+06  0.1659951E+01
 -0.1134000E+06  0.1657682E+01
 -0.1133500E+06  0.1655416E+01
 -0.1133000E+06  0.1653153E+01
 -0.1132500E+06  0.1650893E+01
 -0.1132000E+06  0.1648637E+01
 -0.1131500E+06  0.1646383E+01
 -0.1131000E+06  0.1644133E+01
 -0.1130500E+06  0.1641886E+01
 -0.1130000E+06  0.1639642E+01
 -0.1129500E+06  0.1637401E+01
 -0.1129000E+06  0.1635163E+01
 -0.1128500E+06  0.1632928E+01
 -0.1128000E+06  0.1630696E+01
 -0.1127500E+06  0.1628467E+01
 -0.1141500E+06  0.1692061E+01
 -0.1141000E+06  0.1689746E+01
 -0.1140500E+06  0.1687434E+01
 -0.1140000E+06  0.1685126E+01
 -0.1139500E+06  0.1682821E+01
 -0.1139000E+06  0.1680519E+01
 -0.1138500E+06  0.1678220E+01
 -0.1138000E+06  0.1675925E+01
 -0.1137500E+06  0.1673633E+01
 -0.1137000E+06  0.1671345E+01
 -0.1136500E+06  0.1669060E+01
 -0.1136000E+06  0.1666778E+01
 -0.1135500E+06  0.1664499E+01
 -0.1135000E+06  0.1662223E+01
 -0.1134500E+06  0.1659951E+01
 -0.1134000E+06  0.1657682E+01
 -0.1133500E+06  0.1655416E+01
 -0.1133000E+06  0.1653153E+01
 -0.1132500E+06  0.1650893E+01
 -0.1132000E+06  0.1648637E+01
 -0.1131500E+06  0.1646383E+01
 -0.1131000E+06  0.1644133E+01
 -0.1130500E+06  0.1641886E+01
 -0.1130000E+06  0.1639642E+01
 -0.1129500E+06  0.1637401E+01
 -0.1129000E+06  0.1635163E+01
 -0.1128500E+06  0.1632928E+01
 -0.1128000E+06  0.1630696E+01
 -0.1127500E+06  0.1628467E+01
 -0.1127000E+06  0.1626241E+01
 -0.1126500E+06  0.1624018E+01
 -0.1126000E+06  0.1621798E+01
 -0.1125500E+06  0.1619581E+01
 -0.1125000E+06  0.1617367E+01
 -0.1124500E+06  0.1615155E+01
 -0.1124000E+06  0.1612947E+01
 -0.1123500E+06  0.1610742E+01
 -0.1123000E+06  0.1608539E+01
 -0.1122500E+06  0.1606340E+01
 -0.1122000E+06  0.1604143E+01
 -0.1121500E+06  0.1601949E+01
 -0.1121000E+06  0.1599758E+01
 -0.1120500E+06  0.1597570E+01
 -0.1120000E+06  0.1595384E+01
 -0.1119500E+06  0.1593202E+01
 -0.1119000E+06  0.1591022E+01
 -0.1118500E+06  0.1588845E+01
 -0.1118000E+06  0.1586671E+01
 -0.1117500E+06  0.1584499E+01
 -0.1117000E+06  0.1582331E+01
 -0.1116500E+06  0.1580165E+01
 -0.1116000E+06  0.1578002E+01
 -0.1115500E+06  0.1575842E+01
 -0.1115000E+06  0.1573684E+01
 -0.1114500E+06  0.1571529E+01
 -0.1114000E+06  0.1569377E+01
 -0.1113500E+06  0.1567228E+01
 -0.1113000E+06  0.1565082E+01
 -0.1112500E+06  0.1562938E+01
 -0.1112000E+06  0.1560797E+01
 -0.1111500E+06  0.1558659E+01
 -0.1111000E+06  0.1556523E+01
 -0.1110500E+06  0.1554391E+01
 -0.1110000E+06  0.1552261E+01
 -0.1109500E+06  0.1550133E+01
 -0.1109000E+06  0.1548009E+01
 -0.1108500E+06  0.1545887E+01
 -0.1108000E+06  0.1543768E+01
 -0.1107500E+06  0.1541651E+01
 -0.1107000E+06  0.1539538E+01
 -0.1106500E+06  0.1537427E+01
 -0.1106000E+06  0.1535319E+01
 -0.1105500E+06  0.1533213E+01
 -0.1105000E+06  0.1531111E+01
 -0.1104500E+06  0.1529011E+01
 -0.1104000E+06  0.1526914E+01
 -0.1103500E+06  0.1524819E+01
 -0.1103000E+06  0.1522727E+01
 -0.1102500E+06  0.1520638E+01
 -0.1102000E+06  0.1518552E+01
 -0.1101500E+06  0.1516469E+01
 -0.1101000E+06  0.1514388E+01
 -0.1100500E+06  0.1512310E+01
 -0.1100000E+06  0.1510234E+01
 -0.1099500E+06  0.1508162E+01
 -0.1099000E+06  0.1506092E+01
 -0.1098500E+06  0.1504025E+01
 -0.1098000E+06  0.1501960E+01
 -0.1127000E+06  0.1626234E+01
 -0.1126500E+06  0.1624010E+01
 -0.1126000E+06  0.1621790E+01
 -0.1125500E+06  0.1619573E+01
 -0.1125000E+06  0.1617359E+01
 -0.1124500E+06  0.1615147E+01
 -0.1124000E+06  0.1612938E+01
 -0.1123500E+06  0.1610732E+01
 -0.1123000E+06  0.1608529E+01
 -0.1122500E+06  0.1606329E+01
 -0.1122000E+06  0.1604132E+01
 -0.1121500E+06  0.1601937E+01
 -0.1121000E+06  0.1599746E+01
 -0.1120500E+06  0.1597557E+01
 -0.1120000E+06  0.1595372E+01
 -0.1119500E+06  0.1593188E+01
 -0.1119000E+06  0.1591008E+01
 -0.1118500E+06  0.1588831E+01
 -0.1118000E+06  0.1586656E+01
 -0.1117500E+06  0.1584484E+01
 -0.1117000E+06  0.1582315E+01
 -0.1116500E+06  0.1580149E+01
 -0.1116000E+06  0.1577986E+01
 -0.1115500E+06  0.1575825E+01
 -0.1115000E+06  0.1573668E+01
 -0.1114500E+06  0.1571513E+01
 -0.1114000E+06  0.1569361E+01
 -0.1113500E+06  0.1567212E+01
 -0.1113000E+06  0.1565066E+01
 -0.1112500E+06  0.1562922E+01
 -0.1112000E+06  0.1560781E+01
 -0.1111500E+06  0.1558643E+01
 -0.1111000E+06  0.1556508E+01
 -0.1110500E+06  0.1554375E+01
 -0.1110000E+06  0.1552245E+01
 -0.1109500E+06  0.1550118E+01
 -0.1109000E+06  0.1547994E+01
 -0.1108500E+06  0.1545872E+01
 -0.1108000E+06  0.1543754E+01
 -0.1107500E+06  0.1541638E+01
 -0.1107000E+06  0.1539525E+01
 -0.1106500E+06  0.1537414E+01
 -0.1106000E+06  0.1535307E+01
 -0.1105500E+06  0.1533202E+01
 -0.1105000E+06  0.1531100E+01
 -0.1104500E+06  0.1529001E+01
 -0.1104000E+06  0.1526904E+01
 -0.1103500E+06  0.1524810E+01
 -0.1103000E+06  0.1522719E+01
 -0.1102500E+06  0.1520630E+01
 -0.1102000E+06  0.1518545E+01
 -0.1101500E+06  0.1516462E+01
 -0.1101000E+06  0.1514382E+01
 -0.1100500E+06  0.1512303E+01
 -0.1100000E+06  0.1510229E+01
 -0.1099500E+06  0.1508157E+01
 -0.1099000E+06  0.1506088E+01
 -0.1098500E+06  0.1504021E+01
 -0.1098000E+06  0.1501957E+01
 -0.1097500E+06  0.1499895E+01
 -0.1097000E+06  0.1497837E+01
 -0.1096500E+06  0.1495781E+01
 -0.1096000E+06  0.1493727E+01
 -0.1095500E+06  0.1491677E+01
 -0.1095000E+06  0.1489630E+01
 -0.1094500E+06  0.1487584E+01
 -0.1094000E+06  0.1485542E+01
 -0.1093500E+06  0.1483502E+01
 -0.1093000E+06  0.1481465E+01
 -0.1092500E+06  0.1479430E+01
 -0.1092000E+06  0.1477398E+01
 -0.1091500E+06  0.1475370E+01
 -0.1091000E+06  0.1473343E+01
 -0.1090500E+06  0.1471320E+01
 -0.1090000E+06  0.1469298E+01
 -0.1089500E+06  0.1467281E+01
 -0.1089000E+06  0.1465265E+01
 -0.1088500E+06  0.1463252E+01
 -0.1088000E+06  0.1461242E+01
 -0.1087500E+06  0.1459235E+01
 -0.1087000E+06  0.1457229E+01
 -0.1086500E+06  0.1455227E+01
 -0.1086000E+06  0.1453228E+01
 -0.1085500E+06  0.1451231E+01
 -0.1085000E+06  0.1449237E+01
 -0.1084500E+06  0.1447246E+01
 -0.1084000E+06  0.1445257E+01
 -0.1083500E+06  0.1443271E+01
 -0.1083000E+06  0.1441288E+01
 -0.1082500E+06  0.1439308E+01
 -0.1082000E+06  0.1437330E+01
 -0.1081500E+06  0.1435355E+01
 -0.1081000E+06  0.1433383E+01
 -0.1080500E+06  0.1431413E+01
 -0.1080000E+06  0.1429446E+01
 -0.1079500E+06  0.1427483E+01
 -0.1079000E+06  0.1425521E+01
 -0.1078500E+06  0.1423562E+01
 -0.1078000E+06  0.1421606E+01
 -0.1077500E+06  0.1419653E+01
 -0.1077000E+06  0.1417703E+01
 -0.1076500E+06  0.1415755E+01
 -0.1076000E+06  0.1413811E+01
 -0.1075500E+06  0.1411868E+01
 -0.1075000E+06  0.1409929E+01
 -0.1074500E+06  0.1407993E+01
 -0.1074000E+06  0.1406058E+01
 -0.1073500E+06  0.1404127E+01
 -0.1073000E+06  0.1402199E+01
 -0.1072500E+06  0.1400274E+01
 -0.1072000E+06  0.1398351E+01
 -0.1071500E+06  0.1396431E+01
 -0.1071000E+06  0.1394514E+01
 -0.1070500E+06  0.1392599E+01
 -0.1070000E+06  0.1390688E+01
 -0.1069500E+06  0.1388779E+01
 -0.1069000E+06  0.1386872E+01
 -0.1097500E+06  0.1499908E+01
 -0.1097000E+06  0.1497848E+01
 -0.1096500E+06  0.1495792E+01
 -0.1096000E+06  0.1493738E+01
 -0.1095500E+06  0.1491686E+01
 -0.1095000E+06  0.1489638E+01
 -0.1094500E+06  0.1487592E+01
 -0.1094000E+06  0.1485549E+01
 -0.1093500E+06  0.1483508E+01
 -0.1093000E+06  0.1481470E+01
 -0.1092500E+06  0.1479435E+01
 -0.1092000E+06  0.1477403E+01
 -0.1091500E+06  0.1475373E+01
 -0.1091000E+06  0.1473346E+01
 -0.1090500E+06  0.1471322E+01
 -0.1090000E+06  0.1469301E+01
 -0.1089500E+06  0.1467282E+01
 -0.1089000E+06  0.1465266E+01
 -0.1088500E+06  0.1463253E+01
 -0.1088000E+06  0.1461243E+01
 -0.1087500E+06  0.1459235E+01
 -0.1087000E+06  0.1457230E+01
 -0.1086500E+06  0.1455228E+01
 -0.1086000E+06  0.1453228E+01
 -0.1085500E+06  0.1451232E+01
 -0.1085000E+06  0.1449238E+01
 -0.1084500E+06  0.1447247E+01
 -0.1084000E+06  0.1445258E+01
 -0.1083500E+06  0.1443273E+01
 -0.1083000E+06  0.1441290E+01
 -0.1082500E+06  0.1439310E+01
 -0.1082000E+06  0.1437333E+01
 -0.1081500E+06  0.1435358E+01
 -0.1081000E+06  0.1433386E+01
 -0.1080500E+06  0.1431417E+01
 -0.1080000E+06  0.1429451E+01
 -0.1079500E+06  0.1427488E+01
 -0.1079000E+06  0.1425527E+01
 -0.1078500E+06  0.1423569E+01
 -0.1078000E+06  0.1421614E+01
 -0.1077500E+06  0.1419662E+01
 -0.1077000E+06  0.1417712E+01
 -0.1076500E+06  0.1415765E+01
 -0.1076000E+06  0.1413821E+01
 -0.1075500E+06  0.1411880E+01
 -0.1075000E+06  0.1409941E+01
 -0.1074500E+06  0.1408005E+01
 -0.1074000E+06  0.1406072E+01
 -0.1073500E+06  0.1404142E+01
 -0.1073000E+06  0.1402214E+01
 -0.1072500E+06  0.1400289E+01
 -0.1072000E+06  0.1398367E+01
 -0.1071500E+06  0.1396448E+01
 -0.1071000E+06  0.1394531E+01
 -0.1070500E+06  0.1392617E+01
 -0.1070000E+06  0.1390705E+01
 -0.1069500E+06  0.1388796E+01
 -0.1069000E+06  0.1386890E+01
 -0.1068500E+06  0.1384987E+01
 -0.1068000E+06  0.1383086E+01
 -0.1067500E+06  0.1381188E+01
 -0.1067000E+06  0.1379293E+01
 -0.1066500E+06  0.1377400E+01
 -0.1066000E+06  0.1375510E+01
 -0.1065500E+06  0.1373623E+01
 -0.1065000E+06  0.1371738E+01
 -0.1064500E+06  0.1369856E+01
 -0.1064000E+06  0.1367976E+01
 -0.1063500E+06  0.1366099E+01
 -0.1063000E+06  0.1364225E+01
 -0.1062500E+06  0.1362353E+01
 -0.1062000E+06  0.1360484E+01
 -0.1061500E+06  0.1358618E+01
 -0.1061000E+06  0.1356754E+01
 -0.1060500E+06  0.1354892E+01
 -0.1060000E+06  0.1353033E+01
 -0.1059500E+06  0.1351177E+01
 -0.1059000E+06  0.1349323E+01
 -0.1058500E+06  0.1347472E+01
 -0.1058000E+06  0.1345623E+01
 -0.1057500E+06  0.1343777E+01
 -0.1057000E+06  0.1341933E+01
 -0.1056500E+06  0.1340092E+01
 -0.1056000E+06  0.1338253E+01
 -0.1055500E+06  0.1336417E+01
 -0.1055000E+06  0.1334583E+01
 -0.1054500E+06  0.1332752E+01
 -0.1054000E+06  0.1330923E+01
 -0.1053500E+06  0.1329096E+01
 -0.1053000E+06  0.1327272E+01
 -0.1052500E+06  0.1325451E+01
 -0.1052000E+06  0.1323632E+01
 -0.1051500E+06  0.1321815E+01
 -0.1051000E+06  0.1320001E+01
 -0.1050500E+06  0.1318189E+01
 -0.1050000E+06  0.1316380E+01
 -0.1049500E+06  0.1314573E+01
 -0.1049000E+06  0.1312768E+01
 -0.1048500E+06  0.1310966E+01
 -0.1048000E+06  0.1309166E+01
 -0.1047500E+06  0.1307369E+01
 -0.1047000E+06  0.1305574E+01
 -0.1046500E+06  0.1303781E+01
 -0.1046000E+06  0.1301991E+01
 -0.1045500E+06  0.1300203E+01
 -0.1045000E+06  0.1298417E+01
 -0.1044500E+06  0.1296634E+01
 -0.1044000E+06  0.1294853E+01
 -0.1043500E+06  0.1293074E+01
 -0.1043000E+06  0.1291298E+01
 -0.1042500E+06  0.1289524E+01
 -0.1042000E+06  0.1287753E+01
 -0.1041500E+06  0.1285984E+01
 -0.1041000E+06  0.1284217E+01
 -0.1040500E+06  0.1282452E+01
 -0.1040000E+06  0.1280690E+01
 -0.1039500E+06  0.1278930E+01
 -0.1039000E+06  0.1277173E+01
 -0.1038500E+06  0.1275418E+01
 -0.1038000E+06  0.1273665E+01
 -0.1037500E+06  0.1271914E+01
 -0.1037000E+06  0.1270166E+01
 -0.1036500E+06  0.1268420E+01
 -0.1036000E+06  0.1266677E+01
 -0.1035500E+06  0.1264935E+01
 -0.1035000E+06  0.1263196E+01
 -0.1034500E+06  0.1261460E+01
 -0.1034000E+06  0.1259725E+01
 -0.1033500E+06  0.1257993E+01
 -0.1033000E+06  0.1256264E+01
 -0.1032500E+06  0.1254536E+01
 -0.1032000E+06  0.1252811E+01
 -0.1031500E+06  0.1251089E+01
 -0.1031000E+06  0.1249368E+01
 -0.1030500E+06  0.1247650E+01
 -0.1030000E+06  0.1245935E+01
 -0.1029500E+06  0.1244221E+01
 -0.1029000E+06  0.1242510E+01
 -0.1028500E+06  0.1240802E+01
 -0.1028000E+06  0.1239095E+01
 -0.1027500E+06  0.1237391E+01
 -0.1027000E+06  0.1235690E+01
 -0.1026500E+06  0.1233990E+01
 -0.1026000E+06  0.1232293E+01
 -0.1025500E+06  0.1230599E+01
 -0.1025000E+06  0.1228906E+01
 -0.1068500E+06  0.1384995E+01
 -0.1068000E+06  0.1383095E+01
 -0.1067500E+06  0.1381198E+01
 -0.1067000E+06  0.1379303E+01
 -0.1066500E+06  0.1377411E+01
 -0.1066000E+06  0.1375522E+01
 -0.1065500E+06  0.1373635E+01
 -0.1065000E+06  0.1371750E+01
 -0.1064500E+06  0.1369869E+01
 -0.1064000E+06  0.1367989E+01
 -0.1063500E+06  0.1366113E+01
 -0.1063000E+06  0.1364239E+01
 -0.1062500E+06  0.1362367E+01
 -0.1062000E+06  0.1360498E+01
 -0.1061500E+06  0.1358631E+01
 -0.1061000E+06  0.1356767E+01
 -0.1060500E+06  0.1354906E+01
 -0.1060000E+06  0.1353047E+01
 -0.1059500E+06  0.1351190E+01
 -0.1059000E+06  0.1349336E+01
 -0.1058500E+06  0.1347485E+01
 -0.1058000E+06  0.1345636E+01
 -0.1057500E+06  0.1343789E+01
 -0.1057000E+06  0.1341945E+01
 -0.1056500E+06  0.1340103E+01
 -0.1056000E+06  0.1338264E+01
 -0.1055500E+06  0.1336427E+01
 -0.1055000E+06  0.1334593E+01
 -0.1054500E+06  0.1332761E+01
 -0.1054000E+06  0.1330931E+01
 -0.1053500E+06  0.1329104E+01
 -0.1053000E+06  0.1327279E+01
 -0.1052500E+06  0.1325457E+01
 -0.1052000E+06  0.1323637E+01
 -0.1051500E+06  0.1321820E+01
 -0.1051000E+06  0.1320005E+01
 -0.1050500E+06  0.1318192E+01
 -0.1050000E+06  0.1316382E+01
 -0.1049500E+06  0.1314574E+01
 -0.1049000E+06  0.1312769E+01
 -0.1048500E+06  0.1310966E+01
 -0.1048000E+06  0.1309165E+01
 -0.1047500E+06  0.1307367E+01
 -0.1047000E+06  0.1305571E+01
 -0.1046500E+06  0.1303778E+01
 -0.1046000E+06  0.1301987E+01
 -0.1045500E+06  0.1300198E+01
 -0.1045000E+06  0.1298412E+01
 -0.1044500E+06  0.1296628E+01
 -0.1044000E+06  0.1294847E+01
 -0.1043500E+06  0.1293068E+01
 -0.1043000E+06  0.1291291E+01
 -0.1042500E+06  0.1289516E+01
 -0.1042000E+06  0.1287744E+01
 -0.1041500E+06  0.1285975E+01
 -0.1041000E+06  0.1284207E+01
 -0.1040500E+06  0.1282443E+01
 -0.1040000E+06  0.1280680E+01
 -0.1039500E+06  0.1278920E+01
 -0.1039000E+06  0.1277162E+01
 -0.1038500E+06  0.1275407E+01
 -0.1038000E+06  0.1273654E+01
 -0.1037500E+06  0.1271903E+01
 -0.1037000E+06  0.1270155E+01
 -0.1036500E+06  0.1268409E+01
 -0.1036000E+06  0.1266665E+01
 -0.1035500E+06  0.1264924E+01
 -0.1035000E+06  0.1263185E+01
 -0.1034500E+06  0.1261449E+01
 -0.1034000E+06  0.1259715E+01
 -0.1033500E+06  0.1257983E+01
 -0.1033000E+06  0.1256253E+01
 -0.1032500E+06  0.1254526E+01
 -0.1032000E+06  0.1252802E+01
 -0.1031500E+06  0.1251080E+01
 -0.1031000E+06  0.1249360E+01
 -0.1030500E+06  0.1247642E+01
 -0.1030000E+06  0.1245927E+01
 -0.1029500E+06  0.1244214E+01
 -0.1029000E+06  0.1242504E+01
 -0.1028500E+06  0.1240796E+01
 -0.1028000E+06  0.1239090E+01
 -0.1027500E+06  0.1237387E+01
 -0.1027000E+06  0.1235686E+01
 -0.1026500E+06  0.1233987E+01
 -0.1026000E+06  0.1232291E+01
 -0.1025500E+06  0.1230597E+01
 -0.1025000E+06  0.1228906E+01
 -0.1024500E+06  0.1227217E+01
 -0.1024000E+06  0.1225530E+01
 -0.1023500E+06  0.1223846E+01
 -0.1023000E+06  0.1222164E+01
 -0.1022500E+06  0.1220484E+01
 -0.1022000E+06  0.1218807E+01
 -0.1021500E+06  0.1217132E+01
 -0.1021000E+06  0.1215459E+01
 -0.1020500E+06  0.1213789E+01
 -0.1020000E+06  0.1212121E+01
 -0.1019500E+06  0.1210456E+01
 -0.1019000E+06  0.1208793E+01
 -0.1018500E+06  0.1207132E+01
 -0.1018000E+06  0.1205474E+01
 -0.1017500E+06  0.1203818E+01
 -0.1017000E+06  0.1202164E+01
 -0.1016500E+06  0.1200513E+01
 -0.1016000E+06  0.1198864E+01
 -0.1015500E+06  0.1197217E+01
 -0.1015000E+06  0.1195573E+01
 -0.1014500E+06  0.1193931E+01
 -0.1014000E+06  0.1192292E+01
 -0.1013500E+06  0.1190655E+01
 -0.1013000E+06  0.1189020E+01
 -0.1012500E+06  0.1187387E+01
 -0.1012000E+06  0.1185757E+01
 -0.1011500E+06  0.1184129E+01
 -0.1011000E+06  0.1182504E+01
 -0.1010500E+06  0.1180881E+01
 -0.1010000E+06  0.1179260E+01
 -0.1009500E+06  0.1177641E+01
 -0.1009000E+06  0.1176025E+01
 -0.1008500E+06  0.1174412E+01
 -0.1008000E+06  0.1172800E+01
 -0.1007500E+06  0.1171191E+01
 -0.1007000E+06  0.1169584E+01
 -0.1006500E+06  0.1167979E+01
 -0.1006000E+06  0.1166377E+01
 -0.1005500E+06  0.1164777E+01
 -0.1005000E+06  0.1163180E+01
 -0.1004500E+06  0.1161584E+01
 -0.1004000E+06  0.1159991E+01
 -0.1003500E+06  0.1158400E+01
 -0.1003000E+06  0.1156812E+01
 -0.1002500E+06  0.1155226E+01
 -0.1002000E+06  0.1153642E+01
 -0.1001500E+06  0.1152060E+01
 -0.1001000E+06  0.1150481E+01
 -0.1000500E+06  0.1148904E+01
 -0.1000000E+06  0.1147329E+01
 -0.9995000E+05  0.1145756E+01
 -0.9990000E+05  0.1144186E+01
 -0.9985000E+05  0.1142618E+01
 -0.9980000E+05  0.1141052E+01
 -0.9975000E+05  0.1139488E+01
 -0.9970000E+05  0.1137927E+01
 -0.9965000E+05  0.1136368E+01
 -0.9960000E+05  0.1134811E+01
 -0.9955000E+05  0.1133256E+01
 -0.9950000E+05  0.1131704E+01
 -0.9945000E+05  0.1130154E+01
 -0.9940000E+05  0.1128606E+01
 -0.9935000E+05  0.1127060E+01
 -0.9930000E+05  0.1125516E+01
 -0.9925000E+05  0.1123975E+01
 -0.9920000E+05  0.1122435E+01
 -0.9915000E+05  0.1120898E+01
 -0.9910000E+05  0.1119363E+01
 -0.9905000E+05  0.1117830E+01
 -0.9900000E+05  0.1116300E+01
 -0.9895000E+05  0.1114771E+01
 -0.9890000E+05  0.1113245E+01
 -0.9885000E+05  0.1111721E+01
 -0.9880000E+05  0.1110199E+01
 -0.9875000E+05  0.1108679E+01
 -0.9870000E+05  0.1107161E+01
 -0.9865000E+05  0.1105646E+01
 -0.9860000E+05  0.1104132E+01
 -0.9855000E+05  0.1102621E+01
 -0.9850000E+05  0.1101111E+01
 -0.9845000E+05  0.1099604E+01
 -0.9840000E+05  0.1098099E+01
 -0.9835000E+05  0.1096596E+01
 -0.9830000E+05  0.1095095E+01
 -0.9825000E+05  0.1093596E+01
 -0.9820000E+05  0.1092100E+01
 -0.9815000E+05  0.1090605E+01
 -0.9810000E+05  0.1089112E+01
 -0.1024500E+06  0.1227211E+01
 -0.1024000E+06  0.1225524E+01
 -0.1023500E+06  0.1223839E+01
 -0.1023000E+06  0.1222157E+01
 -0.1022500E+06  0.1220477E+01
 -0.1022000E+06  0.1218799E+01
 -0.1021500E+06  0.1217124E+01
 -0.1021000E+06  0.1215451E+01
 -0.1020500E+06  0.1213781E+01
 -0.1020000E+06  0.1212113E+01
 -0.1019500E+06  0.1210448E+01
 -0.1019000E+06  0.1208784E+01
 -0.1018500E+06  0.1207124E+01
 -0.1018000E+06  0.1205465E+01
 -0.1017500E+06  0.1203809E+01
 -0.1017000E+06  0.1202155E+01
 -0.1016500E+06  0.1200504E+01
 -0.1016000E+06  0.1198855E+01
 -0.1015500E+06  0.1197209E+01
 -0.1015000E+06  0.1195565E+01
 -0.1014500E+06  0.1193923E+01
 -0.1014000E+06  0.1192284E+01
 -0.1013500E+06  0.1190647E+01
 -0.1013000E+06  0.1189012E+01
 -0.1012500E+06  0.1187380E+01
 -0.1012000E+06  0.1185750E+01
 -0.1011500E+06  0.1184122E+01
 -0.1011000E+06  0.1182497E+01
 -0.1010500E+06  0.1180874E+01
 -0.1010000E+06  0.1179254E+01
 -0.1009500E+06  0.1177635E+01
 -0.1009000E+06  0.1176020E+01
 -0.1008500E+06  0.1174406E+01
 -0.1008000E+06  0.1172795E+01
 -0.1007500E+06  0.1171186E+01
 -0.1007000E+06  0.1169580E+01
 -0.1006500E+06  0.1167975E+01
 -0.1006000E+06  0.1166374E+01
 -0.1005500E+06  0.1164774E+01
 -0.1005000E+06  0.1163177E+01
 -0.1004500E+06  0.1161582E+01
 -0.1004000E+06  0.1159989E+01
 -0.1003500E+06  0.1158399E+01
 -0.1003000E+06  0.1156811E+01
 -0.1002500E+06  0.1155225E+01
 -0.1002000E+06  0.1153641E+01
 -0.1001500E+06  0.1152060E+01
 -0.1001000E+06  0.1150481E+01
 -0.1000500E+06  0.1148904E+01
 -0.1000000E+06  0.1147330E+01
 -0.9995000E+05  0.1145758E+01
 -0.9990000E+05  0.1144188E+01
 -0.9985000E+05  0.1142620E+01
 -0.9980000E+05  0.1141055E+01
 -0.9975000E+05  0.1139491E+01
 -0.9970000E+05  0.1137930E+01
 -0.9965000E+05  0.1136371E+01
 -0.9960000E+05  0.1134815E+01
 -0.9955000E+05  0.1133260E+01
 -0.9950000E+05  0.1131708E+01
 -0.9945000E+05  0.1130158E+01
 -0.9940000E+05  0.1128610E+01
 -0.9935000E+05  0.1127065E+01
 -0.9930000E+05  0.1125521E+01
 -0.9925000E+05  0.1123980E+01
 -0.9920000E+05  0.1122441E+01
 -0.9915000E+05  0.1120904E+01
 -0.9910000E+05  0.1119369E+01
 -0.9905000E+05  0.1117836E+01
 -0.9900000E+05  0.1116306E+01
 -0.9895000E+05  0.1114777E+01
 -0.9890000E+05  0.1113251E+01
 -0.9885000E+05  0.1111727E+01
 -0.9880000E+05  0.1110205E+01
 -0.9875000E+05  0.1108685E+01
 -0.9870000E+05  0.1107167E+01
 -0.9865000E+05  0.1105652E+01
 -0.9860000E+05  0.1104138E+01
 -0.9855000E+05  0.1102627E+01
 -0.9850000E+05  0.1101117E+01
 -0.9845000E+05  0.1099610E+01
 -0.9840000E+05  0.1098105E+01
 -0.9835000E+05  0.1096601E+01
 -0.9830000E+05  0.1095100E+01
 -0.9825000E+05  0.1093601E+01
 -0.9820000E+05  0.1092104E+01
 -0.9815000E+05  0.1090609E+01
 -0.9810000E+05  0.1089117E+01
 -0.9805000E+05  0.1087626E+01
 -0.9800000E+05  0.1086137E+01
 -0.9795000E+05  0.1084650E+01
 -0.9790000E+05  0.1083165E+01
 -0.9785000E+05  0.1081683E+01
 -0.9780000E+05  0.1080202E+01
 -0.9775000E+05  0.1078723E+01
 -0.9770000E+05  0.1077247E+01
 -0.9765000E+05  0.1075772E+01
 -0.9760000E+05  0.1074300E+01
 -0.9755000E+05  0.1072829E+01
 -0.9750000E+05  0.1071360E+01
 -0.9745000E+05  0.1069894E+01
 -0.9740000E+05  0.1068429E+01
 -0.9735000E+05  0.1066966E+01
 -0.9730000E+05  0.1065506E+01
 -0.9725000E+05  0.1064047E+01
 -0.9720000E+05  0.1062590E+01
 -0.9715000E+05  0.1061136E+01
 -0.9710000E+05  0.1059683E+01
 -0.9705000E+05  0.1058232E+01
 -0.9700000E+05  0.1056783E+01
 -0.9695000E+05  0.1055337E+01
 -0.9690000E+05  0.1053892E+01
 -0.9685000E+05  0.1052449E+01
 -0.9680000E+05  0.1051008E+01
 -0.9675000E+05  0.1049569E+01
 -0.9670000E+05  0.1048132E+01
 -0.9665000E+05  0.1046697E+01
 -0.9660000E+05  0.1045264E+01
 -0.9655000E+05  0.1043833E+01
 -0.9650000E+05  0.1042403E+01
 -0.9645000E+05  0.1040976E+01
 -0.9640000E+05  0.1039551E+01
 -0.9635000E+05  0.1038128E+01
 -0.9630000E+05  0.1036706E+01
 -0.9625000E+05  0.1035287E+01
 -0.9620000E+05  0.1033869E+01
 -0.9615000E+05  0.1032454E+01
 -0.9610000E+05  0.1031040E+01
 -0.9605000E+05  0.1029628E+01
 -0.9600000E+05  0.1028219E+01
 -0.9595000E+05  0.1026811E+01
 -0.9590000E+05  0.1025405E+01
 -0.9585000E+05  0.1024001E+01
 -0.9580000E+05  0.1022599E+01
 -0.9575000E+05  0.1021199E+01
 -0.9570000E+05  0.1019801E+01
 -0.9565000E+05  0.1018405E+01
 -0.9560000E+05  0.1017010E+01
 -0.9555000E+05  0.1015618E+01
 -0.9550000E+05  0.1014228E+01
 -0.9545000E+05  0.1012839E+01
 -0.9540000E+05  0.1011453E+01
 -0.9535000E+05  0.1010068E+01
 -0.9530000E+05  0.1008686E+01
 -0.9525000E+05  0.1007305E+01
 -0.9520000E+05  0.1005926E+01
 -0.9515000E+05  0.1004549E+01
 -0.9510000E+05  0.1003175E+01
 -0.9505000E+05  0.1001802E+01
 -0.9500000E+05  0.1000431E+01
 -0.9495000E+05  0.9990616E+00
 -0.9490000E+05  0.9976945E+00
 -0.9485000E+05  0.9963294E+00
 -0.9480000E+05  0.9949662E+00
 -0.9475000E+05  0.9936050E+00
 -0.9470000E+05  0.9922457E+00
 -0.9465000E+05  0.9908883E+00
 -0.9460000E+05  0.9895329E+00
 -0.9455000E+05  0.9881794E+00
 -0.9450000E+05  0.9868279E+00
 -0.9445000E+05  0.9854783E+00
 -0.9440000E+05  0.9841307E+00
 -0.9435000E+05  0.9827850E+00
 -0.9430000E+05  0.9814413E+00
 -0.9425000E+05  0.9800995E+00
 -0.9420000E+05  0.9787597E+00
 -0.9415000E+05  0.9774218E+00
 -0.9410000E+05  0.9760858E+00
 -0.9405000E+05  0.9747519E+00
 -0.9400000E+05  0.9734198E+00
 -0.9395000E+05  0.9720897E+00
 -0.9390000E+05  0.9707616E+00
 -0.9385000E+05  0.9694354E+00
 -0.9380000E+05  0.9681112E+00
 -0.9375000E+05  0.9667889E+00
 -0.9370000E+05  0.9654686E+00
 -0.9365000E+05  0.9641502E+00
 -0.9360000E+05  0.9628338E+00
 -0.9355000E+05  0.9615193E+00
 -0.9350000E+05  0.9602067E+00
 -0.9345000E+05  0.9588962E+00
 -0.9340000E+05  0.9575875E+00
 -0.9335000E+05  0.9562808E+00
 -0.9330000E+05  0.9549761E+00
 -0.9325000E+05  0.9536733E+00
 -0.9320000E+05  0.9523724E+00
 -0.9315000E+05  0.9510735E+00
 -0.9310000E+05  0.9497765E+00
 -0.9305000E+05  0.9484814E+00
 -0.9300000E+05  0.9471883E+00
 -0.9295000E+05  0.9458971E+00
 -0.9290000E+05  0.9446079E+00
 -0.9285000E+05  0.9433206E+00
 -0.9280000E+05  0.9420352E+00
 -0.9275000E+05  0.9407517E+00
 -0.9270000E+05  0.9394702E+00
 -0.9265000E+05  0.9381906E+00
 -0.9260000E+05  0.9369129E+00
 -0.9255000E+05  0.9356371E+00
 -0.9250000E+05  0.9343633E+00
 -0.9245000E+05  0.9330913E+00
 -0.9240000E+05  0.9318213E+00
 -0.9235000E+05  0.9305531E+00
 -0.9230000E+05  0.9292869E+00
 -0.9225000E+05  0.9280226E+00
 -0.9805000E+05  0.1087626E+01
 -0.9800000E+05  0.1086137E+01
 -0.9795000E+05  0.1084650E+01
 -0.9790000E+05  0.1083165E+01
 -0.9785000E+05  0.1081683E+01
 -0.9780000E+05  0.1080202E+01
 -0.9775000E+05  0.1078723E+01
 -0.9770000E+05  0.1077247E+01
 -0.9765000E+05  0.1075772E+01
 -0.9760000E+05  0.1074300E+01
 -0.9755000E+05  0.1072829E+01
 -0.9750000E+05  0.1071360E+01
 -0.9745000E+05  0.1069894E+01
 -0.9740000E+05  0.1068429E+01
 -0.9735000E+05  0.1066966E+01
 -0.9730000E+05  0.1065506E+01
 -0.9725000E+05  0.1064047E+01
 -0.9720000E+05  0.1062590E+01
 -0.9715000E+05  0.1061136E+01
 -0.9710000E+05  0.1059683E+01
 -0.9705000E+05  0.1058232E+01
 -0.9700000E+05  0.1056783E+01
 -0.9695000E+05  0.1055337E+01
 -0.9690000E+05  0.1053892E+01
 -0.9685000E+05  0.1052449E+01
 -0.9680000E+05  0.1051008E+01
 -0.9675000E+05  0.1049569E+01
 -0.9670000E+05  0.1048132E+01
 -0.9665000E+05  0.1046697E+01
 -0.9660000E+05  0.1045264E+01
 -0.9655000E+05  0.1043833E+01
 -0.9650000E+05  0.1042403E+01
 -0.9645000E+05  0.1040976E+01
 -0.9640000E+05  0.1039551E+01
 -0.9635000E+05  0.1038128E+01
 -0.9630000E+05  0.1036706E+01
 -0.9625000E+05  0.1035287E+01
 -0.9620000E+05  0.1033869E+01
 -0.9615000E+05  0.1032454E+01
 -0.9610000E+05  0.1031040E+01
 -0.9605000E+05  0.1029628E+01
 -0.9600000E+05  0.1028219E+01
 -0.9595000E+05  0.1026811E+01
 -0.9590000E+05  0.1025405E+01
 -0.9585000E+05  0.1024001E+01
 -0.9580000E+05  0.1022599E+01
 -0.9575000E+05  0.1021199E+01
 -0.9570000E+05  0.1019801E+01
 -0.9565000E+05  0.1018405E+01
 -0.9560000E+05  0.1017010E+01
 -0.9555000E+05  0.1015618E+01
 -0.9550000E+05  0.1014228E+01
 -0.9545000E+05  0.1012839E+01
 -0.9540000E+05  0.1011453E+01
 -0.9535000E+05  0.1010068E+01
 -0.9530000E+05  0.1008686E+01
 -0.9525000E+05  0.1007305E+01
 -0.9520000E+05  0.1005926E+01
 -0.9515000E+05  0.1004549E+01
 -0.9510000E+05  0.1003175E+01
 -0.9505000E+05  0.1001802E+01
 -0.9500000E+05  0.1000431E+01
 -0.9495000E+05  0.9990616E+00
 -0.9490000E+05  0.9976945E+00
 -0.9485000E+05  0.9963294E+00
 -0.9480000E+05  0.9949662E+00
 -0.9475000E+05  0.9936050E+00
 -0.9470000E+05  0.9922457E+00
 -0.9465000E+05  0.9908883E+00
 -0.9460000E+05  0.9895329E+00
 -0.9455000E+05  0.9881794E+00
 -0.9450000E+05  0.9868279E+00
 -0.9445000E+05  0.9854783E+00
 -0.9440000E+05  0.9841307E+00
 -0.9435000E+05  0.9827850E+00
 -0.9430000E+05  0.9814413E+00
 -0.9425000E+05  0.9800995E+00
 -0.9420000E+05  0.9787597E+00
 -0.9415000E+05  0.9774218E+00
 -0.9410000E+05  0.9760858E+00
 -0.9405000E+05  0.9747519E+00
 -0.9400000E+05  0.9734198E+00
 -0.9395000E+05  0.9720897E+00
 -0.9390000E+05  0.9707616E+00
 -0.9385000E+05  0.9694354E+00
 -0.9380000E+05  0.9681112E+00
 -0.9375000E+05  0.9667889E+00
 -0.9370000E+05  0.9654686E+00
 -0.9365000E+05  0.9641502E+00
 -0.9360000E+05  0.9628338E+00
 -0.9355000E+05  0.9615193E+00
 -0.9350000E+05  0.9602067E+00
 -0.9345000E+05  0.9588962E+00
 -0.9340000E+05  0.9575875E+00
 -0.9335000E+05  0.9562808E+00
 -0.9330000E+05  0.9549761E+00
 -0.9325000E+05  0.9536733E+00
 -0.9320000E+05  0.9523724E+00
 -0.9315000E+05  0.9510735E+00
 -0.9310000E+05  0.9497765E+00
 -0.9305000E+05  0.9484814E+00
 -0.9300000E+05  0.9471883E+00
 -0.9295000E+05  0.9458971E+00
 -0.9290000E+05  0.9446079E+00
 -0.9285000E+05  0.9433206E+00
 -0.9280000E+05  0.9420352E+00
 -0.9275000E+05  0.9407517E+00
 -0.9270000E+05  0.9394702E+00
 -0.9265000E+05  0.9381906E+00
 -0.9260000E+05  0.9369129E+00
 -0.9255000E+05  0.9356371E+00
 -0.9250000E+05  0.9343633E+00
 -0.9245000E+05  0.9330913E+00
 -0.9240000E+05  0.9318213E+00
 -0.9235000E+05  0.9305531E+00
 -0.9230000E+05  0.9292869E+00
 -0.9225000E+05  0.9280226E+00
 -0.9220000E+05  0.9267601E+00
 -0.9215000E+05  0.9254995E+00
 -0.9210000E+05  0.9242409E+00
 -0.9205000E+05  0.9229841E+00
 -0.9200000E+05  0.9217292E+00
 -0.9195000E+05  0.9204761E+00
 -0.9190000E+05  0.9192249E+00
 -0.9185000E+05  0.9179756E+00
 -0.9180000E+05  0.9167282E+00
 -0.9175000E+05  0.9154826E+00
 -0.9170000E+05  0.9142388E+00
 -0.9165000E+05  0.9129969E+00
 -0.9160000E+05  0.9117568E+00
 -0.9155000E+05  0.9105186E+00
 -0.9150000E+05  0.9092822E+00
 -0.9145000E+05  0.9080476E+00
 -0.9140000E+05  0.9068148E+00
 -0.9135000E+05  0.9055839E+00
 -0.9130000E+05  0.9043547E+00
 -0.9125000E+05  0.9031273E+00
 -0.9120000E+05  0.9019018E+00
 -0.9115000E+05  0.9006780E+00
 -0.9110000E+05  0.8994560E+00
 -0.9105000E+05  0.8982358E+00
 -0.9100000E+05  0.8970173E+00
 -0.9095000E+05  0.8958006E+00
 -0.9090000E+05  0.8945857E+00
 -0.9085000E+05  0.8933725E+00
 -0.9080000E+05  0.8921611E+00
 -0.9075000E+05  0.8909514E+00
 -0.9070000E+05  0.8897434E+00
 -0.9065000E+05  0.8885371E+00
 -0.9060000E+05  0.8873326E+00
 -0.9055000E+05  0.8861298E+00
 -0.9050000E+05  0.8849287E+00
 -0.9045000E+05  0.8837293E+00
 -0.9040000E+05  0.8825316E+00
 -0.9035000E+05  0.8813355E+00
 -0.9030000E+05  0.8801412E+00
 -0.9025000E+05  0.8789485E+00
 -0.9020000E+05  0.8777575E+00
 -0.9015000E+05  0.8765682E+00
 -0.9010000E+05  0.8753806E+00
 -0.9005000E+05  0.8741946E+00
 -0.9000000E+05  0.8730102E+00
 -0.8995000E+05  0.8718275E+00
 -0.8990000E+05  0.8706465E+00
 -0.8985000E+05  0.8694670E+00
 -0.8980000E+05  0.8682893E+00
 -0.8975000E+05  0.8671131E+00
 -0.8970000E+05  0.8659386E+00
 -0.8965000E+05  0.8647657E+00
 -0.8960000E+05  0.8635945E+00
 -0.8955000E+05  0.8624248E+00
 -0.8950000E+05  0.8612568E+00
 -0.8945000E+05  0.8600905E+00
 -0.8940000E+05  0.8589257E+00
 -0.8935000E+05  0.8577626E+00
 -0.8930000E+05  0.8566011E+00
 -0.8925000E+05  0.8554412E+00
 -0.8920000E+05  0.8542829E+00
 -0.8915000E+05  0.8531263E+00
 -0.8910000E+05  0.8519713E+00
 -0.8905000E+05  0.8508179E+00
 -0.8900000E+05  0.8496662E+00
 -0.8895000E+05  0.8485161E+00
 -0.8890000E+05  0.8473677E+00
 -0.8885000E+05  0.8462209E+00
 -0.8880000E+05  0.8450758E+00
 -0.8875000E+05  0.8439324E+00
 -0.8870000E+05  0.8427907E+00
 -0.8865000E+05  0.8416507E+00
 -0.8860000E+05  0.8405123E+00
 -0.8855000E+05  0.8393757E+00
 -0.8850000E+05  0.8382409E+00
 -0.8845000E+05  0.8371077E+00
 -0.8840000E+05  0.8359764E+00
 -0.8835000E+05  0.8348468E+00
 -0.8830000E+05  0.8337190E+00
 -0.8825000E+05  0.8325931E+00
 -0.8820000E+05  0.8314690E+00
 -0.8815000E+05  0.8303467E+00
 -0.8810000E+05  0.8292264E+00
 -0.8805000E+05  0.8281080E+00
 -0.8800000E+05  0.8269915E+00
 -0.8795000E+05  0.8258769E+00
 -0.8790000E+05  0.8247644E+00
 -0.8785000E+05  0.8236539E+00
 -0.8780000E+05  0.8225455E+00
 -0.8775000E+05  0.8214392E+00
 -0.8770000E+05  0.8203350E+00
 -0.8765000E+05  0.8192330E+00
 -0.8760000E+05  0.8181333E+00
 -0.8755000E+05  0.8170358E+00
 -0.8750000E+05  0.8159406E+00
 -0.8745000E+05  0.8148477E+00
 -0.8740000E+05  0.8137573E+00
 -0.8735000E+05  0.8126693E+00
 -0.8730000E+05  0.8115839E+00
 -0.8725000E+05  0.8105010E+00
 -0.8720000E+05  0.8094208E+00
 -0.8715000E+05  0.8083432E+00
 -0.8710000E+05  0.8072685E+00
 -0.8705000E+05  0.8061965E+00
 -0.8700000E+05  0.8051275E+00
 -0.8695000E+05  0.8040614E+00
 -0.8690000E+05  0.8029984E+00
 -0.8685000E+05  0.8019385E+00
 -0.8680000E+05  0.8008818E+00
 -0.8675000E+05  0.7998285E+00
 -0.8670000E+05  0.7987785E+00
 -0.8665000E+05  0.7977320E+00
 -0.8660000E+05  0.7966890E+00
 -0.8655000E+05  0.7956498E+00
 -0.8650000E+05  0.7946143E+00
 -0.8645000E+05  0.7935827E+00
 -0.8640000E+05  0.7925552E+00
 -0.8635000E+05  0.7915317E+00
