 -0.1141850E+06  0.1693683E+01
 -0.1141350E+06  0.1691365E+01
 -0.1140850E+06  0.1689052E+01
 -0.1140350E+06  0.1686741E+01
 -0.1139850E+06  0.1684433E+01
 -0.1139350E+06  0.1682130E+01
 -0.1138850E+06  0.1679829E+01
 -0.1138350E+06  0.1677532E+01
 -0.1137850E+06  0.1675237E+01
 -0.1137350E+06  0.1672947E+01
 -0.1136850E+06  0.1670660E+01
 -0.1136350E+06  0.1668375E+01
 -0.1135850E+06  0.1666094E+01
 -0.1135350E+06  0.1663816E+01
 -0.1134850E+06  0.1661542E+01
 -0.1134350E+06  0.1659270E+01
 -0.1133850E+06  0.1657002E+01
 -0.1133350E+06  0.1654736E+01
 -0.1132850E+06  0.1652475E+01
 -0.1132350E+06  0.1650216E+01
 -0.1131850E+06  0.1647961E+01
 -0.1131350E+06  0.1645708E+01
 -0.1130850E+06  0.1643459E+01
 -0.1130350E+06  0.1641212E+01
 -0.1129850E+06  0.1638969E+01
 -0.1129350E+06  0.1636728E+01
 -0.1128850E+06  0.1634490E+01
 -0.1128350E+06  0.1632257E+01
 -0.1127850E+06  0.1630025E+01
 -0.1127350E+06  0.1627797E+01
 -0.1126850E+06  0.1625572E+01
 -0.1126350E+06  0.1623349E+01
 -0.1125850E+06  0.1621130E+01
 -0.1125350E+06  0.1618913E+01
 -0.1124850E+06  0.1616699E+01
 -0.1124350E+06  0.1614489E+01
 -0.1123850E+06  0.1612281E+01
 -0.1123350E+06  0.1610076E+01
 -0.1122850E+06  0.1607874E+01
 -0.1122350E+06  0.1605675E+01
 -0.1121850E+06  0.1603479E+01
 -0.1121350E+06  0.1601285E+01
 -0.1120850E+06  0.1599095E+01
 -0.1120350E+06  0.1596907E+01
 -0.1119850E+06  0.1594722E+01
 -0.1119350E+06  0.1592540E+01
 -0.1118850E+06  0.1590360E+01
 -0.1118350E+06  0.1588185E+01
 -0.1117850E+06  0.1586011E+01
 -0.1117350E+06  0.1583840E+01
 -0.1116850E+06  0.1581672E+01
 -0.1116350E+06  0.1579507E+01
 -0.1115850E+06  0.1577345E+01
 -0.1115350E+06  0.1575185E+01
 -0.1114850E+06  0.1573028E+01
 -0.1114350E+06  0.1570874E+01
 -0.1113850E+06  0.1568724E+01
 -0.1113350E+06  0.1566575E+01
 -0.1112850E+06  0.1564430E+01
 -0.1112350E+06  0.1562286E+01
 -0.1111850E+06  0.1560146E+01
 -0.1111350E+06  0.1558009E+01
 -0.1110850E+06  0.1555875E+01
 -0.1110350E+06  0.1553744E+01
 -0.1109850E+06  0.1551614E+01
 -0.1109350E+06  0.1549489E+01
 -0.1108850E+06  0.1547364E+01
 -0.1108350E+06  0.1545244E+01
 -0.1107850E+06  0.1543127E+01
 -0.1107350E+06  0.1541011E+01
 -0.1106850E+06  0.1538899E+01
 -0.1106350E+06  0.1536788E+01
 -0.1105850E+06  0.1534681E+01
 -0.1105350E+06  0.1532577E+01
 -0.1104850E+06  0.1530475E+01
 -0.1104350E+06  0.1528377E+01
 -0.1103850E+06  0.1526281E+01
 -0.1103350E+06  0.1524187E+01
 -0.1102850E+06  0.1522098E+01
 -0.1102350E+06  0.1520009E+01
 -0.1101850E+06  0.1517924E+01
 -0.1101350E+06  0.1515842E+01
 -0.1100850E+06  0.1513762E+01
 -0.1100350E+06  0.1511685E+01
 -0.1099850E+06  0.1509611E+01
 -0.1099350E+06  0.1507540E+01
 -0.1098850E+06  0.1505471E+01
 -0.1098350E+06  0.1503405E+01
