 -0.1127200E+06  0.1627126E+01
 -0.1126700E+06  0.1624901E+01
 -0.1126200E+06  0.1622680E+01
 -0.1125700E+06  0.1620461E+01
 -0.1125200E+06  0.1618245E+01
 -0.1124700E+06  0.1616032E+01
 -0.1124200E+06  0.1613823E+01
 -0.1123700E+06  0.1611616E+01
 -0.1123200E+06  0.1609412E+01
 -0.1122700E+06  0.1607211E+01
 -0.1122200E+06  0.1605013E+01
 -0.1121700E+06  0.1602817E+01
 -0.1121200E+06  0.1600625E+01
 -0.1120700E+06  0.1598436E+01
 -0.1120200E+06  0.1596249E+01
 -0.1119700E+06  0.1594065E+01
 -0.1119200E+06  0.1591884E+01
 -0.1118700E+06  0.1589706E+01
 -0.1118200E+06  0.1587531E+01
 -0.1117700E+06  0.1585359E+01
 -0.1117200E+06  0.1583189E+01
 -0.1116700E+06  0.1581023E+01
 -0.1116200E+06  0.1578859E+01
 -0.1115700E+06  0.1576698E+01
 -0.1115200E+06  0.1574539E+01
 -0.1114700E+06  0.1572384E+01
 -0.1114200E+06  0.1570231E+01
 -0.1113700E+06  0.1568081E+01
 -0.1113200E+06  0.1565934E+01
 -0.1112700E+06  0.1563789E+01
 -0.1112200E+06  0.1561648E+01
 -0.1111700E+06  0.1559509E+01
 -0.1111200E+06  0.1557372E+01
 -0.1110700E+06  0.1555239E+01
 -0.1110200E+06  0.1553108E+01
 -0.1109700E+06  0.1550980E+01
 -0.1109200E+06  0.1548855E+01
 -0.1108700E+06  0.1546732E+01
 -0.1108200E+06  0.1544612E+01
 -0.1107700E+06  0.1542495E+01
 -0.1107200E+06  0.1540381E+01
 -0.1106700E+06  0.1538269E+01
 -0.1106200E+06  0.1536160E+01
 -0.1105700E+06  0.1534054E+01
 -0.1105200E+06  0.1531950E+01
 -0.1104700E+06  0.1529849E+01
 -0.1104200E+06  0.1527751E+01
 -0.1103700E+06  0.1525656E+01
 -0.1103200E+06  0.1523563E+01
 -0.1102700E+06  0.1521473E+01
 -0.1102200E+06  0.1519385E+01
 -0.1101700E+06  0.1517301E+01
 -0.1101200E+06  0.1515219E+01
 -0.1100700E+06  0.1513140E+01
 -0.1100200E+06  0.1511063E+01
 -0.1099700E+06  0.1508989E+01
 -0.1099200E+06  0.1506918E+01
 -0.1098700E+06  0.1504850E+01
 -0.1098200E+06  0.1502784E+01
 -0.1097700E+06  0.1500721E+01
 -0.1097200E+06  0.1498661E+01
 -0.1096700E+06  0.1496603E+01
 -0.1096200E+06  0.1494548E+01
 -0.1095700E+06  0.1492496E+01
 -0.1095200E+06  0.1490447E+01
 -0.1094700E+06  0.1488400E+01
 -0.1094200E+06  0.1486356E+01
 -0.1093700E+06  0.1484315E+01
 -0.1093200E+06  0.1482276E+01
 -0.1092700E+06  0.1480240E+01
 -0.1092200E+06  0.1478207E+01
 -0.1091700E+06  0.1476177E+01
 -0.1091200E+06  0.1474149E+01
 -0.1090700E+06  0.1472124E+01
 -0.1090200E+06  0.1470102E+01
 -0.1089700E+06  0.1468083E+01
 -0.1089200E+06  0.1466066E+01
 -0.1088700E+06  0.1464052E+01
 -0.1088200E+06  0.1462041E+01
 -0.1087700E+06  0.1460033E+01
 -0.1087200E+06  0.1458027E+01
 -0.1086700E+06  0.1456024E+01
 -0.1086200E+06  0.1454024E+01
 -0.1085700E+06  0.1452027E+01
 -0.1085200E+06  0.1450032E+01
 -0.1084700E+06  0.1448040E+01
 -0.1084200E+06  0.1446051E+01
 -0.1083700E+06  0.1444065E+01
 -0.1083200E+06  0.1442081E+01
 -0.1082700E+06  0.1440100E+01
 -0.1082200E+06  0.1438122E+01
 -0.1081700E+06  0.1436147E+01
 -0.1081200E+06  0.1434174E+01
 -0.1080700E+06  0.1432204E+01
 -0.1080200E+06  0.1430237E+01
 -0.1079700E+06  0.1428273E+01
 -0.1079200E+06  0.1426311E+01
 -0.1078700E+06  0.1424352E+01
 -0.1078200E+06  0.1422396E+01
 -0.1077700E+06  0.1420443E+01
 -0.1077200E+06  0.1418492E+01
 -0.1076700E+06  0.1416544E+01
 -0.1076200E+06  0.1414599E+01
 -0.1075700E+06  0.1412657E+01
 -0.1075200E+06  0.1410717E+01
 -0.1074700E+06  0.1408780E+01
 -0.1074200E+06  0.1406846E+01
 -0.1073700E+06  0.1404915E+01
 -0.1073200E+06  0.1402986E+01
 -0.1072700E+06  0.1401060E+01
 -0.1072200E+06  0.1399137E+01
 -0.1071700E+06  0.1397216E+01
 -0.1071200E+06  0.1395298E+01
 -0.1070700E+06  0.1393383E+01
 -0.1070200E+06  0.1391471E+01
 -0.1069700E+06  0.1389561E+01
 -0.1069200E+06  0.1387654E+01
 -0.1068700E+06  0.1385749E+01
