 -0.1097900E+06  0.1501545E+01
 -0.1097400E+06  0.1499484E+01
 -0.1096900E+06  0.1497425E+01
 -0.1096400E+06  0.1495368E+01
 -0.1095900E+06  0.1493315E+01
 -0.1095400E+06  0.1491264E+01
 -0.1094900E+06  0.1489216E+01
 -0.1094400E+06  0.1487170E+01
 -0.1093900E+06  0.1485128E+01
 -0.1093400E+06  0.1483088E+01
 -0.1092900E+06  0.1481051E+01
 -0.1092400E+06  0.1479016E+01
 -0.1091900E+06  0.1476985E+01
 -0.1091400E+06  0.1474956E+01
 -0.1090900E+06  0.1472930E+01
 -0.1090400E+06  0.1470906E+01
 -0.1089900E+06  0.1468886E+01
 -0.1089400E+06  0.1466868E+01
 -0.1088900E+06  0.1464853E+01
 -0.1088400E+06  0.1462841E+01
 -0.1087900E+06  0.1460831E+01
 -0.1087400E+06  0.1458825E+01
 -0.1086900E+06  0.1456821E+01
 -0.1086400E+06  0.1454820E+01
 -0.1085900E+06  0.1452821E+01
 -0.1085400E+06  0.1450826E+01
 -0.1084900E+06  0.1448833E+01
 -0.1084400E+06  0.1446843E+01
 -0.1083900E+06  0.1444855E+01
 -0.1083400E+06  0.1442871E+01
 -0.1082900E+06  0.1440889E+01
 -0.1082400E+06  0.1438910E+01
 -0.1081900E+06  0.1436934E+01
 -0.1081400E+06  0.1434961E+01
 -0.1080900E+06  0.1432990E+01
 -0.1080400E+06  0.1431022E+01
 -0.1079900E+06  0.1429057E+01
 -0.1079400E+06  0.1427095E+01
 -0.1078900E+06  0.1425135E+01
 -0.1078400E+06  0.1423178E+01
 -0.1077900E+06  0.1421224E+01
 -0.1077400E+06  0.1419273E+01
 -0.1076900E+06  0.1417324E+01
 -0.1076400E+06  0.1415379E+01
 -0.1075900E+06  0.1413435E+01
 -0.1075400E+06  0.1411495E+01
 -0.1074900E+06  0.1409557E+01
 -0.1074400E+06  0.1407622E+01
 -0.1073900E+06  0.1405690E+01
 -0.1073400E+06  0.1403761E+01
 -0.1072900E+06  0.1401834E+01
 -0.1072400E+06  0.1399910E+01
 -0.1071900E+06  0.1397988E+01
 -0.1071400E+06  0.1396070E+01
 -0.1070900E+06  0.1394153E+01
 -0.1070400E+06  0.1392240E+01
 -0.1069900E+06  0.1390329E+01
 -0.1069400E+06  0.1388421E+01
 -0.1068900E+06  0.1386516E+01
 -0.1068400E+06  0.1384613E+01
 -0.1067900E+06  0.1382713E+01
 -0.1067400E+06  0.1380816E+01
 -0.1066900E+06  0.1378921E+01
 -0.1066400E+06  0.1377029E+01
 -0.1065900E+06  0.1375139E+01
 -0.1065400E+06  0.1373252E+01
 -0.1064900E+06  0.1371368E+01
 -0.1064400E+06  0.1369486E+01
 -0.1063900E+06  0.1367607E+01
 -0.1063400E+06  0.1365730E+01
 -0.1062900E+06  0.1363856E+01
 -0.1062400E+06  0.1361985E+01
 -0.1061900E+06  0.1360116E+01
 -0.1061400E+06  0.1358250E+01
 -0.1060900E+06  0.1356386E+01
 -0.1060400E+06  0.1354525E+01
 -0.1059900E+06  0.1352666E+01
 -0.1059400E+06  0.1350810E+01
 -0.1058900E+06  0.1348956E+01
 -0.1058400E+06  0.1347105E+01
 -0.1057900E+06  0.1345257E+01
 -0.1057400E+06  0.1343410E+01
 -0.1056900E+06  0.1341567E+01
 -0.1056400E+06  0.1339726E+01
 -0.1055900E+06  0.1337887E+01
 -0.1055400E+06  0.1336051E+01
 -0.1054900E+06  0.1334217E+01
 -0.1054400E+06  0.1332386E+01
 -0.1053900E+06  0.1330557E+01
 -0.1053400E+06  0.1328731E+01
 -0.1052900E+06  0.1326907E+01
 -0.1052400E+06  0.1325086E+01
 -0.1051900E+06  0.1323267E+01
 -0.1051400E+06  0.1321450E+01
 -0.1050900E+06  0.1319636E+01
 -0.1050400E+06  0.1317825E+01
 -0.1049900E+06  0.1316015E+01
 -0.1049400E+06  0.1314208E+01
 -0.1048900E+06  0.1312404E+01
 -0.1048400E+06  0.1310602E+01
 -0.1047900E+06  0.1308802E+01
 -0.1047400E+06  0.1307005E+01
 -0.1046900E+06  0.1305210E+01
 -0.1046400E+06  0.1303418E+01
 -0.1045900E+06  0.1301628E+01
 -0.1045400E+06  0.1299840E+01
 -0.1044900E+06  0.1298055E+01
 -0.1044400E+06  0.1296272E+01
 -0.1043900E+06  0.1294491E+01
 -0.1043400E+06  0.1292713E+01
 -0.1042900E+06  0.1290937E+01
 -0.1042400E+06  0.1289164E+01
 -0.1041900E+06  0.1287392E+01
 -0.1041400E+06  0.1285624E+01
 -0.1040900E+06  0.1283857E+01
 -0.1040400E+06  0.1282093E+01
 -0.1039900E+06  0.1280332E+01
 -0.1039400E+06  0.1278572E+01
 -0.1038900E+06  0.1276815E+01
 -0.1038400E+06  0.1275061E+01
 -0.1037900E+06  0.1273308E+01
 -0.1037400E+06  0.1271558E+01
 -0.1036900E+06  0.1269811E+01
 -0.1036400E+06  0.1268065E+01
 -0.1035900E+06  0.1266322E+01
 -0.1035400E+06  0.1264582E+01
 -0.1034900E+06  0.1262844E+01
 -0.1034400E+06  0.1261108E+01
 -0.1033900E+06  0.1259374E+01
 -0.1033400E+06  0.1257643E+01
 -0.1032900E+06  0.1255914E+01
 -0.1032400E+06  0.1254188E+01
 -0.1031900E+06  0.1252463E+01
 -0.1031400E+06  0.1250741E+01
 -0.1030900E+06  0.1249022E+01
 -0.1030400E+06  0.1247305E+01
 -0.1029900E+06  0.1245590E+01
 -0.1029400E+06  0.1243878E+01
 -0.1028900E+06  0.1242167E+01
 -0.1028400E+06  0.1240460E+01
 -0.1027900E+06  0.1238754E+01
 -0.1027400E+06  0.1237051E+01
 -0.1026900E+06  0.1235350E+01
 -0.1026400E+06  0.1233652E+01
 -0.1025900E+06  0.1231956E+01
 -0.1025400E+06  0.1230262E+01
 -0.1024900E+06  0.1228571E+01
