 -0.1068600E+06  0.1385370E+01
 -0.1068100E+06  0.1383470E+01
 -0.1067600E+06  0.1381571E+01
 -0.1067100E+06  0.1379676E+01
 -0.1066600E+06  0.1377783E+01
 -0.1066100E+06  0.1375893E+01
 -0.1065600E+06  0.1374005E+01
 -0.1065100E+06  0.1372120E+01
 -0.1064600E+06  0.1370238E+01
 -0.1064100E+06  0.1368358E+01
 -0.1063600E+06  0.1366481E+01
 -0.1063100E+06  0.1364606E+01
 -0.1062600E+06  0.1362734E+01
 -0.1062100E+06  0.1360864E+01
 -0.1061600E+06  0.1358997E+01
 -0.1061100E+06  0.1357132E+01
 -0.1060600E+06  0.1355270E+01
 -0.1060100E+06  0.1353411E+01
 -0.1059600E+06  0.1351554E+01
 -0.1059100E+06  0.1349700E+01
 -0.1058600E+06  0.1347848E+01
 -0.1058100E+06  0.1345998E+01
 -0.1057600E+06  0.1344151E+01
 -0.1057100E+06  0.1342307E+01
 -0.1056600E+06  0.1340465E+01
 -0.1056100E+06  0.1338625E+01
 -0.1055600E+06  0.1336788E+01
 -0.1055100E+06  0.1334953E+01
 -0.1054600E+06  0.1333121E+01
 -0.1054100E+06  0.1331292E+01
 -0.1053600E+06  0.1329464E+01
 -0.1053100E+06  0.1327639E+01
 -0.1052600E+06  0.1325817E+01
 -0.1052100E+06  0.1323997E+01
 -0.1051600E+06  0.1322179E+01
 -0.1051100E+06  0.1320364E+01
 -0.1050600E+06  0.1318551E+01
 -0.1050100E+06  0.1316741E+01
 -0.1049600E+06  0.1314933E+01
 -0.1049100E+06  0.1313128E+01
 -0.1048600E+06  0.1311324E+01
 -0.1048100E+06  0.1309524E+01
 -0.1047600E+06  0.1307725E+01
 -0.1047100E+06  0.1305929E+01
 -0.1046600E+06  0.1304136E+01
 -0.1046100E+06  0.1302345E+01
 -0.1045600E+06  0.1300556E+01
 -0.1045100E+06  0.1298769E+01
 -0.1044600E+06  0.1296985E+01
 -0.1044100E+06  0.1295203E+01
 -0.1043600E+06  0.1293424E+01
 -0.1043100E+06  0.1291647E+01
 -0.1042600E+06  0.1289872E+01
 -0.1042100E+06  0.1288100E+01
 -0.1041600E+06  0.1286330E+01
 -0.1041100E+06  0.1284563E+01
 -0.1040600E+06  0.1282798E+01
 -0.1040100E+06  0.1281035E+01
 -0.1039600E+06  0.1279274E+01
 -0.1039100E+06  0.1277516E+01
 -0.1038600E+06  0.1275760E+01
 -0.1038100E+06  0.1274007E+01
 -0.1037600E+06  0.1272256E+01
 -0.1037100E+06  0.1270507E+01
 -0.1036600E+06  0.1268761E+01
 -0.1036100E+06  0.1267017E+01
 -0.1035600E+06  0.1265276E+01
 -0.1035100E+06  0.1263536E+01
 -0.1034600E+06  0.1261799E+01
 -0.1034100E+06  0.1260065E+01
 -0.1033600E+06  0.1258333E+01
 -0.1033100E+06  0.1256603E+01
 -0.1032600E+06  0.1254875E+01
 -0.1032100E+06  0.1253150E+01
 -0.1031600E+06  0.1251428E+01
 -0.1031100E+06  0.1249707E+01
 -0.1030600E+06  0.1247989E+01
 -0.1030100E+06  0.1246273E+01
 -0.1029600E+06  0.1244560E+01
 -0.1029100E+06  0.1242849E+01
 -0.1028600E+06  0.1241141E+01
 -0.1028100E+06  0.1239434E+01
 -0.1027600E+06  0.1237730E+01
 -0.1027100E+06  0.1236029E+01
 -0.1026600E+06  0.1234330E+01
 -0.1026100E+06  0.1232633E+01
 -0.1025600E+06  0.1230939E+01
 -0.1025100E+06  0.1229247E+01
 -0.1024600E+06  0.1227557E+01
 -0.1024100E+06  0.1225869E+01
 -0.1023600E+06  0.1224184E+01
 -0.1023100E+06  0.1222502E+01
 -0.1022600E+06  0.1220822E+01
 -0.1022100E+06  0.1219144E+01
 -0.1021600E+06  0.1217468E+01
 -0.1021100E+06  0.1215795E+01
 -0.1020600E+06  0.1214124E+01
 -0.1020100E+06  0.1212456E+01
 -0.1019600E+06  0.1210790E+01
 -0.1019100E+06  0.1209126E+01
 -0.1018600E+06  0.1207465E+01
 -0.1018100E+06  0.1205806E+01
 -0.1017600E+06  0.1204149E+01
 -0.1017100E+06  0.1202495E+01
 -0.1016600E+06  0.1200843E+01
 -0.1016100E+06  0.1199193E+01
 -0.1015600E+06  0.1197546E+01
 -0.1015100E+06  0.1195901E+01
 -0.1014600E+06  0.1194259E+01
 -0.1014100E+06  0.1192619E+01
 -0.1013600E+06  0.1190981E+01
 -0.1013100E+06  0.1189345E+01
 -0.1012600E+06  0.1187712E+01
 -0.1012100E+06  0.1186082E+01
 -0.1011600E+06  0.1184453E+01
 -0.1011100E+06  0.1182827E+01
 -0.1010600E+06  0.1181203E+01
 -0.1010100E+06  0.1179582E+01
 -0.1009600E+06  0.1177963E+01
 -0.1009100E+06  0.1176346E+01
 -0.1008600E+06  0.1174732E+01
 -0.1008100E+06  0.1173120E+01
 -0.1007600E+06  0.1171510E+01
 -0.1007100E+06  0.1169903E+01
 -0.1006600E+06  0.1168298E+01
 -0.1006100E+06  0.1166695E+01
 -0.1005600E+06  0.1165094E+01
 -0.1005100E+06  0.1163496E+01
 -0.1004600E+06  0.1161901E+01
 -0.1004100E+06  0.1160307E+01
 -0.1003600E+06  0.1158716E+01
 -0.1003100E+06  0.1157127E+01
 -0.1002600E+06  0.1155540E+01
 -0.1002100E+06  0.1153956E+01
 -0.1001600E+06  0.1152374E+01
 -0.1001100E+06  0.1150794E+01
 -0.1000600E+06  0.1149217E+01
 -0.1000100E+06  0.1147641E+01
 -0.9996000E+05  0.1146068E+01
 -0.9991000E+05  0.1144498E+01
 -0.9986000E+05  0.1142929E+01
 -0.9981000E+05  0.1141363E+01
 -0.9976000E+05  0.1139799E+01
 -0.9971000E+05  0.1138237E+01
 -0.9966000E+05  0.1136678E+01
 -0.9961000E+05  0.1135121E+01
 -0.9956000E+05  0.1133566E+01
 -0.9951000E+05  0.1132013E+01
 -0.9946000E+05  0.1130462E+01
 -0.9941000E+05  0.1128914E+01
 -0.9936000E+05  0.1127368E+01
 -0.9931000E+05  0.1125824E+01
 -0.9926000E+05  0.1124282E+01
 -0.9921000E+05  0.1122742E+01
 -0.9916000E+05  0.1121205E+01
 -0.9911000E+05  0.1119670E+01
 -0.9906000E+05  0.1118137E+01
 -0.9901000E+05  0.1116606E+01
 -0.9896000E+05  0.1115077E+01
 -0.9891000E+05  0.1113550E+01
 -0.9886000E+05  0.1112026E+01
 -0.9881000E+05  0.1110504E+01
 -0.9876000E+05  0.1108983E+01
 -0.9871000E+05  0.1107465E+01
 -0.9866000E+05  0.1105949E+01
 -0.9861000E+05  0.1104436E+01
 -0.9856000E+05  0.1102924E+01
 -0.9851000E+05  0.1101414E+01
 -0.9846000E+05  0.1099907E+01
 -0.9841000E+05  0.1098401E+01
 -0.9836000E+05  0.1096898E+01
 -0.9831000E+05  0.1095397E+01
 -0.9826000E+05  0.1093898E+01
 -0.9821000E+05  0.1092400E+01
 -0.9816000E+05  0.1090905E+01
 -0.9811000E+05  0.1089412E+01
