 -0.1024650E+06  0.1227719E+01
 -0.1024150E+06  0.1226031E+01
 -0.1023650E+06  0.1224346E+01
 -0.1023150E+06  0.1222663E+01
 -0.1022650E+06  0.1220982E+01
 -0.1022150E+06  0.1219304E+01
 -0.1021650E+06  0.1217628E+01
 -0.1021150E+06  0.1215955E+01
 -0.1020650E+06  0.1214284E+01
 -0.1020150E+06  0.1212615E+01
 -0.1019650E+06  0.1210949E+01
 -0.1019150E+06  0.1209285E+01
 -0.1018650E+06  0.1207624E+01
 -0.1018150E+06  0.1205965E+01
 -0.1017650E+06  0.1204308E+01
 -0.1017150E+06  0.1202654E+01
 -0.1016650E+06  0.1201002E+01
 -0.1016150E+06  0.1199352E+01
 -0.1015650E+06  0.1197705E+01
 -0.1015150E+06  0.1196060E+01
 -0.1014650E+06  0.1194418E+01
 -0.1014150E+06  0.1192778E+01
 -0.1013650E+06  0.1191140E+01
 -0.1013150E+06  0.1189505E+01
 -0.1012650E+06  0.1187872E+01
 -0.1012150E+06  0.1186241E+01
 -0.1011650E+06  0.1184613E+01
 -0.1011150E+06  0.1182987E+01
 -0.1010650E+06  0.1181363E+01
 -0.1010150E+06  0.1179742E+01
 -0.1009650E+06  0.1178123E+01
 -0.1009150E+06  0.1176507E+01
 -0.1008650E+06  0.1174892E+01
 -0.1008150E+06  0.1173280E+01
 -0.1007650E+06  0.1171671E+01
 -0.1007150E+06  0.1170064E+01
 -0.1006650E+06  0.1168459E+01
 -0.1006150E+06  0.1166856E+01
 -0.1005650E+06  0.1165256E+01
 -0.1005150E+06  0.1163658E+01
 -0.1004650E+06  0.1162062E+01
 -0.1004150E+06  0.1160469E+01
 -0.1003650E+06  0.1158878E+01
 -0.1003150E+06  0.1157289E+01
 -0.1002650E+06  0.1155702E+01
 -0.1002150E+06  0.1154118E+01
 -0.1001650E+06  0.1152536E+01
 -0.1001150E+06  0.1150956E+01
 -0.1000650E+06  0.1149379E+01
 -0.1000150E+06  0.1147804E+01
 -0.9996500E+05  0.1146231E+01
 -0.9991500E+05  0.1144660E+01
 -0.9986500E+05  0.1143092E+01
 -0.9981500E+05  0.1141525E+01
 -0.9976500E+05  0.1139961E+01
 -0.9971500E+05  0.1138400E+01
 -0.9966500E+05  0.1136840E+01
 -0.9961500E+05  0.1135283E+01
 -0.9956500E+05  0.1133727E+01
 -0.9951500E+05  0.1132175E+01
 -0.9946500E+05  0.1130624E+01
 -0.9941500E+05  0.1129075E+01
 -0.9936500E+05  0.1127529E+01
 -0.9931500E+05  0.1125985E+01
 -0.9926500E+05  0.1124443E+01
 -0.9921500E+05  0.1122903E+01
 -0.9916500E+05  0.1121365E+01
 -0.9911500E+05  0.1119829E+01
 -0.9906500E+05  0.1118296E+01
 -0.9901500E+05  0.1116765E+01
 -0.9896500E+05  0.1115236E+01
 -0.9891500E+05  0.1113709E+01
 -0.9886500E+05  0.1112184E+01
 -0.9881500E+05  0.1110661E+01
 -0.9876500E+05  0.1109141E+01
 -0.9871500E+05  0.1107622E+01
 -0.9866500E+05  0.1106106E+01
 -0.9861500E+05  0.1104591E+01
 -0.9856500E+05  0.1103079E+01
 -0.9851500E+05  0.1101569E+01
 -0.9846500E+05  0.1100061E+01
 -0.9841500E+05  0.1098555E+01
 -0.9836500E+05  0.1097051E+01
 -0.9831500E+05  0.1095550E+01
 -0.9826500E+05  0.1094050E+01
 -0.9821500E+05  0.1092552E+01
 -0.9816500E+05  0.1091057E+01
 -0.9811500E+05  0.1089563E+01
 -0.9806500E+05  0.1088072E+01
 -0.9801500E+05  0.1086582E+01
 -0.9796500E+05  0.1085095E+01
 -0.9791500E+05  0.1083609E+01
 -0.9786500E+05  0.1082126E+01
 -0.9781500E+05  0.1080645E+01
 -0.9776500E+05  0.1079165E+01
 -0.9771500E+05  0.1077688E+01
 -0.9766500E+05  0.1076213E+01
 -0.9761500E+05  0.1074740E+01
 -0.9756500E+05  0.1073268E+01
 -0.9751500E+05  0.1071799E+01
 -0.9746500E+05  0.1070332E+01
 -0.9741500E+05  0.1068867E+01
 -0.9736500E+05  0.1067403E+01
 -0.9731500E+05  0.1065942E+01
 -0.9726500E+05  0.1064483E+01
 -0.9721500E+05  0.1063025E+01
 -0.9716500E+05  0.1061570E+01
 -0.9711500E+05  0.1060117E+01
 -0.9706500E+05  0.1058665E+01
 -0.9701500E+05  0.1057216E+01
 -0.9696500E+05  0.1055769E+01
 -0.9691500E+05  0.1054323E+01
 -0.9686500E+05  0.1052880E+01
 -0.9681500E+05  0.1051438E+01
 -0.9676500E+05  0.1049999E+01
 -0.9671500E+05  0.1048561E+01
 -0.9666500E+05  0.1047125E+01
 -0.9661500E+05  0.1045692E+01
 -0.9656500E+05  0.1044260E+01
 -0.9651500E+05  0.1042830E+01
 -0.9646500E+05  0.1041403E+01
 -0.9641500E+05  0.1039977E+01
 -0.9636500E+05  0.1038553E+01
 -0.9631500E+05  0.1037131E+01
 -0.9626500E+05  0.1035711E+01
 -0.9621500E+05  0.1034293E+01
 -0.9616500E+05  0.1032877E+01
 -0.9611500E+05  0.1031462E+01
 -0.9606500E+05  0.1030050E+01
 -0.9601500E+05  0.1028640E+01
 -0.9596500E+05  0.1027231E+01
 -0.9591500E+05  0.1025825E+01
 -0.9586500E+05  0.1024421E+01
 -0.9581500E+05  0.1023018E+01
 -0.9576500E+05  0.1021617E+01
 -0.9571500E+05  0.1020219E+01
 -0.9566500E+05  0.1018822E+01
 -0.9561500E+05  0.1017427E+01
 -0.9556500E+05  0.1016035E+01
 -0.9551500E+05  0.1014644E+01
 -0.9546500E+05  0.1013255E+01
 -0.9541500E+05  0.1011868E+01
 -0.9536500E+05  0.1010483E+01
 -0.9531500E+05  0.1009099E+01
 -0.9526500E+05  0.1007718E+01
 -0.9521500E+05  0.1006339E+01
 -0.9516500E+05  0.1004962E+01
 -0.9511500E+05  0.1003586E+01
 -0.9506500E+05  0.1002213E+01
 -0.9501500E+05  0.1000841E+01
 -0.9496500E+05  0.9994718E+00
 -0.9491500E+05  0.9981042E+00
 -0.9486500E+05  0.9967386E+00
 -0.9481500E+05  0.9953748E+00
 -0.9476500E+05  0.9940131E+00
 -0.9471500E+05  0.9926532E+00
 -0.9466500E+05  0.9912953E+00
 -0.9461500E+05  0.9899394E+00
 -0.9456500E+05  0.9885854E+00
 -0.9451500E+05  0.9872333E+00
 -0.9446500E+05  0.9858832E+00
 -0.9441500E+05  0.9845351E+00
 -0.9436500E+05  0.9831889E+00
 -0.9431500E+05  0.9818446E+00
 -0.9426500E+05  0.9805023E+00
 -0.9421500E+05  0.9791619E+00
 -0.9416500E+05  0.9778235E+00
 -0.9411500E+05  0.9764870E+00
 -0.9406500E+05  0.9751525E+00
 -0.9401500E+05  0.9738199E+00
 -0.9396500E+05  0.9724893E+00
 -0.9391500E+05  0.9711606E+00
 -0.9386500E+05  0.9698339E+00
 -0.9381500E+05  0.9685091E+00
 -0.9376500E+05  0.9671863E+00
 -0.9371500E+05  0.9658654E+00
 -0.9366500E+05  0.9645464E+00
 -0.9361500E+05  0.9632294E+00
 -0.9356500E+05  0.9619144E+00
 -0.9351500E+05  0.9606013E+00
 -0.9346500E+05  0.9592902E+00
 -0.9341500E+05  0.9579809E+00
 -0.9336500E+05  0.9566737E+00
 -0.9331500E+05  0.9553684E+00
 -0.9326500E+05  0.9540650E+00
 -0.9321500E+05  0.9527635E+00
 -0.9316500E+05  0.9514640E+00
 -0.9311500E+05  0.9501665E+00
 -0.9306500E+05  0.9488709E+00
 -0.9301500E+05  0.9475772E+00
 -0.9296500E+05  0.9462854E+00
 -0.9291500E+05  0.9449956E+00
 -0.9286500E+05  0.9437077E+00
 -0.9281500E+05  0.9424217E+00
 -0.9276500E+05  0.9411377E+00
 -0.9271500E+05  0.9398555E+00
 -0.9266500E+05  0.9385753E+00
 -0.9261500E+05  0.9372971E+00
 -0.9256500E+05  0.9360207E+00
 -0.9251500E+05  0.9347462E+00
 -0.9246500E+05  0.9334737E+00
 -0.9241500E+05  0.9322030E+00
 -0.9236500E+05  0.9309343E+00
 -0.9231500E+05  0.9296675E+00
 -0.9226500E+05  0.9284025E+00
 -0.9221500E+05  0.9271395E+00
