 -0.9807000E+05  0.1088221E+01
 -0.9802000E+05  0.1086731E+01
 -0.9797000E+05  0.1085243E+01
 -0.9792000E+05  0.1083758E+01
 -0.9787000E+05  0.1082274E+01
 -0.9782000E+05  0.1080793E+01
 -0.9777000E+05  0.1079313E+01
 -0.9772000E+05  0.1077836E+01
 -0.9767000E+05  0.1076360E+01
 -0.9762000E+05  0.1074887E+01
 -0.9757000E+05  0.1073415E+01
 -0.9752000E+05  0.1071946E+01
 -0.9747000E+05  0.1070478E+01
 -0.9742000E+05  0.1069013E+01
 -0.9737000E+05  0.1067550E+01
 -0.9732000E+05  0.1066088E+01
 -0.9727000E+05  0.1064629E+01
 -0.9722000E+05  0.1063171E+01
 -0.9717000E+05  0.1061716E+01
 -0.9712000E+05  0.1060262E+01
 -0.9707000E+05  0.1058811E+01
 -0.9702000E+05  0.1057361E+01
 -0.9697000E+05  0.1055913E+01
 -0.9692000E+05  0.1054468E+01
 -0.9687000E+05  0.1053024E+01
 -0.9682000E+05  0.1051582E+01
 -0.9677000E+05  0.1050143E+01
 -0.9672000E+05  0.1048705E+01
 -0.9667000E+05  0.1047269E+01
 -0.9662000E+05  0.1045835E+01
 -0.9657000E+05  0.1044403E+01
 -0.9652000E+05  0.1042973E+01
 -0.9647000E+05  0.1041545E+01
 -0.9642000E+05  0.1040119E+01
 -0.9637000E+05  0.1038695E+01
 -0.9632000E+05  0.1037273E+01
 -0.9627000E+05  0.1035853E+01
 -0.9622000E+05  0.1034434E+01
 -0.9617000E+05  0.1033018E+01
 -0.9612000E+05  0.1031604E+01
 -0.9607000E+05  0.1030191E+01
 -0.9602000E+05  0.1028781E+01
 -0.9597000E+05  0.1027372E+01
 -0.9592000E+05  0.1025966E+01
 -0.9587000E+05  0.1024561E+01
 -0.9582000E+05  0.1023158E+01
 -0.9577000E+05  0.1021757E+01
 -0.9572000E+05  0.1020359E+01
 -0.9567000E+05  0.1018962E+01
 -0.9562000E+05  0.1017567E+01
 -0.9557000E+05  0.1016174E+01
 -0.9552000E+05  0.1014783E+01
 -0.9547000E+05  0.1013393E+01
 -0.9542000E+05  0.1012006E+01
 -0.9537000E+05  0.1010621E+01
 -0.9532000E+05  0.1009238E+01
 -0.9527000E+05  0.1007856E+01
 -0.9522000E+05  0.1006477E+01
 -0.9517000E+05  0.1005099E+01
 -0.9512000E+05  0.1003724E+01
 -0.9507000E+05  0.1002350E+01
 -0.9502000E+05  0.1000978E+01
 -0.9497000E+05  0.9996087E+00
 -0.9492000E+05  0.9982409E+00
 -0.9487000E+05  0.9968750E+00
 -0.9482000E+05  0.9955111E+00
 -0.9477000E+05  0.9941491E+00
 -0.9472000E+05  0.9927891E+00
 -0.9467000E+05  0.9914310E+00
 -0.9462000E+05  0.9900749E+00
 -0.9457000E+05  0.9887207E+00
 -0.9452000E+05  0.9873685E+00
 -0.9447000E+05  0.9860182E+00
 -0.9442000E+05  0.9846698E+00
 -0.9437000E+05  0.9833234E+00
 -0.9432000E+05  0.9819789E+00
 -0.9427000E+05  0.9806364E+00
 -0.9422000E+05  0.9792959E+00
 -0.9417000E+05  0.9779572E+00
 -0.9412000E+05  0.9766206E+00
 -0.9407000E+05  0.9752859E+00
 -0.9402000E+05  0.9739531E+00
 -0.9397000E+05  0.9726223E+00
 -0.9392000E+05  0.9712934E+00
 -0.9387000E+05  0.9699665E+00
 -0.9382000E+05  0.9686415E+00
 -0.9377000E+05  0.9673185E+00
 -0.9372000E+05  0.9659974E+00
 -0.9367000E+05  0.9646782E+00
 -0.9362000E+05  0.9633611E+00
 -0.9357000E+05  0.9620458E+00
 -0.9352000E+05  0.9607325E+00
 -0.9347000E+05  0.9594212E+00
 -0.9342000E+05  0.9581118E+00
 -0.9337000E+05  0.9568043E+00
 -0.9332000E+05  0.9554988E+00
 -0.9327000E+05  0.9541952E+00
 -0.9322000E+05  0.9528936E+00
 -0.9317000E+05  0.9515939E+00
 -0.9312000E+05  0.9502962E+00
 -0.9307000E+05  0.9490003E+00
 -0.9302000E+05  0.9477065E+00
 -0.9297000E+05  0.9464145E+00
 -0.9292000E+05  0.9451245E+00
 -0.9287000E+05  0.9438364E+00
 -0.9282000E+05  0.9425502E+00
 -0.9277000E+05  0.9412660E+00
 -0.9272000E+05  0.9399837E+00
 -0.9267000E+05  0.9387033E+00
 -0.9262000E+05  0.9374248E+00
 -0.9257000E+05  0.9361482E+00
 -0.9252000E+05  0.9348736E+00
 -0.9247000E+05  0.9336008E+00
 -0.9242000E+05  0.9323300E+00
 -0.9237000E+05  0.9310611E+00
 -0.9232000E+05  0.9297940E+00
 -0.9227000E+05  0.9285289E+00
 -0.9222000E+05  0.9272657E+00
 -0.9217000E+05  0.9260043E+00
 -0.9212000E+05  0.9247448E+00
 -0.9207000E+05  0.9234873E+00
 -0.9202000E+05  0.9222316E+00
 -0.9197000E+05  0.9209777E+00
 -0.9192000E+05  0.9197257E+00
 -0.9187000E+05  0.9184756E+00
 -0.9182000E+05  0.9172274E+00
 -0.9177000E+05  0.9159810E+00
 -0.9172000E+05  0.9147364E+00
 -0.9167000E+05  0.9134937E+00
 -0.9162000E+05  0.9122529E+00
 -0.9157000E+05  0.9110139E+00
 -0.9152000E+05  0.9097767E+00
 -0.9147000E+05  0.9085413E+00
 -0.9142000E+05  0.9073077E+00
 -0.9137000E+05  0.9060760E+00
 -0.9132000E+05  0.9048460E+00
 -0.9127000E+05  0.9036179E+00
 -0.9122000E+05  0.9023916E+00
 -0.9117000E+05  0.9011670E+00
 -0.9112000E+05  0.8999442E+00
 -0.9107000E+05  0.8987233E+00
 -0.9102000E+05  0.8975040E+00
 -0.9097000E+05  0.8962866E+00
 -0.9092000E+05  0.8950709E+00
 -0.9087000E+05  0.8938569E+00
 -0.9082000E+05  0.8926447E+00
 -0.9077000E+05  0.8914343E+00
 -0.9072000E+05  0.8902256E+00
 -0.9067000E+05  0.8890186E+00
 -0.9062000E+05  0.8878133E+00
 -0.9057000E+05  0.8866098E+00
 -0.9052000E+05  0.8854079E+00
 -0.9047000E+05  0.8842078E+00
 -0.9042000E+05  0.8830094E+00
 -0.9037000E+05  0.8818126E+00
 -0.9032000E+05  0.8806176E+00
 -0.9027000E+05  0.8794242E+00
 -0.9022000E+05  0.8782325E+00
 -0.9017000E+05  0.8770425E+00
 -0.9012000E+05  0.8758541E+00
 -0.9007000E+05  0.8746674E+00
 -0.9002000E+05  0.8734824E+00
 -0.8997000E+05  0.8722990E+00
 -0.8992000E+05  0.8711173E+00
 -0.8987000E+05  0.8699372E+00
 -0.8982000E+05  0.8687588E+00
 -0.8977000E+05  0.8675820E+00
 -0.8972000E+05  0.8664068E+00
 -0.8967000E+05  0.8652333E+00
 -0.8962000E+05  0.8640614E+00
 -0.8957000E+05  0.8628911E+00
 -0.8952000E+05  0.8617225E+00
 -0.8947000E+05  0.8605555E+00
 -0.8942000E+05  0.8593901E+00
 -0.8937000E+05  0.8582264E+00
 -0.8932000E+05  0.8570642E+00
 -0.8927000E+05  0.8559037E+00
 -0.8922000E+05  0.8547449E+00
 -0.8917000E+05  0.8535876E+00
 -0.8912000E+05  0.8524320E+00
 -0.8907000E+05  0.8512781E+00
 -0.8902000E+05  0.8501257E+00
 -0.8897000E+05  0.8489751E+00
 -0.8892000E+05  0.8478260E+00
 -0.8887000E+05  0.8466787E+00
 -0.8882000E+05  0.8455330E+00
 -0.8877000E+05  0.8443890E+00
 -0.8872000E+05  0.8432467E+00
 -0.8867000E+05  0.8421060E+00
 -0.8862000E+05  0.8409671E+00
 -0.8857000E+05  0.8398299E+00
 -0.8852000E+05  0.8386944E+00
 -0.8847000E+05  0.8375607E+00
 -0.8842000E+05  0.8364287E+00
 -0.8837000E+05  0.8352985E+00
 -0.8832000E+05  0.8341701E+00
 -0.8827000E+05  0.8330436E+00
 -0.8822000E+05  0.8319188E+00
 -0.8817000E+05  0.8307959E+00
 -0.8812000E+05  0.8296749E+00
 -0.8807000E+05  0.8285558E+00
 -0.8802000E+05  0.8274386E+00
 -0.8797000E+05  0.8263234E+00
 -0.8792000E+05  0.8252102E+00
 -0.8787000E+05  0.8240990E+00
 -0.8782000E+05  0.8229898E+00
 -0.8777000E+05  0.8218827E+00
 -0.8772000E+05  0.8207777E+00
 -0.8767000E+05  0.8196749E+00
 -0.8762000E+05  0.8185743E+00
 -0.8757000E+05  0.8174760E+00
 -0.8752000E+05  0.8163799E+00
 -0.8747000E+05  0.8152861E+00
 -0.8742000E+05  0.8141947E+00
 -0.8737000E+05  0.8131058E+00
 -0.8732000E+05  0.8120193E+00
 -0.8727000E+05  0.8109354E+00
 -0.8722000E+05  0.8098541E+00
 -0.8717000E+05  0.8087754E+00
 -0.8712000E+05  0.8076994E+00
 -0.8707000E+05  0.8066262E+00
 -0.8702000E+05  0.8055559E+00
 -0.8697000E+05  0.8044885E+00
 -0.8692000E+05  0.8034241E+00
 -0.8687000E+05  0.8023628E+00
 -0.8682000E+05  0.8013046E+00
 -0.8677000E+05  0.8002496E+00
 -0.8672000E+05  0.7991980E+00
 -0.8667000E+05  0.7981498E+00
 -0.8662000E+05  0.7971050E+00
 -0.8657000E+05  0.7960639E+00
 -0.8652000E+05  0.7950265E+00
 -0.8647000E+05  0.7939929E+00
 -0.8642000E+05  0.7929632E+00
 -0.8637000E+05  0.7919375E+00
