 -0.1156500E+06  0.1762734E+01
 -0.1156000E+06  0.1760312E+01
 -0.1155500E+06  0.1757894E+01
 -0.1155000E+06  0.1755479E+01
 -0.1154500E+06  0.1753068E+01
 -0.1154000E+06  0.1750660E+01
 -0.1153500E+06  0.1748257E+01
 -0.1153000E+06  0.1745856E+01
 -0.1152500E+06  0.1743460E+01
 -0.1152000E+06  0.1741067E+01
 -0.1151500E+06  0.1738678E+01
 -0.1151000E+06  0.1736292E+01
 -0.1150500E+06  0.1733911E+01
 -0.1150000E+06  0.1731533E+01
 -0.1149500E+06  0.1729159E+01
 -0.1149000E+06  0.1726789E+01
 -0.1148500E+06  0.1724422E+01
 -0.1148000E+06  0.1722059E+01
 -0.1147500E+06  0.1719700E+01
 -0.1147000E+06  0.1717345E+01
 -0.1146500E+06  0.1714993E+01
 -0.1146000E+06  0.1712645E+01
 -0.1145500E+06  0.1710301E+01
 -0.1145000E+06  0.1707960E+01
 -0.1144500E+06  0.1705623E+01
 -0.1144000E+06  0.1703289E+01
 -0.1143500E+06  0.1700959E+01
 -0.1143000E+06  0.1698633E+01
 -0.1142500E+06  0.1696310E+01
 -0.1142000E+06  0.1693991E+01
 -0.1141500E+06  0.1691675E+01
 -0.1141000E+06  0.1689363E+01
 -0.1140500E+06  0.1687054E+01
 -0.1140000E+06  0.1684748E+01
 -0.1139500E+06  0.1682446E+01
 -0.1139000E+06  0.1680147E+01
 -0.1138500E+06  0.1677851E+01
 -0.1138000E+06  0.1675559E+01
 -0.1137500E+06  0.1673270E+01
 -0.1137000E+06  0.1670984E+01
 -0.1136500E+06  0.1668702E+01
 -0.1136000E+06  0.1666422E+01
 -0.1135500E+06  0.1664146E+01
 -0.1135000E+06  0.1661873E+01
 -0.1134500E+06  0.1659603E+01
 -0.1134000E+06  0.1657335E+01
 -0.1133500E+06  0.1655072E+01
 -0.1133000E+06  0.1652811E+01
 -0.1132500E+06  0.1650553E+01
 -0.1132000E+06  0.1648298E+01
 -0.1131500E+06  0.1646046E+01
 -0.1131000E+06  0.1643796E+01
 -0.1130500E+06  0.1641550E+01
 -0.1130000E+06  0.1639307E+01
 -0.1129500E+06  0.1637067E+01
 -0.1129000E+06  0.1634829E+01
 -0.1128500E+06  0.1632594E+01
 -0.1128000E+06  0.1630363E+01
 -0.1127500E+06  0.1628134E+01
