 -0.1141850E+06  0.1693296E+01
 -0.1141350E+06  0.1690981E+01
 -0.1140850E+06  0.1688670E+01
 -0.1140350E+06  0.1686362E+01
 -0.1139850E+06  0.1684057E+01
 -0.1139350E+06  0.1681756E+01
 -0.1138850E+06  0.1679458E+01
 -0.1138350E+06  0.1677163E+01
 -0.1137850E+06  0.1674872E+01
 -0.1137350E+06  0.1672584E+01
 -0.1136850E+06  0.1670299E+01
 -0.1136350E+06  0.1668017E+01
 -0.1135850E+06  0.1665739E+01
 -0.1135350E+06  0.1663464E+01
 -0.1134850E+06  0.1661191E+01
 -0.1134350E+06  0.1658922E+01
 -0.1133850E+06  0.1656656E+01
 -0.1133350E+06  0.1654393E+01
 -0.1132850E+06  0.1652133E+01
 -0.1132350E+06  0.1649876E+01
 -0.1131850E+06  0.1647622E+01
 -0.1131350E+06  0.1645370E+01
 -0.1130850E+06  0.1643122E+01
 -0.1130350E+06  0.1640877E+01
 -0.1129850E+06  0.1638635E+01
 -0.1129350E+06  0.1636395E+01
 -0.1128850E+06  0.1634158E+01
 -0.1128350E+06  0.1631925E+01
 -0.1127850E+06  0.1629694E+01
 -0.1127350E+06  0.1627465E+01
 -0.1126850E+06  0.1625240E+01
 -0.1126350E+06  0.1623018E+01
 -0.1125850E+06  0.1620798E+01
 -0.1125350E+06  0.1618581E+01
 -0.1124850E+06  0.1616367E+01
 -0.1124350E+06  0.1614155E+01
 -0.1123850E+06  0.1611947E+01
 -0.1123350E+06  0.1609741E+01
 -0.1122850E+06  0.1607538E+01
 -0.1122350E+06  0.1605337E+01
 -0.1121850E+06  0.1603140E+01
 -0.1121350E+06  0.1600945E+01
 -0.1120850E+06  0.1598753E+01
 -0.1120350E+06  0.1596563E+01
 -0.1119850E+06  0.1594377E+01
 -0.1119350E+06  0.1592193E+01
 -0.1118850E+06  0.1590012E+01
 -0.1118350E+06  0.1587833E+01
 -0.1117850E+06  0.1585658E+01
 -0.1117350E+06  0.1583485E+01
 -0.1116850E+06  0.1581315E+01
 -0.1116350E+06  0.1579148E+01
 -0.1115850E+06  0.1576983E+01
 -0.1115350E+06  0.1574821E+01
 -0.1114850E+06  0.1572663E+01
 -0.1114350E+06  0.1570506E+01
 -0.1113850E+06  0.1568353E+01
 -0.1113350E+06  0.1566202E+01
 -0.1112850E+06  0.1564055E+01
 -0.1112350E+06  0.1561910E+01
 -0.1111850E+06  0.1559768E+01
 -0.1111350E+06  0.1557628E+01
 -0.1110850E+06  0.1555492E+01
 -0.1110350E+06  0.1553359E+01
 -0.1109850E+06  0.1551228E+01
 -0.1109350E+06  0.1549100E+01
 -0.1108850E+06  0.1546975E+01
 -0.1108350E+06  0.1544853E+01
 -0.1107850E+06  0.1542734E+01
 -0.1107350E+06  0.1540617E+01
 -0.1106850E+06  0.1538504E+01
 -0.1106350E+06  0.1536393E+01
 -0.1105850E+06  0.1534286E+01
 -0.1105350E+06  0.1532181E+01
 -0.1104850E+06  0.1530079E+01
 -0.1104350E+06  0.1527980E+01
 -0.1103850E+06  0.1525884E+01
 -0.1103350E+06  0.1523791E+01
 -0.1102850E+06  0.1521701E+01
 -0.1102350E+06  0.1519614E+01
 -0.1101850E+06  0.1517530E+01
 -0.1101350E+06  0.1515448E+01
 -0.1100850E+06  0.1513370E+01
 -0.1100350E+06  0.1511294E+01
 -0.1099850E+06  0.1509222E+01
 -0.1099350E+06  0.1507152E+01
 -0.1098850E+06  0.1505085E+01
 -0.1098350E+06  0.1503021E+01
