 -0.1127200E+06  0.1626801E+01
 -0.1126700E+06  0.1624576E+01
 -0.1126200E+06  0.1622354E+01
 -0.1125700E+06  0.1620135E+01
 -0.1125200E+06  0.1617918E+01
 -0.1124700E+06  0.1615705E+01
 -0.1124200E+06  0.1613494E+01
 -0.1123700E+06  0.1611286E+01
 -0.1123200E+06  0.1609081E+01
 -0.1122700E+06  0.1606878E+01
 -0.1122200E+06  0.1604678E+01
 -0.1121700E+06  0.1602480E+01
 -0.1121200E+06  0.1600286E+01
 -0.1120700E+06  0.1598094E+01
 -0.1120200E+06  0.1595905E+01
 -0.1119700E+06  0.1593719E+01
 -0.1119200E+06  0.1591536E+01
 -0.1118700E+06  0.1589355E+01
 -0.1118200E+06  0.1587177E+01
 -0.1117700E+06  0.1585003E+01
 -0.1117200E+06  0.1582830E+01
 -0.1116700E+06  0.1580661E+01
 -0.1116200E+06  0.1578494E+01
 -0.1115700E+06  0.1576331E+01
 -0.1115200E+06  0.1574170E+01
 -0.1114700E+06  0.1572011E+01
 -0.1114200E+06  0.1569856E+01
 -0.1113700E+06  0.1567704E+01
 -0.1113200E+06  0.1565554E+01
 -0.1112700E+06  0.1563408E+01
 -0.1112200E+06  0.1561264E+01
 -0.1111700E+06  0.1559123E+01
 -0.1111200E+06  0.1556985E+01
 -0.1110700E+06  0.1554849E+01
 -0.1110200E+06  0.1552717E+01
 -0.1109700E+06  0.1550588E+01
 -0.1109200E+06  0.1548461E+01
 -0.1108700E+06  0.1546337E+01
 -0.1108200E+06  0.1544216E+01
 -0.1107700E+06  0.1542099E+01
 -0.1107200E+06  0.1539984E+01
 -0.1106700E+06  0.1537872E+01
 -0.1106200E+06  0.1535762E+01
 -0.1105700E+06  0.1533656E+01
 -0.1105200E+06  0.1531553E+01
 -0.1104700E+06  0.1529452E+01
 -0.1104200E+06  0.1527354E+01
 -0.1103700E+06  0.1525260E+01
 -0.1103200E+06  0.1523168E+01
 -0.1102700E+06  0.1521079E+01
 -0.1102200E+06  0.1518993E+01
 -0.1101700E+06  0.1516909E+01
 -0.1101200E+06  0.1514829E+01
 -0.1100700E+06  0.1512752E+01
 -0.1100200E+06  0.1510677E+01
 -0.1099700E+06  0.1508605E+01
 -0.1099200E+06  0.1506536E+01
 -0.1098700E+06  0.1504471E+01
 -0.1098200E+06  0.1502407E+01
 -0.1097700E+06  0.1500347E+01
 -0.1097200E+06  0.1498289E+01
 -0.1096700E+06  0.1496235E+01
 -0.1096200E+06  0.1494183E+01
 -0.1095700E+06  0.1492134E+01
 -0.1095200E+06  0.1490088E+01
 -0.1094700E+06  0.1488045E+01
 -0.1094200E+06  0.1486004E+01
 -0.1093700E+06  0.1483966E+01
 -0.1093200E+06  0.1481932E+01
 -0.1092700E+06  0.1479899E+01
 -0.1092200E+06  0.1477870E+01
 -0.1091700E+06  0.1475844E+01
 -0.1091200E+06  0.1473820E+01
 -0.1090700E+06  0.1471799E+01
 -0.1090200E+06  0.1469780E+01
 -0.1089700E+06  0.1467765E+01
 -0.1089200E+06  0.1465752E+01
 -0.1088700E+06  0.1463742E+01
 -0.1088200E+06  0.1461735E+01
 -0.1087700E+06  0.1459730E+01
 -0.1087200E+06  0.1457728E+01
 -0.1086700E+06  0.1455729E+01
 -0.1086200E+06  0.1453733E+01
 -0.1085700E+06  0.1451739E+01
 -0.1085200E+06  0.1449748E+01
 -0.1084700E+06  0.1447760E+01
 -0.1084200E+06  0.1445774E+01
 -0.1083700E+06  0.1443791E+01
 -0.1083200E+06  0.1441810E+01
 -0.1082700E+06  0.1439833E+01
 -0.1082200E+06  0.1437858E+01
 -0.1081700E+06  0.1435886E+01
 -0.1081200E+06  0.1433916E+01
 -0.1080700E+06  0.1431949E+01
 -0.1080200E+06  0.1429985E+01
 -0.1079700E+06  0.1428023E+01
 -0.1079200E+06  0.1426064E+01
 -0.1078700E+06  0.1424107E+01
 -0.1078200E+06  0.1422153E+01
 -0.1077700E+06  0.1420202E+01
 -0.1077200E+06  0.1418254E+01
 -0.1076700E+06  0.1416308E+01
 -0.1076200E+06  0.1414364E+01
 -0.1075700E+06  0.1412423E+01
 -0.1075200E+06  0.1410486E+01
 -0.1074700E+06  0.1408550E+01
 -0.1074200E+06  0.1406617E+01
 -0.1073700E+06  0.1404687E+01
 -0.1073200E+06  0.1402759E+01
 -0.1072700E+06  0.1400834E+01
 -0.1072200E+06  0.1398911E+01
 -0.1071700E+06  0.1396991E+01
 -0.1071200E+06  0.1395074E+01
 -0.1070700E+06  0.1393159E+01
 -0.1070200E+06  0.1391247E+01
 -0.1069700E+06  0.1389338E+01
 -0.1069200E+06  0.1387431E+01
 -0.1068700E+06  0.1385526E+01
