 -0.1097900E+06  0.1501172E+01
 -0.1097400E+06  0.1499113E+01
 -0.1096900E+06  0.1497058E+01
 -0.1096400E+06  0.1495005E+01
 -0.1095900E+06  0.1492955E+01
 -0.1095400E+06  0.1490907E+01
 -0.1094900E+06  0.1488863E+01
 -0.1094400E+06  0.1486821E+01
 -0.1093900E+06  0.1484782E+01
 -0.1093400E+06  0.1482746E+01
 -0.1092900E+06  0.1480712E+01
 -0.1092400E+06  0.1478682E+01
 -0.1091900E+06  0.1476654E+01
 -0.1091400E+06  0.1474629E+01
 -0.1090900E+06  0.1472606E+01
 -0.1090400E+06  0.1470587E+01
 -0.1089900E+06  0.1468570E+01
 -0.1089400E+06  0.1466556E+01
 -0.1088900E+06  0.1464545E+01
 -0.1088400E+06  0.1462536E+01
 -0.1087900E+06  0.1460530E+01
 -0.1087400E+06  0.1458527E+01
 -0.1086900E+06  0.1456527E+01
 -0.1086400E+06  0.1454529E+01
 -0.1085900E+06  0.1452534E+01
 -0.1085400E+06  0.1450542E+01
 -0.1084900E+06  0.1448552E+01
 -0.1084400E+06  0.1446566E+01
 -0.1083900E+06  0.1444581E+01
 -0.1083400E+06  0.1442600E+01
 -0.1082900E+06  0.1440621E+01
 -0.1082400E+06  0.1438645E+01
 -0.1081900E+06  0.1436672E+01
 -0.1081400E+06  0.1434701E+01
 -0.1080900E+06  0.1432733E+01
 -0.1080400E+06  0.1430767E+01
 -0.1079900E+06  0.1428805E+01
 -0.1079400E+06  0.1426845E+01
 -0.1078900E+06  0.1424887E+01
 -0.1078400E+06  0.1422932E+01
 -0.1077900E+06  0.1420980E+01
 -0.1077400E+06  0.1419031E+01
 -0.1076900E+06  0.1417084E+01
 -0.1076400E+06  0.1415140E+01
 -0.1075900E+06  0.1413198E+01
 -0.1075400E+06  0.1411259E+01
 -0.1074900E+06  0.1409323E+01
 -0.1074400E+06  0.1407389E+01
 -0.1073900E+06  0.1405458E+01
 -0.1073400E+06  0.1403529E+01
 -0.1072900E+06  0.1401603E+01
 -0.1072400E+06  0.1399680E+01
 -0.1071900E+06  0.1397759E+01
 -0.1071400E+06  0.1395841E+01
 -0.1070900E+06  0.1393926E+01
 -0.1070400E+06  0.1392013E+01
 -0.1069900E+06  0.1390103E+01
 -0.1069400E+06  0.1388195E+01
 -0.1068900E+06  0.1386290E+01
 -0.1068400E+06  0.1384387E+01
 -0.1067900E+06  0.1382487E+01
 -0.1067400E+06  0.1380590E+01
 -0.1066900E+06  0.1378695E+01
 -0.1066400E+06  0.1376803E+01
 -0.1065900E+06  0.1374913E+01
 -0.1065400E+06  0.1373026E+01
 -0.1064900E+06  0.1371142E+01
 -0.1064400E+06  0.1369260E+01
 -0.1063900E+06  0.1367380E+01
 -0.1063400E+06  0.1365504E+01
 -0.1062900E+06  0.1363629E+01
 -0.1062400E+06  0.1361758E+01
 -0.1061900E+06  0.1359888E+01
 -0.1061400E+06  0.1358022E+01
 -0.1060900E+06  0.1356158E+01
 -0.1060400E+06  0.1354296E+01
 -0.1059900E+06  0.1352437E+01
 -0.1059400E+06  0.1350581E+01
 -0.1058900E+06  0.1348727E+01
 -0.1058400E+06  0.1346875E+01
 -0.1057900E+06  0.1345026E+01
 -0.1057400E+06  0.1343180E+01
 -0.1056900E+06  0.1341336E+01
 -0.1056400E+06  0.1339495E+01
 -0.1055900E+06  0.1337656E+01
 -0.1055400E+06  0.1335819E+01
 -0.1054900E+06  0.1333985E+01
 -0.1054400E+06  0.1332154E+01
 -0.1053900E+06  0.1330325E+01
 -0.1053400E+06  0.1328499E+01
 -0.1052900E+06  0.1326675E+01
 -0.1052400E+06  0.1324854E+01
 -0.1051900E+06  0.1323035E+01
 -0.1051400E+06  0.1321219E+01
 -0.1050900E+06  0.1319405E+01
 -0.1050400E+06  0.1317593E+01
 -0.1049900E+06  0.1315784E+01
 -0.1049400E+06  0.1313978E+01
 -0.1048900E+06  0.1312174E+01
 -0.1048400E+06  0.1310372E+01
 -0.1047900E+06  0.1308573E+01
 -0.1047400E+06  0.1306776E+01
 -0.1046900E+06  0.1304982E+01
 -0.1046400E+06  0.1303191E+01
 -0.1045900E+06  0.1301401E+01
 -0.1045400E+06  0.1299614E+01
 -0.1044900E+06  0.1297830E+01
 -0.1044400E+06  0.1296048E+01
 -0.1043900E+06  0.1294269E+01
 -0.1043400E+06  0.1292492E+01
 -0.1042900E+06  0.1290717E+01
 -0.1042400E+06  0.1288945E+01
 -0.1041900E+06  0.1287175E+01
 -0.1041400E+06  0.1285407E+01
 -0.1040900E+06  0.1283642E+01
 -0.1040400E+06  0.1281880E+01
 -0.1039900E+06  0.1280120E+01
 -0.1039400E+06  0.1278362E+01
 -0.1038900E+06  0.1276607E+01
 -0.1038400E+06  0.1274854E+01
 -0.1037900E+06  0.1273103E+01
 -0.1037400E+06  0.1271355E+01
 -0.1036900E+06  0.1269609E+01
 -0.1036400E+06  0.1267866E+01
 -0.1035900E+06  0.1266124E+01
 -0.1035400E+06  0.1264386E+01
 -0.1034900E+06  0.1262649E+01
 -0.1034400E+06  0.1260916E+01
 -0.1033900E+06  0.1259184E+01
 -0.1033400E+06  0.1257455E+01
 -0.1032900E+06  0.1255728E+01
 -0.1032400E+06  0.1254003E+01
 -0.1031900E+06  0.1252281E+01
 -0.1031400E+06  0.1250561E+01
 -0.1030900E+06  0.1248844E+01
 -0.1030400E+06  0.1247129E+01
 -0.1029900E+06  0.1245416E+01
 -0.1029400E+06  0.1243706E+01
 -0.1028900E+06  0.1241998E+01
 -0.1028400E+06  0.1240292E+01
 -0.1027900E+06  0.1238588E+01
 -0.1027400E+06  0.1236887E+01
 -0.1026900E+06  0.1235189E+01
 -0.1026400E+06  0.1233492E+01
 -0.1025900E+06  0.1231798E+01
 -0.1025400E+06  0.1230106E+01
 -0.1024900E+06  0.1228417E+01
