 -0.1068600E+06  0.1385143E+01
 -0.1068100E+06  0.1383242E+01
 -0.1067600E+06  0.1381344E+01
 -0.1067100E+06  0.1379448E+01
 -0.1066600E+06  0.1377555E+01
 -0.1066100E+06  0.1375665E+01
 -0.1065600E+06  0.1373777E+01
 -0.1065100E+06  0.1371892E+01
 -0.1064600E+06  0.1370009E+01
 -0.1064100E+06  0.1368129E+01
 -0.1063600E+06  0.1366251E+01
 -0.1063100E+06  0.1364376E+01
 -0.1062600E+06  0.1362504E+01
 -0.1062100E+06  0.1360634E+01
 -0.1061600E+06  0.1358766E+01
 -0.1061100E+06  0.1356901E+01
 -0.1060600E+06  0.1355039E+01
 -0.1060100E+06  0.1353179E+01
 -0.1059600E+06  0.1351322E+01
 -0.1059100E+06  0.1349468E+01
 -0.1058600E+06  0.1347615E+01
 -0.1058100E+06  0.1345766E+01
 -0.1057600E+06  0.1343919E+01
 -0.1057100E+06  0.1342074E+01
 -0.1056600E+06  0.1340232E+01
 -0.1056100E+06  0.1338392E+01
 -0.1055600E+06  0.1336555E+01
 -0.1055100E+06  0.1334721E+01
 -0.1054600E+06  0.1332889E+01
 -0.1054100E+06  0.1331059E+01
 -0.1053600E+06  0.1329232E+01
 -0.1053100E+06  0.1327407E+01
 -0.1052600E+06  0.1325585E+01
 -0.1052100E+06  0.1323765E+01
 -0.1051600E+06  0.1321948E+01
 -0.1051100E+06  0.1320133E+01
 -0.1050600E+06  0.1318321E+01
 -0.1050100E+06  0.1316511E+01
 -0.1049600E+06  0.1314704E+01
 -0.1049100E+06  0.1312899E+01
 -0.1048600E+06  0.1311096E+01
 -0.1048100E+06  0.1309296E+01
 -0.1047600E+06  0.1307499E+01
 -0.1047100E+06  0.1305703E+01
 -0.1046600E+06  0.1303911E+01
 -0.1046100E+06  0.1302120E+01
 -0.1045600E+06  0.1300333E+01
 -0.1045100E+06  0.1298547E+01
 -0.1044600E+06  0.1296764E+01
 -0.1044100E+06  0.1294983E+01
 -0.1043600E+06  0.1293205E+01
 -0.1043100E+06  0.1291430E+01
 -0.1042600E+06  0.1289656E+01
 -0.1042100E+06  0.1287885E+01
 -0.1041600E+06  0.1286117E+01
 -0.1041100E+06  0.1284351E+01
 -0.1040600E+06  0.1282587E+01
 -0.1040100E+06  0.1280825E+01
 -0.1039600E+06  0.1279067E+01
 -0.1039100E+06  0.1277310E+01
 -0.1038600E+06  0.1275556E+01
 -0.1038100E+06  0.1273804E+01
 -0.1037600E+06  0.1272055E+01
 -0.1037100E+06  0.1270308E+01
 -0.1036600E+06  0.1268563E+01
 -0.1036100E+06  0.1266821E+01
 -0.1035600E+06  0.1265081E+01
 -0.1035100E+06  0.1263343E+01
 -0.1034600E+06  0.1261608E+01
 -0.1034100E+06  0.1259876E+01
 -0.1033600E+06  0.1258145E+01
 -0.1033100E+06  0.1256417E+01
 -0.1032600E+06  0.1254691E+01
 -0.1032100E+06  0.1252968E+01
 -0.1031600E+06  0.1251247E+01
 -0.1031100E+06  0.1249529E+01
 -0.1030600E+06  0.1247812E+01
 -0.1030100E+06  0.1246098E+01
 -0.1029600E+06  0.1244387E+01
 -0.1029100E+06  0.1242678E+01
 -0.1028600E+06  0.1240971E+01
 -0.1028100E+06  0.1239266E+01
 -0.1027600E+06  0.1237564E+01
 -0.1027100E+06  0.1235864E+01
 -0.1026600E+06  0.1234167E+01
 -0.1026100E+06  0.1232472E+01
 -0.1025600E+06  0.1230779E+01
 -0.1025100E+06  0.1229089E+01
 -0.1024600E+06  0.1227400E+01
 -0.1024100E+06  0.1225715E+01
 -0.1023600E+06  0.1224031E+01
 -0.1023100E+06  0.1222350E+01
 -0.1022600E+06  0.1220671E+01
 -0.1022100E+06  0.1218995E+01
 -0.1021600E+06  0.1217320E+01
 -0.1021100E+06  0.1215649E+01
 -0.1020600E+06  0.1213979E+01
 -0.1020100E+06  0.1212312E+01
 -0.1019600E+06  0.1210647E+01
 -0.1019100E+06  0.1208984E+01
 -0.1018600E+06  0.1207324E+01
 -0.1018100E+06  0.1205666E+01
 -0.1017600E+06  0.1204010E+01
 -0.1017100E+06  0.1202357E+01
 -0.1016600E+06  0.1200706E+01
 -0.1016100E+06  0.1199057E+01
 -0.1015600E+06  0.1197410E+01
 -0.1015100E+06  0.1195766E+01
 -0.1014600E+06  0.1194124E+01
 -0.1014100E+06  0.1192484E+01
 -0.1013600E+06  0.1190847E+01
 -0.1013100E+06  0.1189212E+01
 -0.1012600E+06  0.1187579E+01
 -0.1012100E+06  0.1185949E+01
 -0.1011600E+06  0.1184321E+01
 -0.1011100E+06  0.1182695E+01
 -0.1010600E+06  0.1181071E+01
 -0.1010100E+06  0.1179450E+01
 -0.1009600E+06  0.1177831E+01
 -0.1009100E+06  0.1176214E+01
 -0.1008600E+06  0.1174599E+01
 -0.1008100E+06  0.1172987E+01
 -0.1007600E+06  0.1171377E+01
 -0.1007100E+06  0.1169769E+01
 -0.1006600E+06  0.1168164E+01
 -0.1006100E+06  0.1166560E+01
 -0.1005600E+06  0.1164959E+01
 -0.1005100E+06  0.1163361E+01
 -0.1004600E+06  0.1161764E+01
 -0.1004100E+06  0.1160170E+01
 -0.1003600E+06  0.1158578E+01
 -0.1003100E+06  0.1156988E+01
 -0.1002600E+06  0.1155401E+01
 -0.1002100E+06  0.1153815E+01
 -0.1001600E+06  0.1152232E+01
 -0.1001100E+06  0.1150652E+01
 -0.1000600E+06  0.1149073E+01
 -0.1000100E+06  0.1147497E+01
 -0.9996000E+05  0.1145923E+01
 -0.9991000E+05  0.1144351E+01
 -0.9986000E+05  0.1142781E+01
 -0.9981000E+05  0.1141214E+01
 -0.9976000E+05  0.1139649E+01
 -0.9971000E+05  0.1138086E+01
 -0.9966000E+05  0.1136525E+01
 -0.9961000E+05  0.1134966E+01
 -0.9956000E+05  0.1133410E+01
 -0.9951000E+05  0.1131856E+01
 -0.9946000E+05  0.1130304E+01
 -0.9941000E+05  0.1128754E+01
 -0.9936000E+05  0.1127206E+01
 -0.9931000E+05  0.1125661E+01
 -0.9926000E+05  0.1124118E+01
 -0.9921000E+05  0.1122577E+01
 -0.9916000E+05  0.1121038E+01
 -0.9911000E+05  0.1119501E+01
 -0.9906000E+05  0.1117967E+01
 -0.9901000E+05  0.1116435E+01
 -0.9896000E+05  0.1114905E+01
 -0.9891000E+05  0.1113377E+01
 -0.9886000E+05  0.1111851E+01
 -0.9881000E+05  0.1110327E+01
 -0.9876000E+05  0.1108806E+01
 -0.9871000E+05  0.1107287E+01
 -0.9866000E+05  0.1105769E+01
 -0.9861000E+05  0.1104254E+01
 -0.9856000E+05  0.1102742E+01
 -0.9851000E+05  0.1101231E+01
 -0.9846000E+05  0.1099722E+01
 -0.9841000E+05  0.1098216E+01
 -0.9836000E+05  0.1096712E+01
 -0.9831000E+05  0.1095210E+01
 -0.9826000E+05  0.1093710E+01
 -0.9821000E+05  0.1092212E+01
 -0.9816000E+05  0.1090716E+01
 -0.9811000E+05  0.1089223E+01
