 -0.1024650E+06  0.1227569E+01
 -0.1024150E+06  0.1225883E+01
 -0.1023650E+06  0.1224199E+01
 -0.1023150E+06  0.1222518E+01
 -0.1022650E+06  0.1220839E+01
 -0.1022150E+06  0.1219162E+01
 -0.1021650E+06  0.1217487E+01
 -0.1021150E+06  0.1215815E+01
 -0.1020650E+06  0.1214146E+01
 -0.1020150E+06  0.1212478E+01
 -0.1019650E+06  0.1210813E+01
 -0.1019150E+06  0.1209150E+01
 -0.1018650E+06  0.1207490E+01
 -0.1018150E+06  0.1205831E+01
 -0.1017650E+06  0.1204175E+01
 -0.1017150E+06  0.1202522E+01
 -0.1016650E+06  0.1200870E+01
 -0.1016150E+06  0.1199221E+01
 -0.1015650E+06  0.1197575E+01
 -0.1015150E+06  0.1195930E+01
 -0.1014650E+06  0.1194288E+01
 -0.1014150E+06  0.1192648E+01
 -0.1013650E+06  0.1191011E+01
 -0.1013150E+06  0.1189376E+01
 -0.1012650E+06  0.1187743E+01
 -0.1012150E+06  0.1186112E+01
 -0.1011650E+06  0.1184484E+01
 -0.1011150E+06  0.1182857E+01
 -0.1010650E+06  0.1181234E+01
 -0.1010150E+06  0.1179612E+01
 -0.1009650E+06  0.1177993E+01
 -0.1009150E+06  0.1176376E+01
 -0.1008650E+06  0.1174761E+01
 -0.1008150E+06  0.1173148E+01
 -0.1007650E+06  0.1171538E+01
 -0.1007150E+06  0.1169930E+01
 -0.1006650E+06  0.1168325E+01
 -0.1006150E+06  0.1166721E+01
 -0.1005650E+06  0.1165120E+01
 -0.1005150E+06  0.1163521E+01
 -0.1004650E+06  0.1161924E+01
 -0.1004150E+06  0.1160330E+01
 -0.1003650E+06  0.1158738E+01
 -0.1003150E+06  0.1157148E+01
 -0.1002650E+06  0.1155560E+01
 -0.1002150E+06  0.1153975E+01
 -0.1001650E+06  0.1152391E+01
 -0.1001150E+06  0.1150810E+01
 -0.1000650E+06  0.1149231E+01
 -0.1000150E+06  0.1147655E+01
 -0.9996500E+05  0.1146081E+01
 -0.9991500E+05  0.1144508E+01
 -0.9986500E+05  0.1142939E+01
 -0.9981500E+05  0.1141371E+01
 -0.9976500E+05  0.1139805E+01
 -0.9971500E+05  0.1138242E+01
 -0.9966500E+05  0.1136681E+01
 -0.9961500E+05  0.1135122E+01
 -0.9956500E+05  0.1133566E+01
 -0.9951500E+05  0.1132011E+01
 -0.9946500E+05  0.1130459E+01
 -0.9941500E+05  0.1128909E+01
 -0.9936500E+05  0.1127361E+01
 -0.9931500E+05  0.1125816E+01
 -0.9926500E+05  0.1124272E+01
 -0.9921500E+05  0.1122731E+01
 -0.9916500E+05  0.1121192E+01
 -0.9911500E+05  0.1119655E+01
 -0.9906500E+05  0.1118120E+01
 -0.9901500E+05  0.1116588E+01
 -0.9896500E+05  0.1115057E+01
 -0.9891500E+05  0.1113529E+01
 -0.9886500E+05  0.1112003E+01
 -0.9881500E+05  0.1110479E+01
 -0.9876500E+05  0.1108958E+01
 -0.9871500E+05  0.1107438E+01
 -0.9866500E+05  0.1105921E+01
 -0.9861500E+05  0.1104405E+01
 -0.9856500E+05  0.1102892E+01
 -0.9851500E+05  0.1101381E+01
 -0.9846500E+05  0.1099873E+01
 -0.9841500E+05  0.1098366E+01
 -0.9836500E+05  0.1096861E+01
 -0.9831500E+05  0.1095359E+01
 -0.9826500E+05  0.1093859E+01
 -0.9821500E+05  0.1092361E+01
 -0.9816500E+05  0.1090865E+01
 -0.9811500E+05  0.1089371E+01
 -0.9806500E+05  0.1087879E+01
 -0.9801500E+05  0.1086390E+01
 -0.9796500E+05  0.1084902E+01
 -0.9791500E+05  0.1083417E+01
 -0.9786500E+05  0.1081933E+01
 -0.9781500E+05  0.1080452E+01
 -0.9776500E+05  0.1078973E+01
 -0.9771500E+05  0.1077496E+01
 -0.9766500E+05  0.1076021E+01
 -0.9761500E+05  0.1074549E+01
 -0.9756500E+05  0.1073078E+01
 -0.9751500E+05  0.1071609E+01
 -0.9746500E+05  0.1070143E+01
 -0.9741500E+05  0.1068678E+01
 -0.9736500E+05  0.1067216E+01
 -0.9731500E+05  0.1065756E+01
 -0.9726500E+05  0.1064298E+01
 -0.9721500E+05  0.1062841E+01
 -0.9716500E+05  0.1061387E+01
 -0.9711500E+05  0.1059935E+01
 -0.9706500E+05  0.1058486E+01
 -0.9701500E+05  0.1057038E+01
 -0.9696500E+05  0.1055592E+01
 -0.9691500E+05  0.1054148E+01
 -0.9686500E+05  0.1052707E+01
 -0.9681500E+05  0.1051267E+01
 -0.9676500E+05  0.1049829E+01
 -0.9671500E+05  0.1048394E+01
 -0.9666500E+05  0.1046960E+01
 -0.9661500E+05  0.1045529E+01
 -0.9656500E+05  0.1044099E+01
 -0.9651500E+05  0.1042672E+01
 -0.9646500E+05  0.1041247E+01
 -0.9641500E+05  0.1039823E+01
 -0.9636500E+05  0.1038402E+01
 -0.9631500E+05  0.1036983E+01
 -0.9626500E+05  0.1035565E+01
 -0.9621500E+05  0.1034150E+01
 -0.9616500E+05  0.1032737E+01
 -0.9611500E+05  0.1031326E+01
 -0.9606500E+05  0.1029916E+01
 -0.9601500E+05  0.1028509E+01
 -0.9596500E+05  0.1027104E+01
 -0.9591500E+05  0.1025701E+01
 -0.9586500E+05  0.1024299E+01
 -0.9581500E+05  0.1022900E+01
 -0.9576500E+05  0.1021503E+01
 -0.9571500E+05  0.1020108E+01
 -0.9566500E+05  0.1018714E+01
 -0.9561500E+05  0.1017323E+01
 -0.9556500E+05  0.1015934E+01
 -0.9551500E+05  0.1014546E+01
 -0.9546500E+05  0.1013161E+01
 -0.9541500E+05  0.1011777E+01
 -0.9536500E+05  0.1010396E+01
 -0.9531500E+05  0.1009016E+01
 -0.9526500E+05  0.1007639E+01
 -0.9521500E+05  0.1006263E+01
 -0.9516500E+05  0.1004890E+01
 -0.9511500E+05  0.1003518E+01
 -0.9506500E+05  0.1002148E+01
 -0.9501500E+05  0.1000781E+01
 -0.9496500E+05  0.9994147E+00
 -0.9491500E+05  0.9980508E+00
 -0.9486500E+05  0.9966888E+00
 -0.9481500E+05  0.9953288E+00
 -0.9476500E+05  0.9939707E+00
 -0.9471500E+05  0.9926146E+00
 -0.9466500E+05  0.9912603E+00
 -0.9461500E+05  0.9899080E+00
 -0.9456500E+05  0.9885576E+00
 -0.9451500E+05  0.9872091E+00
 -0.9446500E+05  0.9858626E+00
 -0.9441500E+05  0.9845179E+00
 -0.9436500E+05  0.9831752E+00
 -0.9431500E+05  0.9818344E+00
 -0.9426500E+05  0.9804955E+00
 -0.9421500E+05  0.9791584E+00
 -0.9416500E+05  0.9778233E+00
 -0.9411500E+05  0.9764901E+00
 -0.9406500E+05  0.9751588E+00
 -0.9401500E+05  0.9738293E+00
 -0.9396500E+05  0.9725018E+00
 -0.9391500E+05  0.9711761E+00
 -0.9386500E+05  0.9698524E+00
 -0.9381500E+05  0.9685305E+00
 -0.9376500E+05  0.9672104E+00
 -0.9371500E+05  0.9658923E+00
 -0.9366500E+05  0.9645760E+00
 -0.9361500E+05  0.9632616E+00
 -0.9356500E+05  0.9619491E+00
 -0.9351500E+05  0.9606384E+00
 -0.9346500E+05  0.9593296E+00
 -0.9341500E+05  0.9580227E+00
 -0.9336500E+05  0.9567176E+00
 -0.9331500E+05  0.9554144E+00
 -0.9326500E+05  0.9541130E+00
 -0.9321500E+05  0.9528135E+00
 -0.9316500E+05  0.9515158E+00
 -0.9311500E+05  0.9502200E+00
 -0.9306500E+05  0.9489260E+00
 -0.9301500E+05  0.9476338E+00
 -0.9296500E+05  0.9463435E+00
 -0.9291500E+05  0.9450551E+00
 -0.9286500E+05  0.9437684E+00
 -0.9281500E+05  0.9424836E+00
 -0.9276500E+05  0.9412006E+00
 -0.9271500E+05  0.9399195E+00
 -0.9266500E+05  0.9386401E+00
 -0.9261500E+05  0.9373626E+00
 -0.9256500E+05  0.9360869E+00
 -0.9251500E+05  0.9348130E+00
 -0.9246500E+05  0.9335410E+00
 -0.9241500E+05  0.9322707E+00
 -0.9236500E+05  0.9310023E+00
 -0.9231500E+05  0.9297357E+00
 -0.9226500E+05  0.9284708E+00
 -0.9221500E+05  0.9272078E+00
