 -0.1156500E+06  0.1762733E+01
 -0.1156000E+06  0.1760311E+01
 -0.1155500E+06  0.1757893E+01
 -0.1155000E+06  0.1755478E+01
 -0.1154500E+06  0.1753067E+01
 -0.1154000E+06  0.1750660E+01
 -0.1153500E+06  0.1748256E+01
 -0.1153000E+06  0.1745856E+01
 -0.1152500E+06  0.1743460E+01
 -0.1152000E+06  0.1741067E+01
 -0.1151500E+06  0.1738678E+01
 -0.1151000E+06  0.1736293E+01
 -0.1150500E+06  0.1733912E+01
 -0.1150000E+06  0.1731534E+01
 -0.1149500E+06  0.1729160E+01
 -0.1149000E+06  0.1726790E+01
 -0.1148500E+06  0.1724423E+01
 -0.1148000E+06  0.1722060E+01
 -0.1147500E+06  0.1719701E+01
 -0.1147000E+06  0.1717346E+01
 -0.1146500E+06  0.1714994E+01
 -0.1146000E+06  0.1712646E+01
 -0.1145500E+06  0.1710302E+01
 -0.1145000E+06  0.1707961E+01
 -0.1144500E+06  0.1705624E+01
 -0.1144000E+06  0.1703290E+01
 -0.1143500E+06  0.1700960E+01
 -0.1143000E+06  0.1698633E+01
 -0.1142500E+06  0.1696310E+01
 -0.1142000E+06  0.1693991E+01
 -0.1141500E+06  0.1691675E+01
 -0.1141000E+06  0.1689362E+01
 -0.1140500E+06  0.1687053E+01
 -0.1140000E+06  0.1684748E+01
 -0.1139500E+06  0.1682445E+01
 -0.1139000E+06  0.1680146E+01
 -0.1138500E+06  0.1677851E+01
 -0.1138000E+06  0.1675558E+01
 -0.1137500E+06  0.1673269E+01
 -0.1137000E+06  0.1670983E+01
 -0.1136500E+06  0.1668700E+01
 -0.1136000E+06  0.1666421E+01
 -0.1135500E+06  0.1664145E+01
 -0.1135000E+06  0.1661871E+01
 -0.1134500E+06  0.1659601E+01
 -0.1134000E+06  0.1657334E+01
 -0.1133500E+06  0.1655070E+01
 -0.1133000E+06  0.1652810E+01
 -0.1132500E+06  0.1650552E+01
 -0.1132000E+06  0.1648297E+01
 -0.1131500E+06  0.1646045E+01
 -0.1131000E+06  0.1643796E+01
 -0.1130500E+06  0.1641550E+01
 -0.1130000E+06  0.1639307E+01
 -0.1129500E+06  0.1637067E+01
 -0.1129000E+06  0.1634830E+01
 -0.1128500E+06  0.1632596E+01
 -0.1128000E+06  0.1630364E+01
 -0.1127500E+06  0.1628135E+01
 -0.1141500E+06  0.1691675E+01
 -0.1141000E+06  0.1689362E+01
 -0.1140500E+06  0.1687053E+01
 -0.1140000E+06  0.1684748E+01
 -0.1139500E+06  0.1682445E+01
 -0.1139000E+06  0.1680146E+01
 -0.1138500E+06  0.1677851E+01
 -0.1138000E+06  0.1675558E+01
 -0.1137500E+06  0.1673269E+01
 -0.1137000E+06  0.1670983E+01
 -0.1136500E+06  0.1668700E+01
 -0.1136000E+06  0.1666421E+01
 -0.1135500E+06  0.1664145E+01
 -0.1135000E+06  0.1661871E+01
 -0.1134500E+06  0.1659601E+01
 -0.1134000E+06  0.1657334E+01
 -0.1133500E+06  0.1655070E+01
 -0.1133000E+06  0.1652810E+01
 -0.1132500E+06  0.1650552E+01
 -0.1132000E+06  0.1648297E+01
 -0.1131500E+06  0.1646045E+01
 -0.1131000E+06  0.1643796E+01
 -0.1130500E+06  0.1641550E+01
 -0.1130000E+06  0.1639307E+01
 -0.1129500E+06  0.1637067E+01
 -0.1129000E+06  0.1634830E+01
 -0.1128500E+06  0.1632596E+01
 -0.1128000E+06  0.1630364E+01
 -0.1127500E+06  0.1628135E+01
 -0.1127000E+06  0.1625910E+01
 -0.1126500E+06  0.1623687E+01
 -0.1126000E+06  0.1621466E+01
 -0.1125500E+06  0.1619249E+01
 -0.1125000E+06  0.1617034E+01
 -0.1124500E+06  0.1614823E+01
 -0.1124000E+06  0.1612613E+01
 -0.1123500E+06  0.1610407E+01
 -0.1123000E+06  0.1608204E+01
 -0.1122500E+06  0.1606003E+01
 -0.1122000E+06  0.1603805E+01
 -0.1121500E+06  0.1601609E+01
 -0.1121000E+06  0.1599417E+01
 -0.1120500E+06  0.1597227E+01
 -0.1120000E+06  0.1595040E+01
 -0.1119500E+06  0.1592855E+01
 -0.1119000E+06  0.1590674E+01
 -0.1118500E+06  0.1588495E+01
 -0.1118000E+06  0.1586319E+01
 -0.1117500E+06  0.1584145E+01
 -0.1117000E+06  0.1581974E+01
 -0.1116500E+06  0.1579806E+01
 -0.1116000E+06  0.1577641E+01
 -0.1115500E+06  0.1575479E+01
 -0.1115000E+06  0.1573319E+01
 -0.1114500E+06  0.1571162E+01
 -0.1114000E+06  0.1569008E+01
 -0.1113500E+06  0.1566856E+01
 -0.1113000E+06  0.1564707E+01
 -0.1112500E+06  0.1562562E+01
 -0.1112000E+06  0.1560418E+01
 -0.1111500E+06  0.1558278E+01
 -0.1111000E+06  0.1556141E+01
 -0.1110500E+06  0.1554006E+01
 -0.1110000E+06  0.1551874E+01
 -0.1109500E+06  0.1549745E+01
 -0.1109000E+06  0.1547619E+01
 -0.1108500E+06  0.1545495E+01
 -0.1108000E+06  0.1543375E+01
 -0.1107500E+06  0.1541257E+01
 -0.1107000E+06  0.1539142E+01
 -0.1106500E+06  0.1537030E+01
 -0.1106000E+06  0.1534921E+01
 -0.1105500E+06  0.1532815E+01
 -0.1105000E+06  0.1530712E+01
 -0.1104500E+06  0.1528612E+01
 -0.1104000E+06  0.1526514E+01
 -0.1103500E+06  0.1524420E+01
 -0.1103000E+06  0.1522328E+01
 -0.1102500E+06  0.1520239E+01
 -0.1102000E+06  0.1518154E+01
 -0.1101500E+06  0.1516071E+01
 -0.1101000E+06  0.1513991E+01
 -0.1100500E+06  0.1511914E+01
 -0.1100000E+06  0.1509840E+01
 -0.1099500E+06  0.1507769E+01
 -0.1099000E+06  0.1505701E+01
 -0.1098500E+06  0.1503636E+01
 -0.1098000E+06  0.1501574E+01
 -0.1127000E+06  0.1625899E+01
 -0.1126500E+06  0.1623675E+01
 -0.1126000E+06  0.1621457E+01
 -0.1125500E+06  0.1619241E+01
 -0.1125000E+06  0.1617027E+01
 -0.1124500E+06  0.1614815E+01
 -0.1124000E+06  0.1612607E+01
 -0.1123500E+06  0.1610399E+01
 -0.1123000E+06  0.1608196E+01
 -0.1122500E+06  0.1605996E+01
 -0.1122000E+06  0.1603796E+01
 -0.1121500E+06  0.1601603E+01
 -0.1121000E+06  0.1599409E+01
 -0.1120500E+06  0.1597218E+01
 -0.1120000E+06  0.1595031E+01
 -0.1119500E+06  0.1592845E+01
 -0.1119000E+06  0.1590664E+01
 -0.1118500E+06  0.1588483E+01
 -0.1118000E+06  0.1586307E+01
 -0.1117500E+06  0.1584132E+01
 -0.1117000E+06  0.1581961E+01
 -0.1116500E+06  0.1579793E+01
 -0.1116000E+06  0.1577627E+01
 -0.1115500E+06  0.1575463E+01
 -0.1115000E+06  0.1573304E+01
 -0.1114500E+06  0.1571145E+01
 -0.1114000E+06  0.1568990E+01
 -0.1113500E+06  0.1566838E+01
 -0.1113000E+06  0.1564690E+01
 -0.1112500E+06  0.1562544E+01
 -0.1112000E+06  0.1560400E+01
 -0.1111500E+06  0.1558259E+01
 -0.1111000E+06  0.1556122E+01
 -0.1110500E+06  0.1553986E+01
 -0.1110000E+06  0.1551856E+01
 -0.1109500E+06  0.1549727E+01
 -0.1109000E+06  0.1547602E+01
 -0.1108500E+06  0.1545478E+01
 -0.1108000E+06  0.1543358E+01
 -0.1107500E+06  0.1541242E+01
 -0.1107000E+06  0.1539128E+01
 -0.1106500E+06  0.1537016E+01
 -0.1106000E+06  0.1534908E+01
 -0.1105500E+06  0.1532803E+01
 -0.1105000E+06  0.1530701E+01
 -0.1104500E+06  0.1528601E+01
 -0.1104000E+06  0.1526505E+01
 -0.1103500E+06  0.1524411E+01
 -0.1103000E+06  0.1522320E+01
 -0.1102500E+06  0.1520233E+01
 -0.1102000E+06  0.1518149E+01
 -0.1101500E+06  0.1516067E+01
 -0.1101000E+06  0.1513988E+01
 -0.1100500E+06  0.1511912E+01
 -0.1100000E+06  0.1509840E+01
 -0.1099500E+06  0.1507770E+01
 -0.1099000E+06  0.1505703E+01
 -0.1098500E+06  0.1503639E+01
 -0.1098000E+06  0.1501577E+01
 -0.1097500E+06  0.1499520E+01
 -0.1097000E+06  0.1497463E+01
 -0.1096500E+06  0.1495410E+01
 -0.1096000E+06  0.1493360E+01
 -0.1095500E+06  0.1491313E+01
 -0.1095000E+06  0.1489270E+01
 -0.1094500E+06  0.1487227E+01
 -0.1094000E+06  0.1485189E+01
 -0.1093500E+06  0.1483153E+01
 -0.1093000E+06  0.1481119E+01
 -0.1092500E+06  0.1479089E+01
 -0.1092000E+06  0.1477062E+01
 -0.1091500E+06  0.1475037E+01
 -0.1091000E+06  0.1473015E+01
 -0.1090500E+06  0.1470995E+01
 -0.1090000E+06  0.1468978E+01
 -0.1089500E+06  0.1466965E+01
 -0.1089000E+06  0.1464954E+01
 -0.1088500E+06  0.1462944E+01
 -0.1088000E+06  0.1460938E+01
 -0.1087500E+06  0.1458934E+01
 -0.1087000E+06  0.1456935E+01
 -0.1086500E+06  0.1454937E+01
 -0.1086000E+06  0.1452940E+01
 -0.1085500E+06  0.1450947E+01
 -0.1085000E+06  0.1448958E+01
 -0.1084500E+06  0.1446969E+01
 -0.1084000E+06  0.1444984E+01
 -0.1083500E+06  0.1443003E+01
 -0.1083000E+06  0.1441023E+01
 -0.1082500E+06  0.1439046E+01
 -0.1082000E+06  0.1437071E+01
 -0.1081500E+06  0.1435100E+01
 -0.1081000E+06  0.1433129E+01
 -0.1080500E+06  0.1431163E+01
 -0.1080000E+06  0.1429199E+01
 -0.1079500E+06  0.1427238E+01
 -0.1079000E+06  0.1425279E+01
 -0.1078500E+06  0.1423321E+01
 -0.1078000E+06  0.1421369E+01
 -0.1077500E+06  0.1419418E+01
 -0.1077000E+06  0.1417469E+01
 -0.1076500E+06  0.1415524E+01
 -0.1076000E+06  0.1413581E+01
 -0.1075500E+06  0.1411638E+01
 -0.1075000E+06  0.1409701E+01
 -0.1074500E+06  0.1407766E+01
 -0.1074000E+06  0.1405833E+01
 -0.1073500E+06  0.1403903E+01
 -0.1073000E+06  0.1401975E+01
 -0.1072500E+06  0.1400050E+01
 -0.1072000E+06  0.1398128E+01
 -0.1071500E+06  0.1396208E+01
 -0.1071000E+06  0.1394291E+01
 -0.1070500E+06  0.1392377E+01
 -0.1070000E+06  0.1390465E+01
 -0.1069500E+06  0.1388556E+01
 -0.1069000E+06  0.1386650E+01
 -0.1097500E+06  0.1499535E+01
 -0.1097000E+06  0.1497478E+01
 -0.1096500E+06  0.1495425E+01
 -0.1096000E+06  0.1493374E+01
 -0.1095500E+06  0.1491326E+01
 -0.1095000E+06  0.1489281E+01
 -0.1094500E+06  0.1487238E+01
 -0.1094000E+06  0.1485199E+01
 -0.1093500E+06  0.1483162E+01
 -0.1093000E+06  0.1481128E+01
 -0.1092500E+06  0.1479097E+01
 -0.1092000E+06  0.1477068E+01
 -0.1091500E+06  0.1475042E+01
 -0.1091000E+06  0.1473019E+01
 -0.1090500E+06  0.1470999E+01
 -0.1090000E+06  0.1468981E+01
 -0.1089500E+06  0.1466967E+01
 -0.1089000E+06  0.1464954E+01
 -0.1088500E+06  0.1462945E+01
 -0.1088000E+06  0.1460938E+01
 -0.1087500E+06  0.1458935E+01
 -0.1087000E+06  0.1456933E+01
 -0.1086500E+06  0.1454935E+01
 -0.1086000E+06  0.1452939E+01
 -0.1085500E+06  0.1450946E+01
 -0.1085000E+06  0.1448956E+01
 -0.1084500E+06  0.1446968E+01
 -0.1084000E+06  0.1444983E+01
 -0.1083500E+06  0.1443001E+01
 -0.1083000E+06  0.1441022E+01
 -0.1082500E+06  0.1439045E+01
 -0.1082000E+06  0.1437071E+01
 -0.1081500E+06  0.1435099E+01
 -0.1081000E+06  0.1433130E+01
 -0.1080500E+06  0.1431164E+01
 -0.1080000E+06  0.1429201E+01
 -0.1079500E+06  0.1427240E+01
 -0.1079000E+06  0.1425282E+01
 -0.1078500E+06  0.1423326E+01
 -0.1078000E+06  0.1421374E+01
 -0.1077500E+06  0.1419423E+01
 -0.1077000E+06  0.1417476E+01
 -0.1076500E+06  0.1415531E+01
 -0.1076000E+06  0.1413589E+01
 -0.1075500E+06  0.1411649E+01
 -0.1075000E+06  0.1409712E+01
 -0.1074500E+06  0.1407778E+01
 -0.1074000E+06  0.1405846E+01
 -0.1073500E+06  0.1403917E+01
 -0.1073000E+06  0.1401991E+01
 -0.1072500E+06  0.1400067E+01
 -0.1072000E+06  0.1398146E+01
 -0.1071500E+06  0.1396227E+01
 -0.1071000E+06  0.1394311E+01
 -0.1070500E+06  0.1392398E+01
 -0.1070000E+06  0.1390487E+01
 -0.1069500E+06  0.1388579E+01
 -0.1069000E+06  0.1386673E+01
 -0.1068500E+06  0.1384770E+01
 -0.1068000E+06  0.1382870E+01
 -0.1067500E+06  0.1380972E+01
 -0.1067000E+06  0.1379076E+01
 -0.1066500E+06  0.1377184E+01
 -0.1066000E+06  0.1375294E+01
 -0.1065500E+06  0.1373406E+01
 -0.1065000E+06  0.1371521E+01
 -0.1064500E+06  0.1369639E+01
 -0.1064000E+06  0.1367759E+01
 -0.1063500E+06  0.1365882E+01
 -0.1063000E+06  0.1364007E+01
 -0.1062500E+06  0.1362135E+01
 -0.1062000E+06  0.1360265E+01
 -0.1061500E+06  0.1358398E+01
 -0.1061000E+06  0.1356533E+01
 -0.1060500E+06  0.1354671E+01
 -0.1060000E+06  0.1352812E+01
 -0.1059500E+06  0.1350955E+01
 -0.1059000E+06  0.1349100E+01
 -0.1058500E+06  0.1347248E+01
 -0.1058000E+06  0.1345399E+01
 -0.1057500E+06  0.1343552E+01
 -0.1057000E+06  0.1341708E+01
 -0.1056500E+06  0.1339866E+01
 -0.1056000E+06  0.1338026E+01
 -0.1055500E+06  0.1336190E+01
 -0.1055000E+06  0.1334355E+01
 -0.1054500E+06  0.1332523E+01
 -0.1054000E+06  0.1330694E+01
 -0.1053500E+06  0.1328867E+01
 -0.1053000E+06  0.1327043E+01
 -0.1052500E+06  0.1325221E+01
 -0.1052000E+06  0.1323401E+01
 -0.1051500E+06  0.1321584E+01
 -0.1051000E+06  0.1319770E+01
 -0.1050500E+06  0.1317958E+01
 -0.1050000E+06  0.1316148E+01
 -0.1049500E+06  0.1314341E+01
 -0.1049000E+06  0.1312537E+01
 -0.1048500E+06  0.1310735E+01
 -0.1048000E+06  0.1308935E+01
 -0.1047500E+06  0.1307138E+01
 -0.1047000E+06  0.1305343E+01
 -0.1046500E+06  0.1303550E+01
 -0.1046000E+06  0.1301760E+01
 -0.1045500E+06  0.1299973E+01
 -0.1045000E+06  0.1298188E+01
 -0.1044500E+06  0.1296405E+01
 -0.1044000E+06  0.1294625E+01
 -0.1043500E+06  0.1292847E+01
 -0.1043000E+06  0.1291072E+01
 -0.1042500E+06  0.1289299E+01
 -0.1042000E+06  0.1287529E+01
 -0.1041500E+06  0.1285760E+01
 -0.1041000E+06  0.1283995E+01
 -0.1040500E+06  0.1282232E+01
 -0.1040000E+06  0.1280471E+01
 -0.1039500E+06  0.1278712E+01
 -0.1039000E+06  0.1276956E+01
 -0.1038500E+06  0.1275203E+01
 -0.1038000E+06  0.1273451E+01
 -0.1037500E+06  0.1271702E+01
 -0.1037000E+06  0.1269956E+01
 -0.1036500E+06  0.1268212E+01
 -0.1036000E+06  0.1266470E+01
 -0.1035500E+06  0.1264731E+01
 -0.1035000E+06  0.1262994E+01
 -0.1034500E+06  0.1261259E+01
 -0.1034000E+06  0.1259527E+01
 -0.1033500E+06  0.1257797E+01
 -0.1033000E+06  0.1256070E+01
 -0.1032500E+06  0.1254345E+01
 -0.1032000E+06  0.1252622E+01
 -0.1031500E+06  0.1250902E+01
 -0.1031000E+06  0.1249184E+01
 -0.1030500E+06  0.1247468E+01
 -0.1030000E+06  0.1245755E+01
 -0.1029500E+06  0.1244044E+01
 -0.1029000E+06  0.1242335E+01
 -0.1028500E+06  0.1240629E+01
 -0.1028000E+06  0.1238925E+01
 -0.1027500E+06  0.1237223E+01
 -0.1027000E+06  0.1235524E+01
 -0.1026500E+06  0.1233827E+01
 -0.1026000E+06  0.1232133E+01
 -0.1025500E+06  0.1230441E+01
 -0.1025000E+06  0.1228751E+01
 -0.1068500E+06  0.1384757E+01
 -0.1068000E+06  0.1382857E+01
 -0.1067500E+06  0.1380959E+01
 -0.1067000E+06  0.1379063E+01
 -0.1066500E+06  0.1377170E+01
 -0.1066000E+06  0.1375280E+01
 -0.1065500E+06  0.1373393E+01
 -0.1065000E+06  0.1371508E+01
 -0.1064500E+06  0.1369625E+01
 -0.1064000E+06  0.1367746E+01
 -0.1063500E+06  0.1365869E+01
 -0.1063000E+06  0.1363994E+01
 -0.1062500E+06  0.1362122E+01
 -0.1062000E+06  0.1360253E+01
 -0.1061500E+06  0.1358386E+01
 -0.1061000E+06  0.1356522E+01
 -0.1060500E+06  0.1354660E+01
 -0.1060000E+06  0.1352801E+01
 -0.1059500E+06  0.1350945E+01
 -0.1059000E+06  0.1349091E+01
 -0.1058500E+06  0.1347239E+01
 -0.1058000E+06  0.1345390E+01
 -0.1057500E+06  0.1343544E+01
 -0.1057000E+06  0.1341700E+01
 -0.1056500E+06  0.1339859E+01
 -0.1056000E+06  0.1338020E+01
 -0.1055500E+06  0.1336184E+01
 -0.1055000E+06  0.1334350E+01
 -0.1054500E+06  0.1332519E+01
 -0.1054000E+06  0.1330690E+01
 -0.1053500E+06  0.1328864E+01
 -0.1053000E+06  0.1327040E+01
 -0.1052500E+06  0.1325219E+01
 -0.1052000E+06  0.1323400E+01
 -0.1051500E+06  0.1321584E+01
 -0.1051000E+06  0.1319770E+01
 -0.1050500E+06  0.1317958E+01
 -0.1050000E+06  0.1316149E+01
 -0.1049500E+06  0.1314343E+01
 -0.1049000E+06  0.1312539E+01
 -0.1048500E+06  0.1310737E+01
 -0.1048000E+06  0.1308938E+01
 -0.1047500E+06  0.1307141E+01
 -0.1047000E+06  0.1305347E+01
 -0.1046500E+06  0.1303555E+01
 -0.1046000E+06  0.1301765E+01
 -0.1045500E+06  0.1299978E+01
 -0.1045000E+06  0.1298194E+01
 -0.1044500E+06  0.1296411E+01
 -0.1044000E+06  0.1294631E+01
 -0.1043500E+06  0.1292854E+01
 -0.1043000E+06  0.1291079E+01
 -0.1042500E+06  0.1289306E+01
 -0.1042000E+06  0.1287536E+01
 -0.1041500E+06  0.1285768E+01
 -0.1041000E+06  0.1284003E+01
 -0.1040500E+06  0.1282240E+01
 -0.1040000E+06  0.1280479E+01
 -0.1039500E+06  0.1278721E+01
 -0.1039000E+06  0.1276965E+01
 -0.1038500E+06  0.1275211E+01
 -0.1038000E+06  0.1273460E+01
 -0.1037500E+06  0.1271711E+01
 -0.1037000E+06  0.1269965E+01
 -0.1036500E+06  0.1268220E+01
 -0.1036000E+06  0.1266479E+01
 -0.1035500E+06  0.1264739E+01
 -0.1035000E+06  0.1263002E+01
 -0.1034500E+06  0.1261268E+01
 -0.1034000E+06  0.1259535E+01
 -0.1033500E+06  0.1257805E+01
 -0.1033000E+06  0.1256078E+01
 -0.1032500E+06  0.1254352E+01
 -0.1032000E+06  0.1252629E+01
 -0.1031500E+06  0.1250909E+01
 -0.1031000E+06  0.1249191E+01
 -0.1030500E+06  0.1247475E+01
 -0.1030000E+06  0.1245761E+01
 -0.1029500E+06  0.1244050E+01
 -0.1029000E+06  0.1242341E+01
 -0.1028500E+06  0.1240634E+01
 -0.1028000E+06  0.1238930E+01
 -0.1027500E+06  0.1237228E+01
 -0.1027000E+06  0.1235529E+01
 -0.1026500E+06  0.1233831E+01
 -0.1026000E+06  0.1232136E+01
 -0.1025500E+06  0.1230444E+01
 -0.1025000E+06  0.1228754E+01
 -0.1024500E+06  0.1227066E+01
 -0.1024000E+06  0.1225380E+01
 -0.1023500E+06  0.1223697E+01
 -0.1023000E+06  0.1222016E+01
 -0.1022500E+06  0.1220337E+01
 -0.1022000E+06  0.1218661E+01
 -0.1021500E+06  0.1216987E+01
 -0.1021000E+06  0.1215315E+01
 -0.1020500E+06  0.1213645E+01
 -0.1020000E+06  0.1211978E+01
 -0.1019500E+06  0.1210314E+01
 -0.1019000E+06  0.1208651E+01
 -0.1018500E+06  0.1206991E+01
 -0.1018000E+06  0.1205333E+01
 -0.1017500E+06  0.1203678E+01
 -0.1017000E+06  0.1202024E+01
 -0.1016500E+06  0.1200373E+01
 -0.1016000E+06  0.1198725E+01
 -0.1015500E+06  0.1197079E+01
 -0.1015000E+06  0.1195434E+01
 -0.1014500E+06  0.1193793E+01
 -0.1014000E+06  0.1192153E+01
 -0.1013500E+06  0.1190516E+01
 -0.1013000E+06  0.1188881E+01
 -0.1012500E+06  0.1187249E+01
 -0.1012000E+06  0.1185619E+01
 -0.1011500E+06  0.1183991E+01
 -0.1011000E+06  0.1182365E+01
 -0.1010500E+06  0.1180742E+01
 -0.1010000E+06  0.1179121E+01
 -0.1009500E+06  0.1177502E+01
 -0.1009000E+06  0.1175885E+01
 -0.1008500E+06  0.1174271E+01
 -0.1008000E+06  0.1172659E+01
 -0.1007500E+06  0.1171049E+01
 -0.1007000E+06  0.1169442E+01
 -0.1006500E+06  0.1167837E+01
 -0.1006000E+06  0.1166234E+01
 -0.1005500E+06  0.1164633E+01
 -0.1005000E+06  0.1163035E+01
 -0.1004500E+06  0.1161439E+01
 -0.1004000E+06  0.1159845E+01
 -0.1003500E+06  0.1158254E+01
 -0.1003000E+06  0.1156665E+01
 -0.1002500E+06  0.1155078E+01
 -0.1002000E+06  0.1153493E+01
 -0.1001500E+06  0.1151910E+01
 -0.1001000E+06  0.1150330E+01
 -0.1000500E+06  0.1148752E+01
 -0.1000000E+06  0.1147176E+01
 -0.9995000E+05  0.1145603E+01
 -0.9990000E+05  0.1144032E+01
 -0.9985000E+05  0.1142463E+01
 -0.9980000E+05  0.1140896E+01
 -0.9975000E+05  0.1139331E+01
 -0.9970000E+05  0.1137769E+01
 -0.9965000E+05  0.1136209E+01
 -0.9960000E+05  0.1134651E+01
 -0.9955000E+05  0.1133095E+01
 -0.9950000E+05  0.1131542E+01
 -0.9945000E+05  0.1129991E+01
 -0.9940000E+05  0.1128442E+01
 -0.9935000E+05  0.1126895E+01
 -0.9930000E+05  0.1125350E+01
 -0.9925000E+05  0.1123808E+01
 -0.9920000E+05  0.1122268E+01
 -0.9915000E+05  0.1120730E+01
 -0.9910000E+05  0.1119194E+01
 -0.9905000E+05  0.1117660E+01
 -0.9900000E+05  0.1116129E+01
 -0.9895000E+05  0.1114599E+01
 -0.9890000E+05  0.1113072E+01
 -0.9885000E+05  0.1111547E+01
 -0.9880000E+05  0.1110025E+01
 -0.9875000E+05  0.1108504E+01
 -0.9870000E+05  0.1106986E+01
 -0.9865000E+05  0.1105469E+01
 -0.9860000E+05  0.1103955E+01
 -0.9855000E+05  0.1102443E+01
 -0.9850000E+05  0.1100933E+01
 -0.9845000E+05  0.1099426E+01
 -0.9840000E+05  0.1097920E+01
 -0.9835000E+05  0.1096417E+01
 -0.9830000E+05  0.1094915E+01
 -0.9825000E+05  0.1093416E+01
 -0.9820000E+05  0.1091919E+01
 -0.9815000E+05  0.1090424E+01
 -0.9810000E+05  0.1088931E+01
 -0.1024500E+06  0.1227059E+01
 -0.1024000E+06  0.1225374E+01
 -0.1023500E+06  0.1223691E+01
 -0.1023000E+06  0.1222011E+01
 -0.1022500E+06  0.1220332E+01
 -0.1022000E+06  0.1218657E+01
 -0.1021500E+06  0.1216983E+01
 -0.1021000E+06  0.1215312E+01
 -0.1020500E+06  0.1213643E+01
 -0.1020000E+06  0.1211976E+01
 -0.1019500E+06  0.1210312E+01
 -0.1019000E+06  0.1208650E+01
 -0.1018500E+06  0.1206990E+01
 -0.1018000E+06  0.1205333E+01
 -0.1017500E+06  0.1203678E+01
 -0.1017000E+06  0.1202025E+01
 -0.1016500E+06  0.1200375E+01
 -0.1016000E+06  0.1198727E+01
 -0.1015500E+06  0.1197081E+01
 -0.1015000E+06  0.1195437E+01
 -0.1014500E+06  0.1193796E+01
 -0.1014000E+06  0.1192157E+01
 -0.1013500E+06  0.1190520E+01
 -0.1013000E+06  0.1188886E+01
 -0.1012500E+06  0.1187254E+01
 -0.1012000E+06  0.1185624E+01
 -0.1011500E+06  0.1183997E+01
 -0.1011000E+06  0.1182371E+01
 -0.1010500E+06  0.1180748E+01
 -0.1010000E+06  0.1179128E+01
 -0.1009500E+06  0.1177509E+01
 -0.1009000E+06  0.1175893E+01
 -0.1008500E+06  0.1174279E+01
 -0.1008000E+06  0.1172667E+01
 -0.1007500E+06  0.1171058E+01
 -0.1007000E+06  0.1169451E+01
 -0.1006500E+06  0.1167846E+01
 -0.1006000E+06  0.1166243E+01
 -0.1005500E+06  0.1164643E+01
 -0.1005000E+06  0.1163044E+01
 -0.1004500E+06  0.1161449E+01
 -0.1004000E+06  0.1159855E+01
 -0.1003500E+06  0.1158263E+01
 -0.1003000E+06  0.1156674E+01
 -0.1002500E+06  0.1155087E+01
 -0.1002000E+06  0.1153502E+01
 -0.1001500E+06  0.1151920E+01
 -0.1001000E+06  0.1150340E+01
 -0.1000500E+06  0.1148762E+01
 -0.1000000E+06  0.1147186E+01
 -0.9995000E+05  0.1145612E+01
 -0.9990000E+05  0.1144041E+01
 -0.9985000E+05  0.1142472E+01
 -0.9980000E+05  0.1140905E+01
 -0.9975000E+05  0.1139340E+01
 -0.9970000E+05  0.1137777E+01
 -0.9965000E+05  0.1136217E+01
 -0.9960000E+05  0.1134659E+01
 -0.9955000E+05  0.1133103E+01
 -0.9950000E+05  0.1131549E+01
 -0.9945000E+05  0.1129997E+01
 -0.9940000E+05  0.1128448E+01
 -0.9935000E+05  0.1126901E+01
 -0.9930000E+05  0.1125356E+01
 -0.9925000E+05  0.1123813E+01
 -0.9920000E+05  0.1122272E+01
 -0.9915000E+05  0.1120734E+01
 -0.9910000E+05  0.1119198E+01
 -0.9905000E+05  0.1117663E+01
 -0.9900000E+05  0.1116131E+01
 -0.9895000E+05  0.1114602E+01
 -0.9890000E+05  0.1113074E+01
 -0.9885000E+05  0.1111549E+01
 -0.9880000E+05  0.1110025E+01
 -0.9875000E+05  0.1108504E+01
 -0.9870000E+05  0.1106985E+01
 -0.9865000E+05  0.1105468E+01
 -0.9860000E+05  0.1103954E+01
 -0.9855000E+05  0.1102441E+01
 -0.9850000E+05  0.1100931E+01
 -0.9845000E+05  0.1099423E+01
 -0.9840000E+05  0.1097917E+01
 -0.9835000E+05  0.1096413E+01
 -0.9830000E+05  0.1094911E+01
 -0.9825000E+05  0.1093411E+01
 -0.9820000E+05  0.1091913E+01
 -0.9815000E+05  0.1090418E+01
 -0.9810000E+05  0.1088925E+01
 -0.9805000E+05  0.1087434E+01
 -0.9800000E+05  0.1085944E+01
 -0.9795000E+05  0.1084457E+01
 -0.9790000E+05  0.1082973E+01
 -0.9785000E+05  0.1081490E+01
 -0.9780000E+05  0.1080009E+01
 -0.9775000E+05  0.1078531E+01
 -0.9770000E+05  0.1077054E+01
 -0.9765000E+05  0.1075580E+01
 -0.9760000E+05  0.1074108E+01
 -0.9755000E+05  0.1072638E+01
 -0.9750000E+05  0.1071170E+01
 -0.9745000E+05  0.1069704E+01
 -0.9740000E+05  0.1068240E+01
 -0.9735000E+05  0.1066778E+01
 -0.9730000E+05  0.1065318E+01
 -0.9725000E+05  0.1063860E+01
 -0.9720000E+05  0.1062405E+01
 -0.9715000E+05  0.1060951E+01
 -0.9710000E+05  0.1059500E+01
 -0.9705000E+05  0.1058051E+01
 -0.9700000E+05  0.1056603E+01
 -0.9695000E+05  0.1055158E+01
 -0.9690000E+05  0.1053715E+01
 -0.9685000E+05  0.1052274E+01
 -0.9680000E+05  0.1050835E+01
 -0.9675000E+05  0.1049398E+01
 -0.9670000E+05  0.1047963E+01
 -0.9665000E+05  0.1046530E+01
 -0.9660000E+05  0.1045099E+01
 -0.9655000E+05  0.1043670E+01
 -0.9650000E+05  0.1042243E+01
 -0.9645000E+05  0.1040818E+01
 -0.9640000E+05  0.1039395E+01
 -0.9635000E+05  0.1037975E+01
 -0.9630000E+05  0.1036556E+01
 -0.9625000E+05  0.1035139E+01
 -0.9620000E+05  0.1033725E+01
 -0.9615000E+05  0.1032312E+01
 -0.9610000E+05  0.1030901E+01
 -0.9605000E+05  0.1029493E+01
 -0.9600000E+05  0.1028086E+01
 -0.9595000E+05  0.1026681E+01
 -0.9590000E+05  0.1025279E+01
 -0.9585000E+05  0.1023878E+01
 -0.9580000E+05  0.1022479E+01
 -0.9575000E+05  0.1021083E+01
 -0.9570000E+05  0.1019688E+01
 -0.9565000E+05  0.1018295E+01
 -0.9560000E+05  0.1016904E+01
 -0.9555000E+05  0.1015516E+01
 -0.9550000E+05  0.1014129E+01
 -0.9545000E+05  0.1012744E+01
 -0.9540000E+05  0.1011361E+01
 -0.9535000E+05  0.1009981E+01
 -0.9530000E+05  0.1008602E+01
 -0.9525000E+05  0.1007225E+01
 -0.9520000E+05  0.1005850E+01
 -0.9515000E+05  0.1004477E+01
 -0.9510000E+05  0.1003106E+01
 -0.9505000E+05  0.1001737E+01
 -0.9500000E+05  0.1000369E+01
 -0.9495000E+05  0.9990042E+00
 -0.9490000E+05  0.9976409E+00
 -0.9485000E+05  0.9962796E+00
 -0.9480000E+05  0.9949202E+00
 -0.9475000E+05  0.9935627E+00
 -0.9470000E+05  0.9922072E+00
 -0.9465000E+05  0.9908536E+00
 -0.9460000E+05  0.9895019E+00
 -0.9455000E+05  0.9881521E+00
 -0.9450000E+05  0.9868043E+00
 -0.9445000E+05  0.9854584E+00
 -0.9440000E+05  0.9841144E+00
 -0.9435000E+05  0.9827723E+00
 -0.9430000E+05  0.9814321E+00
 -0.9425000E+05  0.9800938E+00
 -0.9420000E+05  0.9787574E+00
 -0.9415000E+05  0.9774229E+00
 -0.9410000E+05  0.9760903E+00
 -0.9405000E+05  0.9747596E+00
 -0.9400000E+05  0.9734308E+00
 -0.9395000E+05  0.9721039E+00
 -0.9390000E+05  0.9707789E+00
 -0.9385000E+05  0.9694557E+00
 -0.9380000E+05  0.9681344E+00
 -0.9375000E+05  0.9668150E+00
 -0.9370000E+05  0.9654975E+00
 -0.9365000E+05  0.9641819E+00
 -0.9360000E+05  0.9628681E+00
 -0.9355000E+05  0.9615562E+00
 -0.9350000E+05  0.9602461E+00
 -0.9345000E+05  0.9589380E+00
 -0.9340000E+05  0.9576316E+00
 -0.9335000E+05  0.9563272E+00
 -0.9330000E+05  0.9550245E+00
 -0.9325000E+05  0.9537238E+00
 -0.9320000E+05  0.9524248E+00
 -0.9315000E+05  0.9511278E+00
 -0.9310000E+05  0.9498325E+00
 -0.9305000E+05  0.9485391E+00
 -0.9300000E+05  0.9472476E+00
 -0.9295000E+05  0.9459578E+00
 -0.9290000E+05  0.9446700E+00
 -0.9285000E+05  0.9433839E+00
 -0.9280000E+05  0.9420997E+00
 -0.9275000E+05  0.9408172E+00
 -0.9270000E+05  0.9395367E+00
 -0.9265000E+05  0.9382579E+00
 -0.9260000E+05  0.9369809E+00
 -0.9255000E+05  0.9357058E+00
 -0.9250000E+05  0.9344325E+00
 -0.9245000E+05  0.9331610E+00
 -0.9240000E+05  0.9318913E+00
 -0.9235000E+05  0.9306234E+00
 -0.9230000E+05  0.9293573E+00
 -0.9225000E+05  0.9280930E+00
 -0.9805000E+05  0.1087434E+01
 -0.9800000E+05  0.1085944E+01
 -0.9795000E+05  0.1084457E+01
 -0.9790000E+05  0.1082973E+01
 -0.9785000E+05  0.1081490E+01
 -0.9780000E+05  0.1080009E+01
 -0.9775000E+05  0.1078531E+01
 -0.9770000E+05  0.1077054E+01
 -0.9765000E+05  0.1075580E+01
 -0.9760000E+05  0.1074108E+01
 -0.9755000E+05  0.1072638E+01
 -0.9750000E+05  0.1071170E+01
 -0.9745000E+05  0.1069704E+01
 -0.9740000E+05  0.1068240E+01
 -0.9735000E+05  0.1066778E+01
 -0.9730000E+05  0.1065318E+01
 -0.9725000E+05  0.1063860E+01
 -0.9720000E+05  0.1062405E+01
 -0.9715000E+05  0.1060951E+01
 -0.9710000E+05  0.1059500E+01
 -0.9705000E+05  0.1058051E+01
 -0.9700000E+05  0.1056603E+01
 -0.9695000E+05  0.1055158E+01
 -0.9690000E+05  0.1053715E+01
 -0.9685000E+05  0.1052274E+01
 -0.9680000E+05  0.1050835E+01
 -0.9675000E+05  0.1049398E+01
 -0.9670000E+05  0.1047963E+01
 -0.9665000E+05  0.1046530E+01
 -0.9660000E+05  0.1045099E+01
 -0.9655000E+05  0.1043670E+01
 -0.9650000E+05  0.1042243E+01
 -0.9645000E+05  0.1040818E+01
 -0.9640000E+05  0.1039395E+01
 -0.9635000E+05  0.1037975E+01
 -0.9630000E+05  0.1036556E+01
 -0.9625000E+05  0.1035139E+01
 -0.9620000E+05  0.1033725E+01
 -0.9615000E+05  0.1032312E+01
 -0.9610000E+05  0.1030901E+01
 -0.9605000E+05  0.1029493E+01
 -0.9600000E+05  0.1028086E+01
 -0.9595000E+05  0.1026681E+01
 -0.9590000E+05  0.1025279E+01
 -0.9585000E+05  0.1023878E+01
 -0.9580000E+05  0.1022479E+01
 -0.9575000E+05  0.1021083E+01
 -0.9570000E+05  0.1019688E+01
 -0.9565000E+05  0.1018295E+01
 -0.9560000E+05  0.1016904E+01
 -0.9555000E+05  0.1015516E+01
 -0.9550000E+05  0.1014129E+01
 -0.9545000E+05  0.1012744E+01
 -0.9540000E+05  0.1011361E+01
 -0.9535000E+05  0.1009981E+01
 -0.9530000E+05  0.1008602E+01
 -0.9525000E+05  0.1007225E+01
 -0.9520000E+05  0.1005850E+01
 -0.9515000E+05  0.1004477E+01
 -0.9510000E+05  0.1003106E+01
 -0.9505000E+05  0.1001737E+01
 -0.9500000E+05  0.1000369E+01
 -0.9495000E+05  0.9990042E+00
 -0.9490000E+05  0.9976409E+00
 -0.9485000E+05  0.9962796E+00
 -0.9480000E+05  0.9949202E+00
 -0.9475000E+05  0.9935627E+00
 -0.9470000E+05  0.9922072E+00
 -0.9465000E+05  0.9908536E+00
 -0.9460000E+05  0.9895019E+00
 -0.9455000E+05  0.9881521E+00
 -0.9450000E+05  0.9868043E+00
 -0.9445000E+05  0.9854584E+00
 -0.9440000E+05  0.9841144E+00
 -0.9435000E+05  0.9827723E+00
 -0.9430000E+05  0.9814321E+00
 -0.9425000E+05  0.9800938E+00
 -0.9420000E+05  0.9787574E+00
 -0.9415000E+05  0.9774229E+00
 -0.9410000E+05  0.9760903E+00
 -0.9405000E+05  0.9747596E+00
 -0.9400000E+05  0.9734308E+00
 -0.9395000E+05  0.9721039E+00
 -0.9390000E+05  0.9707789E+00
 -0.9385000E+05  0.9694557E+00
 -0.9380000E+05  0.9681344E+00
 -0.9375000E+05  0.9668150E+00
 -0.9370000E+05  0.9654975E+00
 -0.9365000E+05  0.9641819E+00
 -0.9360000E+05  0.9628681E+00
 -0.9355000E+05  0.9615562E+00
 -0.9350000E+05  0.9602461E+00
 -0.9345000E+05  0.9589380E+00
 -0.9340000E+05  0.9576316E+00
 -0.9335000E+05  0.9563272E+00
 -0.9330000E+05  0.9550245E+00
 -0.9325000E+05  0.9537238E+00
 -0.9320000E+05  0.9524248E+00
 -0.9315000E+05  0.9511278E+00
 -0.9310000E+05  0.9498325E+00
 -0.9305000E+05  0.9485391E+00
 -0.9300000E+05  0.9472476E+00
 -0.9295000E+05  0.9459578E+00
 -0.9290000E+05  0.9446700E+00
 -0.9285000E+05  0.9433839E+00
 -0.9280000E+05  0.9420997E+00
 -0.9275000E+05  0.9408172E+00
 -0.9270000E+05  0.9395367E+00
 -0.9265000E+05  0.9382579E+00
 -0.9260000E+05  0.9369809E+00
 -0.9255000E+05  0.9357058E+00
 -0.9250000E+05  0.9344325E+00
 -0.9245000E+05  0.9331610E+00
 -0.9240000E+05  0.9318913E+00
 -0.9235000E+05  0.9306234E+00
 -0.9230000E+05  0.9293573E+00
 -0.9225000E+05  0.9280930E+00
 -0.9220000E+05  0.9268305E+00
 -0.9215000E+05  0.9255698E+00
 -0.9210000E+05  0.9243109E+00
 -0.9205000E+05  0.9230538E+00
 -0.9200000E+05  0.9217984E+00
 -0.9195000E+05  0.9205449E+00
 -0.9190000E+05  0.9192932E+00
 -0.9185000E+05  0.9180432E+00
 -0.9180000E+05  0.9167950E+00
 -0.9175000E+05  0.9155486E+00
 -0.9170000E+05  0.9143040E+00
 -0.9165000E+05  0.9130611E+00
 -0.9160000E+05  0.9118201E+00
 -0.9155000E+05  0.9105808E+00
 -0.9150000E+05  0.9093432E+00
 -0.9145000E+05  0.9081075E+00
 -0.9140000E+05  0.9068735E+00
 -0.9135000E+05  0.9056413E+00
 -0.9130000E+05  0.9044108E+00
 -0.9125000E+05  0.9031821E+00
 -0.9120000E+05  0.9019551E+00
 -0.9115000E+05  0.9007300E+00
 -0.9110000E+05  0.8995065E+00
 -0.9105000E+05  0.8982848E+00
 -0.9100000E+05  0.8970649E+00
 -0.9095000E+05  0.8958468E+00
 -0.9090000E+05  0.8946303E+00
 -0.9085000E+05  0.8934157E+00
 -0.9080000E+05  0.8922028E+00
 -0.9075000E+05  0.8909916E+00
 -0.9070000E+05  0.8897822E+00
 -0.9065000E+05  0.8885745E+00
 -0.9060000E+05  0.8873686E+00
 -0.9055000E+05  0.8861644E+00
 -0.9050000E+05  0.8849619E+00
 -0.9045000E+05  0.8837612E+00
 -0.9040000E+05  0.8825622E+00
 -0.9035000E+05  0.8813650E+00
 -0.9030000E+05  0.8801695E+00
 -0.9025000E+05  0.8789758E+00
 -0.9020000E+05  0.8777838E+00
 -0.9015000E+05  0.8765935E+00
 -0.9010000E+05  0.8754049E+00
 -0.9005000E+05  0.8742181E+00
 -0.9000000E+05  0.8730331E+00
 -0.8995000E+05  0.8718497E+00
 -0.8990000E+05  0.8706681E+00
 -0.8985000E+05  0.8694883E+00
 -0.8980000E+05  0.8683101E+00
 -0.8975000E+05  0.8671337E+00
 -0.8970000E+05  0.8659591E+00
 -0.8965000E+05  0.8647862E+00
 -0.8960000E+05  0.8636150E+00
 -0.8955000E+05  0.8624455E+00
 -0.8950000E+05  0.8612778E+00
 -0.8945000E+05  0.8601118E+00
 -0.8940000E+05  0.8589476E+00
 -0.8935000E+05  0.8577850E+00
 -0.8930000E+05  0.8566243E+00
 -0.8925000E+05  0.8554652E+00
 -0.8920000E+05  0.8543079E+00
 -0.8915000E+05  0.8531524E+00
 -0.8910000E+05  0.8519986E+00
 -0.8905000E+05  0.8508465E+00
 -0.8900000E+05  0.8496961E+00
 -0.8895000E+05  0.8485476E+00
 -0.8890000E+05  0.8474007E+00
 -0.8885000E+05  0.8462556E+00
 -0.8880000E+05  0.8451123E+00
 -0.8875000E+05  0.8439707E+00
 -0.8870000E+05  0.8428308E+00
 -0.8865000E+05  0.8416927E+00
 -0.8860000E+05  0.8405564E+00
 -0.8855000E+05  0.8394218E+00
 -0.8850000E+05  0.8382890E+00
 -0.8845000E+05  0.8371580E+00
 -0.8840000E+05  0.8360287E+00
 -0.8835000E+05  0.8349011E+00
 -0.8830000E+05  0.8337754E+00
 -0.8825000E+05  0.8326514E+00
 -0.8820000E+05  0.8315292E+00
 -0.8815000E+05  0.8304088E+00
 -0.8810000E+05  0.8292902E+00
 -0.8805000E+05  0.8281733E+00
 -0.8800000E+05  0.8270582E+00
 -0.8795000E+05  0.8259450E+00
 -0.8790000E+05  0.8248335E+00
 -0.8785000E+05  0.8237238E+00
 -0.8780000E+05  0.8226159E+00
 -0.8775000E+05  0.8215099E+00
 -0.8770000E+05  0.8204056E+00
 -0.8765000E+05  0.8193032E+00
 -0.8760000E+05  0.8182025E+00
 -0.8755000E+05  0.8171038E+00
 -0.8750000E+05  0.8160068E+00
 -0.8745000E+05  0.8149117E+00
 -0.8740000E+05  0.8138184E+00
 -0.8735000E+05  0.8127269E+00
 -0.8730000E+05  0.8116374E+00
 -0.8725000E+05  0.8105496E+00
 -0.8720000E+05  0.8094638E+00
 -0.8715000E+05  0.8083798E+00
 -0.8710000E+05  0.8072976E+00
 -0.8705000E+05  0.8062174E+00
 -0.8700000E+05  0.8051390E+00
 -0.8695000E+05  0.8040626E+00
 -0.8690000E+05  0.8029880E+00
 -0.8685000E+05  0.8019154E+00
 -0.8680000E+05  0.8008446E+00
 -0.8675000E+05  0.7997758E+00
 -0.8670000E+05  0.7987090E+00
 -0.8665000E+05  0.7976440E+00
 -0.8660000E+05  0.7965810E+00
 -0.8655000E+05  0.7955200E+00
 -0.8650000E+05  0.7944609E+00
 -0.8645000E+05  0.7934038E+00
 -0.8640000E+05  0.7923487E+00
 -0.8635000E+05  0.7912956E+00
