 -0.9807000E+05  0.1088028E+01
 -0.9802000E+05  0.1086538E+01
 -0.9797000E+05  0.1085051E+01
 -0.9792000E+05  0.1083565E+01
 -0.9787000E+05  0.1082082E+01
 -0.9782000E+05  0.1080600E+01
 -0.9777000E+05  0.1079121E+01
 -0.9772000E+05  0.1077644E+01
 -0.9767000E+05  0.1076169E+01
 -0.9762000E+05  0.1074696E+01
 -0.9757000E+05  0.1073225E+01
 -0.9752000E+05  0.1071756E+01
 -0.9747000E+05  0.1070289E+01
 -0.9742000E+05  0.1068825E+01
 -0.9737000E+05  0.1067362E+01
 -0.9732000E+05  0.1065902E+01
 -0.9727000E+05  0.1064443E+01
 -0.9722000E+05  0.1062987E+01
 -0.9717000E+05  0.1061533E+01
 -0.9712000E+05  0.1060081E+01
 -0.9707000E+05  0.1058630E+01
 -0.9702000E+05  0.1057182E+01
 -0.9697000E+05  0.1055736E+01
 -0.9692000E+05  0.1054292E+01
 -0.9687000E+05  0.1052851E+01
 -0.9682000E+05  0.1051411E+01
 -0.9677000E+05  0.1049973E+01
 -0.9672000E+05  0.1048537E+01
 -0.9667000E+05  0.1047104E+01
 -0.9662000E+05  0.1045672E+01
 -0.9657000E+05  0.1044242E+01
 -0.9652000E+05  0.1042815E+01
 -0.9647000E+05  0.1041389E+01
 -0.9642000E+05  0.1039965E+01
 -0.9637000E+05  0.1038544E+01
 -0.9632000E+05  0.1037124E+01
 -0.9627000E+05  0.1035707E+01
 -0.9622000E+05  0.1034292E+01
 -0.9617000E+05  0.1032878E+01
 -0.9612000E+05  0.1031467E+01
 -0.9607000E+05  0.1030057E+01
 -0.9602000E+05  0.1028650E+01
 -0.9597000E+05  0.1027244E+01
 -0.9592000E+05  0.1025841E+01
 -0.9587000E+05  0.1024439E+01
 -0.9582000E+05  0.1023040E+01
 -0.9577000E+05  0.1021642E+01
 -0.9572000E+05  0.1020247E+01
 -0.9567000E+05  0.1018854E+01
 -0.9562000E+05  0.1017462E+01
 -0.9557000E+05  0.1016072E+01
 -0.9552000E+05  0.1014685E+01
 -0.9547000E+05  0.1013299E+01
 -0.9542000E+05  0.1011916E+01
 -0.9537000E+05  0.1010534E+01
 -0.9532000E+05  0.1009154E+01
 -0.9527000E+05  0.1007777E+01
 -0.9522000E+05  0.1006401E+01
 -0.9517000E+05  0.1005027E+01
 -0.9512000E+05  0.1003655E+01
 -0.9507000E+05  0.1002285E+01
 -0.9502000E+05  0.1000917E+01
 -0.9497000E+05  0.9995512E+00
 -0.9492000E+05  0.9981871E+00
 -0.9487000E+05  0.9968249E+00
 -0.9482000E+05  0.9954647E+00
 -0.9477000E+05  0.9941064E+00
 -0.9472000E+05  0.9927501E+00
 -0.9467000E+05  0.9913957E+00
 -0.9462000E+05  0.9900432E+00
 -0.9457000E+05  0.9886926E+00
 -0.9452000E+05  0.9873439E+00
 -0.9447000E+05  0.9859972E+00
 -0.9442000E+05  0.9846523E+00
 -0.9437000E+05  0.9833094E+00
 -0.9432000E+05  0.9819684E+00
 -0.9427000E+05  0.9806293E+00
 -0.9422000E+05  0.9792921E+00
 -0.9417000E+05  0.9779568E+00
 -0.9412000E+05  0.9766233E+00
 -0.9407000E+05  0.9752918E+00
 -0.9402000E+05  0.9739622E+00
 -0.9397000E+05  0.9726345E+00
 -0.9392000E+05  0.9713086E+00
 -0.9387000E+05  0.9699847E+00
 -0.9382000E+05  0.9686626E+00
 -0.9377000E+05  0.9673424E+00
 -0.9372000E+05  0.9660240E+00
 -0.9367000E+05  0.9647076E+00
 -0.9362000E+05  0.9633930E+00
 -0.9357000E+05  0.9620803E+00
 -0.9352000E+05  0.9607694E+00
 -0.9347000E+05  0.9594604E+00
 -0.9342000E+05  0.9581533E+00
 -0.9337000E+05  0.9568480E+00
 -0.9332000E+05  0.9555446E+00
 -0.9327000E+05  0.9542431E+00
 -0.9322000E+05  0.9529434E+00
 -0.9317000E+05  0.9516455E+00
 -0.9312000E+05  0.9503495E+00
 -0.9307000E+05  0.9490553E+00
 -0.9302000E+05  0.9477630E+00
 -0.9297000E+05  0.9464725E+00
 -0.9292000E+05  0.9451838E+00
 -0.9287000E+05  0.9438970E+00
 -0.9282000E+05  0.9426120E+00
 -0.9277000E+05  0.9413288E+00
 -0.9272000E+05  0.9400475E+00
 -0.9267000E+05  0.9387680E+00
 -0.9262000E+05  0.9374903E+00
 -0.9257000E+05  0.9362144E+00
 -0.9252000E+05  0.9349404E+00
 -0.9247000E+05  0.9336681E+00
 -0.9242000E+05  0.9323977E+00
 -0.9237000E+05  0.9311291E+00
 -0.9232000E+05  0.9298622E+00
 -0.9227000E+05  0.9285972E+00
 -0.9222000E+05  0.9273340E+00
 -0.9217000E+05  0.9260726E+00
 -0.9212000E+05  0.9248130E+00
 -0.9207000E+05  0.9235552E+00
 -0.9202000E+05  0.9222992E+00
 -0.9197000E+05  0.9210449E+00
 -0.9192000E+05  0.9197925E+00
 -0.9187000E+05  0.9185419E+00
 -0.9182000E+05  0.9172930E+00
 -0.9177000E+05  0.9160459E+00
 -0.9172000E+05  0.9148006E+00
 -0.9167000E+05  0.9135571E+00
 -0.9162000E+05  0.9123154E+00
 -0.9157000E+05  0.9110754E+00
 -0.9152000E+05  0.9098372E+00
 -0.9147000E+05  0.9086008E+00
 -0.9142000E+05  0.9073661E+00
 -0.9137000E+05  0.9061333E+00
 -0.9132000E+05  0.9049021E+00
 -0.9127000E+05  0.9036728E+00
 -0.9122000E+05  0.9024452E+00
 -0.9117000E+05  0.9012194E+00
 -0.9112000E+05  0.8999953E+00
 -0.9107000E+05  0.8987730E+00
 -0.9102000E+05  0.8975524E+00
 -0.9097000E+05  0.8963336E+00
 -0.9092000E+05  0.8951166E+00
 -0.9087000E+05  0.8939013E+00
 -0.9082000E+05  0.8926878E+00
 -0.9077000E+05  0.8914760E+00
 -0.9072000E+05  0.8902659E+00
 -0.9067000E+05  0.8890576E+00
 -0.9062000E+05  0.8878510E+00
 -0.9057000E+05  0.8866462E+00
 -0.9052000E+05  0.8854431E+00
 -0.9047000E+05  0.8842418E+00
 -0.9042000E+05  0.8830422E+00
 -0.9037000E+05  0.8818444E+00
 -0.9032000E+05  0.8806482E+00
 -0.9027000E+05  0.8794539E+00
 -0.9022000E+05  0.8782612E+00
 -0.9017000E+05  0.8770703E+00
 -0.9012000E+05  0.8758811E+00
 -0.9007000E+05  0.8746937E+00
 -0.9002000E+05  0.8735080E+00
 -0.8997000E+05  0.8723240E+00
 -0.8992000E+05  0.8711418E+00
 -0.8987000E+05  0.8699612E+00
 -0.8982000E+05  0.8687825E+00
 -0.8977000E+05  0.8676054E+00
 -0.8972000E+05  0.8664301E+00
 -0.8967000E+05  0.8652565E+00
 -0.8962000E+05  0.8640846E+00
 -0.8957000E+05  0.8629145E+00
 -0.8952000E+05  0.8617461E+00
 -0.8947000E+05  0.8605794E+00
 -0.8942000E+05  0.8594145E+00
 -0.8937000E+05  0.8582513E+00
 -0.8932000E+05  0.8570898E+00
 -0.8927000E+05  0.8559301E+00
 -0.8922000E+05  0.8547721E+00
 -0.8917000E+05  0.8536158E+00
 -0.8912000E+05  0.8524613E+00
 -0.8907000E+05  0.8513085E+00
 -0.8902000E+05  0.8501574E+00
 -0.8897000E+05  0.8490081E+00
 -0.8892000E+05  0.8478605E+00
 -0.8887000E+05  0.8467146E+00
 -0.8882000E+05  0.8455705E+00
 -0.8877000E+05  0.8444281E+00
 -0.8872000E+05  0.8432875E+00
 -0.8867000E+05  0.8421487E+00
 -0.8862000E+05  0.8410115E+00
 -0.8857000E+05  0.8398762E+00
 -0.8852000E+05  0.8387426E+00
 -0.8847000E+05  0.8376107E+00
 -0.8842000E+05  0.8364806E+00
 -0.8837000E+05  0.8353523E+00
 -0.8832000E+05  0.8342257E+00
 -0.8827000E+05  0.8331009E+00
 -0.8822000E+05  0.8319779E+00
 -0.8817000E+05  0.8308566E+00
 -0.8812000E+05  0.8297372E+00
 -0.8807000E+05  0.8286195E+00
 -0.8802000E+05  0.8275036E+00
 -0.8797000E+05  0.8263895E+00
 -0.8792000E+05  0.8252771E+00
 -0.8787000E+05  0.8241666E+00
 -0.8782000E+05  0.8230579E+00
 -0.8777000E+05  0.8219510E+00
 -0.8772000E+05  0.8208459E+00
 -0.8767000E+05  0.8197427E+00
 -0.8762000E+05  0.8186412E+00
 -0.8757000E+05  0.8175416E+00
 -0.8752000E+05  0.8164438E+00
 -0.8747000E+05  0.8153479E+00
 -0.8742000E+05  0.8142538E+00
 -0.8737000E+05  0.8131616E+00
 -0.8732000E+05  0.8120713E+00
 -0.8727000E+05  0.8109828E+00
 -0.8722000E+05  0.8098962E+00
 -0.8717000E+05  0.8088114E+00
 -0.8712000E+05  0.8077286E+00
 -0.8707000E+05  0.8066477E+00
 -0.8702000E+05  0.8055687E+00
 -0.8697000E+05  0.8044916E+00
 -0.8692000E+05  0.8034164E+00
 -0.8687000E+05  0.8023432E+00
 -0.8682000E+05  0.8012719E+00
 -0.8677000E+05  0.8002026E+00
 -0.8672000E+05  0.7991353E+00
 -0.8667000E+05  0.7980699E+00
 -0.8662000E+05  0.7970066E+00
 -0.8657000E+05  0.7959452E+00
 -0.8652000E+05  0.7948858E+00
 -0.8647000E+05  0.7938285E+00
 -0.8642000E+05  0.7927732E+00
 -0.8637000E+05  0.7917200E+00
