 -0.10487500E+06   0.131207594E+01
 -0.10485000E+06   0.131111386E+01
 -0.10482500E+06   0.131002694E+01
 -0.10480000E+06   0.130917938E+01
 -0.10477500E+06   0.130822980E+01
 -0.10475000E+06   0.130734484E+01
 -0.10472500E+06   0.130644926E+01
 -0.10470000E+06   0.130563160E+01
 -0.10467500E+06   0.130480728E+01
 -0.10465000E+06   0.130393014E+01
 -0.10462500E+06   0.130299476E+01
 -0.10460000E+06   0.130212006E+01
 -0.10457500E+06   0.130123488E+01
 -0.10455000E+06   0.130035210E+01
 -0.10452500E+06   0.129943056E+01
 -0.10450000E+06   0.129849800E+01
 -0.10447500E+06   0.129760726E+01
 -0.10445000E+06   0.129680352E+01
 -0.10442500E+06   0.129591630E+01
 -0.10440000E+06   0.129497862E+01
 -0.10437500E+06   0.129420440E+01
 -0.10435000E+06   0.129336736E+01
 -0.10432500E+06   0.129238232E+01
 -0.10430000E+06   0.129131634E+01
 -0.10427500E+06   0.129070076E+01
 -0.10425000E+06   0.129002518E+01
 -0.10422500E+06   0.128880758E+01
