 -0.11005000E+06   0.151248136E+01
 -0.11002500E+06   0.151158790E+01
 -0.11000000E+06   0.151036822E+01
 -0.10997500E+06   0.150938774E+01
 -0.10995000E+06   0.150852670E+01
 -0.10992500E+06   0.150748408E+01
 -0.10990000E+06   0.150631118E+01
 -0.10987500E+06   0.150525450E+01
 -0.10985000E+06   0.150426572E+01
 -0.10982500E+06   0.150321890E+01
 -0.10980000E+06   0.150228028E+01
 -0.10977500E+06   0.150117788E+01
 -0.10975000E+06   0.150014294E+01
 -0.10972500E+06   0.149931118E+01
 -0.10970000E+06   0.149825482E+01
 -0.10967500E+06   0.149724160E+01
 -0.10965000E+06   0.149618284E+01
 -0.10962500E+06   0.149502578E+01
 -0.10960000E+06   0.149409268E+01
 -0.10957500E+06   0.149305816E+01
 -0.10955000E+06   0.149215184E+01
 -0.10952500E+06   0.149120392E+01
 -0.10950000E+06   0.149010256E+01
 -0.10947500E+06   0.148919186E+01
 -0.10945000E+06   0.148787702E+01
