 -0.11460000E+06   0.171366617E+01
 -0.11457500E+06   0.171245195E+01
 -0.11455000E+06   0.171095285E+01
 -0.11452500E+06   0.171011081E+01
 -0.11450000E+06   0.170906467E+01
 -0.11447500E+06   0.170784595E+01
 -0.11445000E+06   0.170660519E+01
 -0.11442500E+06   0.170534373E+01
 -0.11440000E+06   0.170419545E+01
 -0.11437500E+06   0.170320187E+01
 -0.11435000E+06   0.170218899E+01
 -0.11432500E+06   0.170083301E+01
 -0.11430000E+06   0.169963767E+01
 -0.11427500E+06   0.169853175E+01
 -0.11425000E+06   0.169737243E+01
 -0.11422500E+06   0.169626079E+01
 -0.11420000E+06   0.169520139E+01
 -0.11417500E+06   0.169411553E+01
 -0.11415000E+06   0.169297377E+01
 -0.11412500E+06   0.169181097E+01
 -0.11410000E+06   0.169050169E+01
 -0.11407500E+06   0.168955577E+01
 -0.11405000E+06   0.168845783E+01
 -0.11402500E+06   0.168685825E+01
