 -0.11565000E+06   0.176362198E+01
 -0.11562500E+06   0.176257124E+01
 -0.11560000E+06   0.176103122E+01
 -0.11557500E+06   0.175962662E+01
 -0.11555000E+06   0.175867480E+01
 -0.11552500E+06   0.175748872E+01
 -0.11550000E+06   0.175629686E+01
 -0.11547500E+06   0.175530150E+01
 -0.11545000E+06   0.175404834E+01
 -0.11542500E+06   0.175277914E+01
 -0.11540000E+06   0.175153722E+01
 -0.11537500E+06   0.175020890E+01
 -0.11535000E+06   0.174921366E+01
 -0.11532500E+06   0.174818338E+01
 -0.11530000E+06   0.174691422E+01
 -0.11527500E+06   0.174560362E+01
 -0.11525000E+06   0.174440928E+01
 -0.11522500E+06   0.174324632E+01
 -0.11520000E+06   0.174207678E+01
 -0.11517500E+06   0.174087080E+01
 -0.11515000E+06   0.173969678E+01
 -0.11512500E+06   0.173869482E+01
 -0.11510000E+06   0.173758890E+01
