 -0.95350000E+05   0.101010700E+01
 -0.95325000E+05   0.100907432E+01
 -0.95300000E+05   0.100897986E+01
 -0.95275000E+05   0.100826028E+01
 -0.95250000E+05   0.100722994E+01
 -0.95225000E+05   0.100643146E+01
 -0.95200000E+05   0.100587958E+01
 -0.95175000E+05   0.100554658E+01
 -0.95150000E+05   0.100475256E+01
 -0.95125000E+05   0.100395184E+01
 -0.95100000E+05   0.100327942E+01
 -0.95075000E+05   0.100253048E+01
 -0.95050000E+05   0.100183666E+01
 -0.95025000E+05   0.100114542E+01
 -0.95000000E+05   0.100050406E+01
 -0.94975000E+05   0.999849556E+00
 -0.94950000E+05   0.999122976E+00
 -0.94925000E+05   0.998537056E+00
 -0.94900000E+05   0.997758856E+00
 -0.94875000E+05   0.996934416E+00
 -0.94850000E+05   0.996410616E+00
 -0.94825000E+05   0.995717076E+00
 -0.94800000E+05   0.994927376E+00
 -0.94775000E+05   0.994410416E+00
 -0.94750000E+05   0.993755496E+00
 -0.94725000E+05   0.992860976E+00
 -0.94700000E+05   0.992411556E+00
 -0.94675000E+05   0.991720016E+00
 -0.94650000E+05   0.990960036E+00
 -0.94625000E+05   0.990182476E+00
 -0.94600000E+05   0.989549856E+00
