 -0.1156500E+06  0.1762634E+01
 -0.1156000E+06  0.1760230E+01
 -0.1155500E+06  0.1757829E+01
 -0.1155000E+06  0.1755429E+01
 -0.1154500E+06  0.1753033E+01
 -0.1154000E+06  0.1750638E+01
 -0.1153500E+06  0.1748246E+01
 -0.1153000E+06  0.1745857E+01
 -0.1152500E+06  0.1743470E+01
 -0.1152000E+06  0.1741086E+01
 -0.1151500E+06  0.1738705E+01
 -0.1151000E+06  0.1736327E+01
 -0.1150500E+06  0.1733951E+01
 -0.1150000E+06  0.1731579E+01
 -0.1149500E+06  0.1729209E+01
 -0.1149000E+06  0.1726843E+01
 -0.1148500E+06  0.1724479E+01
 -0.1148000E+06  0.1722119E+01
 -0.1147500E+06  0.1719762E+01
 -0.1147000E+06  0.1717407E+01
 -0.1146500E+06  0.1715056E+01
 -0.1146000E+06  0.1712708E+01
 -0.1145500E+06  0.1710364E+01
 -0.1145000E+06  0.1708022E+01
 -0.1144500E+06  0.1705684E+01
 -0.1144000E+06  0.1703349E+01
 -0.1143500E+06  0.1701017E+01
 -0.1143000E+06  0.1698689E+01
 -0.1142500E+06  0.1696363E+01
 -0.1142000E+06  0.1694041E+01
 -0.1141500E+06  0.1691723E+01
 -0.1141000E+06  0.1689407E+01
 -0.1140500E+06  0.1687095E+01
 -0.1140000E+06  0.1684786E+01
 -0.1139500E+06  0.1682480E+01
 -0.1139000E+06  0.1680178E+01
 -0.1138500E+06  0.1677879E+01
 -0.1138000E+06  0.1675583E+01
 -0.1137500E+06  0.1673291E+01
 -0.1137000E+06  0.1671001E+01
 -0.1136500E+06  0.1668715E+01
 -0.1136000E+06  0.1666432E+01
 -0.1135500E+06  0.1664153E+01
 -0.1135000E+06  0.1661877E+01
 -0.1134500E+06  0.1659603E+01
 -0.1134000E+06  0.1657333E+01
 -0.1133500E+06  0.1655067E+01
 -0.1133000E+06  0.1652803E+01
 -0.1132500E+06  0.1650543E+01
 -0.1132000E+06  0.1648286E+01
 -0.1131500E+06  0.1646032E+01
 -0.1131000E+06  0.1643781E+01
 -0.1130500E+06  0.1641533E+01
 -0.1130000E+06  0.1639288E+01
 -0.1129500E+06  0.1637047E+01
 -0.1129000E+06  0.1634808E+01
 -0.1128500E+06  0.1632573E+01
 -0.1128000E+06  0.1630341E+01
 -0.1127500E+06  0.1628112E+01
