 -0.1141850E+06  0.1693345E+01
 -0.1141350E+06  0.1691028E+01
 -0.1140850E+06  0.1688713E+01
 -0.1140350E+06  0.1686402E+01
 -0.1139850E+06  0.1684094E+01
 -0.1139350E+06  0.1681789E+01
 -0.1138850E+06  0.1679488E+01
 -0.1138350E+06  0.1677190E+01
 -0.1137850E+06  0.1674895E+01
 -0.1137350E+06  0.1672603E+01
 -0.1136850E+06  0.1670315E+01
 -0.1136350E+06  0.1668030E+01
 -0.1135850E+06  0.1665748E+01
 -0.1135350E+06  0.1663470E+01
 -0.1134850E+06  0.1661194E+01
 -0.1134350E+06  0.1658922E+01
 -0.1133850E+06  0.1656653E+01
 -0.1133350E+06  0.1654387E+01
 -0.1132850E+06  0.1652125E+01
 -0.1132350E+06  0.1649865E+01
 -0.1131850E+06  0.1647609E+01
 -0.1131350E+06  0.1645356E+01
 -0.1130850E+06  0.1643106E+01
 -0.1130350E+06  0.1640859E+01
 -0.1129850E+06  0.1638616E+01
 -0.1129350E+06  0.1636375E+01
 -0.1128850E+06  0.1634138E+01
 -0.1128350E+06  0.1631903E+01
 -0.1127850E+06  0.1629672E+01
 -0.1127350E+06  0.1627444E+01
 -0.1126850E+06  0.1625218E+01
 -0.1126350E+06  0.1622996E+01
 -0.1125850E+06  0.1620777E+01
 -0.1125350E+06  0.1618561E+01
 -0.1124850E+06  0.1616348E+01
 -0.1124350E+06  0.1614138E+01
 -0.1123850E+06  0.1611931E+01
 -0.1123350E+06  0.1609727E+01
 -0.1122850E+06  0.1607526E+01
 -0.1122350E+06  0.1605327E+01
 -0.1121850E+06  0.1603132E+01
 -0.1121350E+06  0.1600940E+01
 -0.1120850E+06  0.1598751E+01
 -0.1120350E+06  0.1596564E+01
 -0.1119850E+06  0.1594381E+01
 -0.1119350E+06  0.1592200E+01
 -0.1118850E+06  0.1590022E+01
 -0.1118350E+06  0.1587848E+01
 -0.1117850E+06  0.1585676E+01
 -0.1117350E+06  0.1583507E+01
 -0.1116850E+06  0.1581341E+01
 -0.1116350E+06  0.1579177E+01
 -0.1115850E+06  0.1577017E+01
 -0.1115350E+06  0.1574859E+01
 -0.1114850E+06  0.1572705E+01
 -0.1114350E+06  0.1570553E+01
 -0.1113850E+06  0.1568404E+01
 -0.1113350E+06  0.1566257E+01
 -0.1112850E+06  0.1564114E+01
 -0.1112350E+06  0.1561973E+01
 -0.1111850E+06  0.1559836E+01
 -0.1111350E+06  0.1557701E+01
 -0.1110850E+06  0.1555568E+01
 -0.1110350E+06  0.1553439E+01
 -0.1109850E+06  0.1551312E+01
 -0.1109350E+06  0.1549189E+01
 -0.1108850E+06  0.1547068E+01
 -0.1108350E+06  0.1544949E+01
 -0.1107850E+06  0.1542834E+01
 -0.1107350E+06  0.1540721E+01
 -0.1106850E+06  0.1538611E+01
 -0.1106350E+06  0.1536504E+01
 -0.1105850E+06  0.1534400E+01
 -0.1105350E+06  0.1532298E+01
 -0.1104850E+06  0.1530199E+01
 -0.1104350E+06  0.1528103E+01
 -0.1103850E+06  0.1526010E+01
 -0.1103350E+06  0.1523919E+01
 -0.1102850E+06  0.1521831E+01
 -0.1102350E+06  0.1519746E+01
 -0.1101850E+06  0.1517664E+01
 -0.1101350E+06  0.1515584E+01
 -0.1100850E+06  0.1513507E+01
 -0.1100350E+06  0.1511433E+01
 -0.1099850E+06  0.1509361E+01
 -0.1099350E+06  0.1507292E+01
 -0.1098850E+06  0.1505226E+01
 -0.1098350E+06  0.1503163E+01
