 -0.1127200E+06  0.1626777E+01
 -0.1126700E+06  0.1624552E+01
 -0.1126200E+06  0.1622331E+01
 -0.1125700E+06  0.1620112E+01
 -0.1125200E+06  0.1617897E+01
 -0.1124700E+06  0.1615684E+01
 -0.1124200E+06  0.1613475E+01
 -0.1123700E+06  0.1611268E+01
 -0.1123200E+06  0.1609065E+01
 -0.1122700E+06  0.1606864E+01
 -0.1122200E+06  0.1604667E+01
 -0.1121700E+06  0.1602473E+01
 -0.1121200E+06  0.1600281E+01
 -0.1120700E+06  0.1598092E+01
 -0.1120200E+06  0.1595907E+01
 -0.1119700E+06  0.1593724E+01
 -0.1119200E+06  0.1591545E+01
 -0.1118700E+06  0.1589368E+01
 -0.1118200E+06  0.1587194E+01
 -0.1117700E+06  0.1585023E+01
 -0.1117200E+06  0.1582855E+01
 -0.1116700E+06  0.1580690E+01
 -0.1116200E+06  0.1578527E+01
 -0.1115700E+06  0.1576368E+01
 -0.1115200E+06  0.1574211E+01
 -0.1114700E+06  0.1572058E+01
 -0.1114200E+06  0.1569907E+01
 -0.1113700E+06  0.1567759E+01
 -0.1113200E+06  0.1565614E+01
 -0.1112700E+06  0.1563471E+01
 -0.1112200E+06  0.1561332E+01
 -0.1111700E+06  0.1559195E+01
 -0.1111200E+06  0.1557061E+01
 -0.1110700E+06  0.1554930E+01
 -0.1110200E+06  0.1552802E+01
 -0.1109700E+06  0.1550676E+01
 -0.1109200E+06  0.1548553E+01
 -0.1108700E+06  0.1546433E+01
 -0.1108200E+06  0.1544316E+01
 -0.1107700E+06  0.1542202E+01
 -0.1107200E+06  0.1540090E+01
 -0.1106700E+06  0.1537981E+01
 -0.1106200E+06  0.1535875E+01
 -0.1105700E+06  0.1533771E+01
 -0.1105200E+06  0.1531670E+01
 -0.1104700E+06  0.1529572E+01
 -0.1104200E+06  0.1527477E+01
 -0.1103700E+06  0.1525384E+01
 -0.1103200E+06  0.1523295E+01
 -0.1102700E+06  0.1521207E+01
 -0.1102200E+06  0.1519123E+01
 -0.1101700E+06  0.1517041E+01
 -0.1101200E+06  0.1514962E+01
 -0.1100700E+06  0.1512886E+01
 -0.1100200E+06  0.1510812E+01
 -0.1099700E+06  0.1508741E+01
 -0.1099200E+06  0.1506673E+01
 -0.1098700E+06  0.1504608E+01
 -0.1098200E+06  0.1502545E+01
 -0.1097700E+06  0.1500485E+01
 -0.1097200E+06  0.1498427E+01
 -0.1096700E+06  0.1496372E+01
 -0.1096200E+06  0.1494320E+01
 -0.1095700E+06  0.1492271E+01
 -0.1095200E+06  0.1490224E+01
 -0.1094700E+06  0.1488180E+01
 -0.1094200E+06  0.1486139E+01
 -0.1093700E+06  0.1484100E+01
 -0.1093200E+06  0.1482064E+01
 -0.1092700E+06  0.1480031E+01
 -0.1092200E+06  0.1478000E+01
 -0.1091700E+06  0.1475972E+01
 -0.1091200E+06  0.1473947E+01
 -0.1090700E+06  0.1471925E+01
 -0.1090200E+06  0.1469905E+01
 -0.1089700E+06  0.1467888E+01
 -0.1089200E+06  0.1465873E+01
 -0.1088700E+06  0.1463861E+01
 -0.1088200E+06  0.1461852E+01
 -0.1087700E+06  0.1459845E+01
 -0.1087200E+06  0.1457842E+01
 -0.1086700E+06  0.1455840E+01
 -0.1086200E+06  0.1453842E+01
 -0.1085700E+06  0.1451846E+01
 -0.1085200E+06  0.1449853E+01
 -0.1084700E+06  0.1447863E+01
 -0.1084200E+06  0.1445875E+01
 -0.1083700E+06  0.1443890E+01
 -0.1083200E+06  0.1441908E+01
 -0.1082700E+06  0.1439928E+01
 -0.1082200E+06  0.1437951E+01
 -0.1081700E+06  0.1435976E+01
 -0.1081200E+06  0.1434005E+01
 -0.1080700E+06  0.1432036E+01
 -0.1080200E+06  0.1430069E+01
 -0.1079700E+06  0.1428106E+01
 -0.1079200E+06  0.1426145E+01
 -0.1078700E+06  0.1424186E+01
 -0.1078200E+06  0.1422231E+01
 -0.1077700E+06  0.1420278E+01
 -0.1077200E+06  0.1418327E+01
 -0.1076700E+06  0.1416380E+01
 -0.1076200E+06  0.1414435E+01
 -0.1075700E+06  0.1412492E+01
 -0.1075200E+06  0.1410553E+01
 -0.1074700E+06  0.1408616E+01
 -0.1074200E+06  0.1406681E+01
 -0.1073700E+06  0.1404750E+01
 -0.1073200E+06  0.1402820E+01
 -0.1072700E+06  0.1400894E+01
 -0.1072200E+06  0.1398970E+01
 -0.1071700E+06  0.1397049E+01
 -0.1071200E+06  0.1395131E+01
 -0.1070700E+06  0.1393215E+01
 -0.1070200E+06  0.1391302E+01
 -0.1069700E+06  0.1389391E+01
 -0.1069200E+06  0.1387483E+01
 -0.1068700E+06  0.1385578E+01
