 -0.1097900E+06  0.1501308E+01
 -0.1097400E+06  0.1499250E+01
 -0.1096900E+06  0.1497193E+01
 -0.1096400E+06  0.1495140E+01
 -0.1095900E+06  0.1493089E+01
 -0.1095400E+06  0.1491041E+01
 -0.1094900E+06  0.1488996E+01
 -0.1094400E+06  0.1486954E+01
 -0.1093900E+06  0.1484914E+01
 -0.1093400E+06  0.1482876E+01
 -0.1092900E+06  0.1480842E+01
 -0.1092400E+06  0.1478810E+01
 -0.1091900E+06  0.1476781E+01
 -0.1091400E+06  0.1474755E+01
 -0.1090900E+06  0.1472731E+01
 -0.1090400E+06  0.1470710E+01
 -0.1089900E+06  0.1468692E+01
 -0.1089400E+06  0.1466676E+01
 -0.1088900E+06  0.1464663E+01
 -0.1088400E+06  0.1462653E+01
 -0.1087900E+06  0.1460645E+01
 -0.1087400E+06  0.1458641E+01
 -0.1086900E+06  0.1456638E+01
 -0.1086400E+06  0.1454639E+01
 -0.1085900E+06  0.1452642E+01
 -0.1085400E+06  0.1450648E+01
 -0.1084900E+06  0.1448657E+01
 -0.1084400E+06  0.1446668E+01
 -0.1083900E+06  0.1444682E+01
 -0.1083400E+06  0.1442699E+01
 -0.1082900E+06  0.1440718E+01
 -0.1082400E+06  0.1438740E+01
 -0.1081900E+06  0.1436765E+01
 -0.1081400E+06  0.1434793E+01
 -0.1080900E+06  0.1432823E+01
 -0.1080400E+06  0.1430855E+01
 -0.1079900E+06  0.1428891E+01
 -0.1079400E+06  0.1426929E+01
 -0.1078900E+06  0.1424970E+01
 -0.1078400E+06  0.1423013E+01
 -0.1077900E+06  0.1421060E+01
 -0.1077400E+06  0.1419108E+01
 -0.1076900E+06  0.1417160E+01
 -0.1076400E+06  0.1415214E+01
 -0.1075900E+06  0.1413271E+01
 -0.1075400E+06  0.1411330E+01
 -0.1074900E+06  0.1409392E+01
 -0.1074400E+06  0.1407457E+01
 -0.1073900E+06  0.1405524E+01
 -0.1073400E+06  0.1403594E+01
 -0.1072900E+06  0.1401667E+01
 -0.1072400E+06  0.1399742E+01
 -0.1071900E+06  0.1397820E+01
 -0.1071400E+06  0.1395901E+01
 -0.1070900E+06  0.1393984E+01
 -0.1070400E+06  0.1392070E+01
 -0.1069900E+06  0.1390158E+01
 -0.1069400E+06  0.1388249E+01
 -0.1068900E+06  0.1386343E+01
 -0.1068400E+06  0.1384439E+01
 -0.1067900E+06  0.1382538E+01
 -0.1067400E+06  0.1380640E+01
 -0.1066900E+06  0.1378744E+01
 -0.1066400E+06  0.1376850E+01
 -0.1065900E+06  0.1374960E+01
 -0.1065400E+06  0.1373071E+01
 -0.1064900E+06  0.1371186E+01
 -0.1064400E+06  0.1369303E+01
 -0.1063900E+06  0.1367422E+01
 -0.1063400E+06  0.1365544E+01
 -0.1062900E+06  0.1363669E+01
 -0.1062400E+06  0.1361796E+01
 -0.1061900E+06  0.1359926E+01
 -0.1061400E+06  0.1358059E+01
 -0.1060900E+06  0.1356194E+01
 -0.1060400E+06  0.1354331E+01
 -0.1059900E+06  0.1352471E+01
 -0.1059400E+06  0.1350614E+01
 -0.1058900E+06  0.1348759E+01
 -0.1058400E+06  0.1346906E+01
 -0.1057900E+06  0.1345057E+01
 -0.1057400E+06  0.1343209E+01
 -0.1056900E+06  0.1341365E+01
 -0.1056400E+06  0.1339522E+01
 -0.1055900E+06  0.1337683E+01
 -0.1055400E+06  0.1335845E+01
 -0.1054900E+06  0.1334011E+01
 -0.1054400E+06  0.1332179E+01
 -0.1053900E+06  0.1330349E+01
 -0.1053400E+06  0.1328522E+01
 -0.1052900E+06  0.1326697E+01
 -0.1052400E+06  0.1324875E+01
 -0.1051900E+06  0.1323055E+01
 -0.1051400E+06  0.1321238E+01
 -0.1050900E+06  0.1319423E+01
 -0.1050400E+06  0.1317611E+01
 -0.1049900E+06  0.1315801E+01
 -0.1049400E+06  0.1313994E+01
 -0.1048900E+06  0.1312190E+01
 -0.1048400E+06  0.1310387E+01
 -0.1047900E+06  0.1308588E+01
 -0.1047400E+06  0.1306790E+01
 -0.1046900E+06  0.1304995E+01
 -0.1046400E+06  0.1303203E+01
 -0.1045900E+06  0.1301413E+01
 -0.1045400E+06  0.1299626E+01
 -0.1044900E+06  0.1297841E+01
 -0.1044400E+06  0.1296058E+01
 -0.1043900E+06  0.1294278E+01
 -0.1043400E+06  0.1292501E+01
 -0.1042900E+06  0.1290726E+01
 -0.1042400E+06  0.1288953E+01
 -0.1041900E+06  0.1287183E+01
 -0.1041400E+06  0.1285415E+01
 -0.1040900E+06  0.1283650E+01
 -0.1040400E+06  0.1281887E+01
 -0.1039900E+06  0.1280127E+01
 -0.1039400E+06  0.1278369E+01
 -0.1038900E+06  0.1276613E+01
 -0.1038400E+06  0.1274860E+01
 -0.1037900E+06  0.1273109E+01
 -0.1037400E+06  0.1271361E+01
 -0.1036900E+06  0.1269615E+01
 -0.1036400E+06  0.1267872E+01
 -0.1035900E+06  0.1266131E+01
 -0.1035400E+06  0.1264393E+01
 -0.1034900E+06  0.1262657E+01
 -0.1034400E+06  0.1260923E+01
 -0.1033900E+06  0.1259192E+01
 -0.1033400E+06  0.1257463E+01
 -0.1032900E+06  0.1255737E+01
 -0.1032400E+06  0.1254013E+01
 -0.1031900E+06  0.1252292E+01
 -0.1031400E+06  0.1250573E+01
 -0.1030900E+06  0.1248856E+01
 -0.1030400E+06  0.1247142E+01
 -0.1029900E+06  0.1245430E+01
 -0.1029400E+06  0.1243721E+01
 -0.1028900E+06  0.1242014E+01
 -0.1028400E+06  0.1240309E+01
 -0.1027900E+06  0.1238607E+01
 -0.1027400E+06  0.1236907E+01
 -0.1026900E+06  0.1235210E+01
 -0.1026400E+06  0.1233515E+01
 -0.1025900E+06  0.1231822E+01
 -0.1025400E+06  0.1230132E+01
 -0.1024900E+06  0.1228444E+01
