 -0.1156500E+06  0.1762614E+01
 -0.1156000E+06  0.1760218E+01
 -0.1155500E+06  0.1757822E+01
 -0.1155000E+06  0.1755428E+01
 -0.1154500E+06  0.1753035E+01
 -0.1154000E+06  0.1750643E+01
 -0.1153500E+06  0.1748254E+01
 -0.1153000E+06  0.1745866E+01
 -0.1152500E+06  0.1743480E+01
 -0.1152000E+06  0.1741096E+01
 -0.1151500E+06  0.1738715E+01
 -0.1151000E+06  0.1736336E+01
 -0.1150500E+06  0.1733960E+01
 -0.1150000E+06  0.1731587E+01
 -0.1149500E+06  0.1729216E+01
 -0.1149000E+06  0.1726849E+01
 -0.1148500E+06  0.1724484E+01
 -0.1148000E+06  0.1722122E+01
 -0.1147500E+06  0.1719763E+01
 -0.1147000E+06  0.1717408E+01
 -0.1146500E+06  0.1715056E+01
 -0.1146000E+06  0.1712707E+01
 -0.1145500E+06  0.1710361E+01
 -0.1145000E+06  0.1708019E+01
 -0.1144500E+06  0.1705680E+01
 -0.1144000E+06  0.1703344E+01
 -0.1143500E+06  0.1701012E+01
 -0.1143000E+06  0.1698683E+01
 -0.1142500E+06  0.1696357E+01
 -0.1142000E+06  0.1694035E+01
 -0.1141500E+06  0.1691716E+01
 -0.1141000E+06  0.1689401E+01
 -0.1140500E+06  0.1687089E+01
 -0.1140000E+06  0.1684780E+01
 -0.1139500E+06  0.1682475E+01
 -0.1139000E+06  0.1680173E+01
 -0.1138500E+06  0.1677874E+01
 -0.1138000E+06  0.1675579E+01
 -0.1137500E+06  0.1673287E+01
 -0.1137000E+06  0.1670998E+01
 -0.1136500E+06  0.1668713E+01
 -0.1136000E+06  0.1666430E+01
 -0.1135500E+06  0.1664152E+01
 -0.1135000E+06  0.1661876E+01
 -0.1134500E+06  0.1659604E+01
 -0.1134000E+06  0.1657334E+01
 -0.1133500E+06  0.1655068E+01
 -0.1133000E+06  0.1652805E+01
 -0.1132500E+06  0.1650545E+01
 -0.1132000E+06  0.1648289E+01
 -0.1131500E+06  0.1646035E+01
 -0.1131000E+06  0.1643785E+01
 -0.1130500E+06  0.1641537E+01
 -0.1130000E+06  0.1639293E+01
 -0.1129500E+06  0.1637051E+01
 -0.1129000E+06  0.1634813E+01
 -0.1128500E+06  0.1632578E+01
 -0.1128000E+06  0.1630345E+01
 -0.1127500E+06  0.1628116E+01
 -0.1141500E+06  0.1691716E+01
 -0.1141000E+06  0.1689401E+01
 -0.1140500E+06  0.1687089E+01
 -0.1140000E+06  0.1684780E+01
 -0.1139500E+06  0.1682475E+01
 -0.1139000E+06  0.1680173E+01
 -0.1138500E+06  0.1677874E+01
 -0.1138000E+06  0.1675579E+01
 -0.1137500E+06  0.1673287E+01
 -0.1137000E+06  0.1670998E+01
 -0.1136500E+06  0.1668713E+01
 -0.1136000E+06  0.1666430E+01
 -0.1135500E+06  0.1664152E+01
 -0.1135000E+06  0.1661876E+01
 -0.1134500E+06  0.1659604E+01
 -0.1134000E+06  0.1657334E+01
 -0.1133500E+06  0.1655068E+01
 -0.1133000E+06  0.1652805E+01
 -0.1132500E+06  0.1650545E+01
 -0.1132000E+06  0.1648289E+01
 -0.1131500E+06  0.1646035E+01
 -0.1131000E+06  0.1643785E+01
 -0.1130500E+06  0.1641537E+01
 -0.1130000E+06  0.1639293E+01
 -0.1129500E+06  0.1637051E+01
 -0.1129000E+06  0.1634813E+01
 -0.1128500E+06  0.1632578E+01
 -0.1128000E+06  0.1630345E+01
 -0.1127500E+06  0.1628116E+01
 -0.1127000E+06  0.1625890E+01
 -0.1126500E+06  0.1623666E+01
 -0.1126000E+06  0.1621445E+01
 -0.1125500E+06  0.1619228E+01
 -0.1125000E+06  0.1617013E+01
 -0.1124500E+06  0.1614802E+01
 -0.1124000E+06  0.1612593E+01
 -0.1123500E+06  0.1610387E+01
 -0.1123000E+06  0.1608184E+01
 -0.1122500E+06  0.1605984E+01
 -0.1122000E+06  0.1603787E+01
 -0.1121500E+06  0.1601593E+01
 -0.1121000E+06  0.1599401E+01
 -0.1120500E+06  0.1597213E+01
 -0.1120000E+06  0.1595027E+01
 -0.1119500E+06  0.1592845E+01
 -0.1119000E+06  0.1590665E+01
 -0.1118500E+06  0.1588488E+01
 -0.1118000E+06  0.1586314E+01
 -0.1117500E+06  0.1584143E+01
 -0.1117000E+06  0.1581975E+01
 -0.1116500E+06  0.1579810E+01
 -0.1116000E+06  0.1577647E+01
 -0.1115500E+06  0.1575488E+01
 -0.1115000E+06  0.1573331E+01
 -0.1114500E+06  0.1571178E+01
 -0.1114000E+06  0.1569027E+01
 -0.1113500E+06  0.1566879E+01
 -0.1113000E+06  0.1564734E+01
 -0.1112500E+06  0.1562592E+01
 -0.1112000E+06  0.1560453E+01
 -0.1111500E+06  0.1558317E+01
 -0.1111000E+06  0.1556184E+01
 -0.1110500E+06  0.1554053E+01
 -0.1110000E+06  0.1551926E+01
 -0.1109500E+06  0.1549801E+01
 -0.1109000E+06  0.1547680E+01
 -0.1108500E+06  0.1545561E+01
 -0.1108000E+06  0.1543445E+01
 -0.1107500E+06  0.1541333E+01
 -0.1107000E+06  0.1539223E+01
 -0.1106500E+06  0.1537115E+01
 -0.1106000E+06  0.1535011E+01
 -0.1105500E+06  0.1532910E+01
 -0.1105000E+06  0.1530811E+01
 -0.1104500E+06  0.1528716E+01
 -0.1104000E+06  0.1526623E+01
 -0.1103500E+06  0.1524533E+01
 -0.1103000E+06  0.1522446E+01
 -0.1102500E+06  0.1520361E+01
 -0.1102000E+06  0.1518280E+01
 -0.1101500E+06  0.1516201E+01
 -0.1101000E+06  0.1514125E+01
 -0.1100500E+06  0.1512052E+01
 -0.1100000E+06  0.1509981E+01
 -0.1099500E+06  0.1507913E+01
 -0.1099000E+06  0.1505848E+01
 -0.1098500E+06  0.1503786E+01
 -0.1098000E+06  0.1501726E+01
 -0.1127000E+06  0.1625900E+01
 -0.1126500E+06  0.1623676E+01
 -0.1126000E+06  0.1621455E+01
 -0.1125500E+06  0.1619237E+01
 -0.1125000E+06  0.1617022E+01
 -0.1124500E+06  0.1614810E+01
 -0.1124000E+06  0.1612602E+01
 -0.1123500E+06  0.1610396E+01
 -0.1123000E+06  0.1608194E+01
 -0.1122500E+06  0.1605994E+01
 -0.1122000E+06  0.1603797E+01
 -0.1121500E+06  0.1601604E+01
 -0.1121000E+06  0.1599414E+01
 -0.1120500E+06  0.1597227E+01
 -0.1120000E+06  0.1595042E+01
 -0.1119500E+06  0.1592861E+01
 -0.1119000E+06  0.1590682E+01
 -0.1118500E+06  0.1588508E+01
 -0.1118000E+06  0.1586334E+01
 -0.1117500E+06  0.1584165E+01
 -0.1117000E+06  0.1581999E+01
 -0.1116500E+06  0.1579835E+01
 -0.1116000E+06  0.1577674E+01
 -0.1115500E+06  0.1575516E+01
 -0.1115000E+06  0.1573360E+01
 -0.1114500E+06  0.1571208E+01
 -0.1114000E+06  0.1569059E+01
 -0.1113500E+06  0.1566912E+01
 -0.1113000E+06  0.1564768E+01
 -0.1112500E+06  0.1562627E+01
 -0.1112000E+06  0.1560489E+01
 -0.1111500E+06  0.1558354E+01
 -0.1111000E+06  0.1556221E+01
 -0.1110500E+06  0.1554091E+01
 -0.1110000E+06  0.1551964E+01
 -0.1109500E+06  0.1549840E+01
 -0.1109000E+06  0.1547718E+01
 -0.1108500E+06  0.1545599E+01
 -0.1108000E+06  0.1543483E+01
 -0.1107500E+06  0.1541369E+01
 -0.1107000E+06  0.1539259E+01
 -0.1106500E+06  0.1537151E+01
 -0.1106000E+06  0.1535046E+01
 -0.1105500E+06  0.1532943E+01
 -0.1105000E+06  0.1530843E+01
 -0.1104500E+06  0.1528747E+01
 -0.1104000E+06  0.1526652E+01
 -0.1103500E+06  0.1524560E+01
 -0.1103000E+06  0.1522472E+01
 -0.1102500E+06  0.1520385E+01
 -0.1102000E+06  0.1518302E+01
 -0.1101500E+06  0.1516221E+01
 -0.1101000E+06  0.1514143E+01
 -0.1100500E+06  0.1512067E+01
 -0.1100000E+06  0.1509995E+01
 -0.1099500E+06  0.1507924E+01
 -0.1099000E+06  0.1505857E+01
 -0.1098500E+06  0.1503792E+01
 -0.1098000E+06  0.1501730E+01
 -0.1097500E+06  0.1499671E+01
 -0.1097000E+06  0.1497614E+01
 -0.1096500E+06  0.1495561E+01
 -0.1096000E+06  0.1493509E+01
 -0.1095500E+06  0.1491461E+01
 -0.1095000E+06  0.1489415E+01
 -0.1094500E+06  0.1487372E+01
 -0.1094000E+06  0.1485332E+01
 -0.1093500E+06  0.1483294E+01
 -0.1093000E+06  0.1481259E+01
 -0.1092500E+06  0.1479227E+01
 -0.1092000E+06  0.1477197E+01
 -0.1091500E+06  0.1475170E+01
 -0.1091000E+06  0.1473146E+01
 -0.1090500E+06  0.1471124E+01
 -0.1090000E+06  0.1469105E+01
 -0.1089500E+06  0.1467089E+01
 -0.1089000E+06  0.1465076E+01
 -0.1088500E+06  0.1463065E+01
 -0.1088000E+06  0.1461057E+01
 -0.1087500E+06  0.1459052E+01
 -0.1087000E+06  0.1457050E+01
 -0.1086500E+06  0.1455049E+01
 -0.1086000E+06  0.1453053E+01
 -0.1085500E+06  0.1451058E+01
 -0.1085000E+06  0.1449066E+01
 -0.1084500E+06  0.1447077E+01
 -0.1084000E+06  0.1445091E+01
 -0.1083500E+06  0.1443107E+01
 -0.1083000E+06  0.1441126E+01
 -0.1082500E+06  0.1439147E+01
 -0.1082000E+06  0.1437172E+01
 -0.1081500E+06  0.1435199E+01
 -0.1081000E+06  0.1433229E+01
 -0.1080500E+06  0.1431261E+01
 -0.1080000E+06  0.1429296E+01
 -0.1079500E+06  0.1427333E+01
 -0.1079000E+06  0.1425374E+01
 -0.1078500E+06  0.1423417E+01
 -0.1078000E+06  0.1421463E+01
 -0.1077500E+06  0.1419511E+01
 -0.1077000E+06  0.1417562E+01
 -0.1076500E+06  0.1415615E+01
 -0.1076000E+06  0.1413672E+01
 -0.1075500E+06  0.1411730E+01
 -0.1075000E+06  0.1409792E+01
 -0.1074500E+06  0.1407857E+01
 -0.1074000E+06  0.1405923E+01
 -0.1073500E+06  0.1403993E+01
 -0.1073000E+06  0.1402065E+01
 -0.1072500E+06  0.1400139E+01
 -0.1072000E+06  0.1398217E+01
 -0.1071500E+06  0.1396297E+01
 -0.1071000E+06  0.1394379E+01
 -0.1070500E+06  0.1392464E+01
 -0.1070000E+06  0.1390552E+01
 -0.1069500E+06  0.1388642E+01
 -0.1069000E+06  0.1386735E+01
 -0.1097500E+06  0.1499670E+01
 -0.1097000E+06  0.1497614E+01
 -0.1096500E+06  0.1495559E+01
 -0.1096000E+06  0.1493508E+01
 -0.1095500E+06  0.1491459E+01
 -0.1095000E+06  0.1489412E+01
 -0.1094500E+06  0.1487368E+01
 -0.1094000E+06  0.1485327E+01
 -0.1093500E+06  0.1483289E+01
 -0.1093000E+06  0.1481253E+01
 -0.1092500E+06  0.1479219E+01
 -0.1092000E+06  0.1477189E+01
 -0.1091500E+06  0.1475161E+01
 -0.1091000E+06  0.1473136E+01
 -0.1090500E+06  0.1471113E+01
 -0.1090000E+06  0.1469093E+01
 -0.1089500E+06  0.1467076E+01
 -0.1089000E+06  0.1465061E+01
 -0.1088500E+06  0.1463049E+01
 -0.1088000E+06  0.1461040E+01
 -0.1087500E+06  0.1459033E+01
 -0.1087000E+06  0.1457030E+01
 -0.1086500E+06  0.1455028E+01
 -0.1086000E+06  0.1453030E+01
 -0.1085500E+06  0.1451035E+01
 -0.1085000E+06  0.1449042E+01
 -0.1084500E+06  0.1447051E+01
 -0.1084000E+06  0.1445064E+01
 -0.1083500E+06  0.1443079E+01
 -0.1083000E+06  0.1441097E+01
 -0.1082500E+06  0.1439118E+01
 -0.1082000E+06  0.1437142E+01
 -0.1081500E+06  0.1435168E+01
 -0.1081000E+06  0.1433197E+01
 -0.1080500E+06  0.1431229E+01
 -0.1080000E+06  0.1429263E+01
 -0.1079500E+06  0.1427300E+01
 -0.1079000E+06  0.1425340E+01
 -0.1078500E+06  0.1423383E+01
 -0.1078000E+06  0.1421429E+01
 -0.1077500E+06  0.1419477E+01
 -0.1077000E+06  0.1417527E+01
 -0.1076500E+06  0.1415581E+01
 -0.1076000E+06  0.1413638E+01
 -0.1075500E+06  0.1411697E+01
 -0.1075000E+06  0.1409758E+01
 -0.1074500E+06  0.1407823E+01
 -0.1074000E+06  0.1405890E+01
 -0.1073500E+06  0.1403960E+01
 -0.1073000E+06  0.1402033E+01
 -0.1072500E+06  0.1400108E+01
 -0.1072000E+06  0.1398186E+01
 -0.1071500E+06  0.1396267E+01
 -0.1071000E+06  0.1394350E+01
 -0.1070500E+06  0.1392436E+01
 -0.1070000E+06  0.1390525E+01
 -0.1069500E+06  0.1388616E+01
 -0.1069000E+06  0.1386710E+01
 -0.1068500E+06  0.1384807E+01
 -0.1068000E+06  0.1382906E+01
 -0.1067500E+06  0.1381008E+01
 -0.1067000E+06  0.1379112E+01
 -0.1066500E+06  0.1377219E+01
 -0.1066000E+06  0.1375329E+01
 -0.1065500E+06  0.1373441E+01
 -0.1065000E+06  0.1371556E+01
 -0.1064500E+06  0.1369674E+01
 -0.1064000E+06  0.1367794E+01
 -0.1063500E+06  0.1365916E+01
 -0.1063000E+06  0.1364041E+01
 -0.1062500E+06  0.1362169E+01
 -0.1062000E+06  0.1360299E+01
 -0.1061500E+06  0.1358432E+01
 -0.1061000E+06  0.1356567E+01
 -0.1060500E+06  0.1354705E+01
 -0.1060000E+06  0.1352846E+01
 -0.1059500E+06  0.1350989E+01
 -0.1059000E+06  0.1349134E+01
 -0.1058500E+06  0.1347282E+01
 -0.1058000E+06  0.1345432E+01
 -0.1057500E+06  0.1343585E+01
 -0.1057000E+06  0.1341740E+01
 -0.1056500E+06  0.1339898E+01
 -0.1056000E+06  0.1338059E+01
 -0.1055500E+06  0.1336221E+01
 -0.1055000E+06  0.1334387E+01
 -0.1054500E+06  0.1332554E+01
 -0.1054000E+06  0.1330724E+01
 -0.1053500E+06  0.1328897E+01
 -0.1053000E+06  0.1327072E+01
 -0.1052500E+06  0.1325250E+01
 -0.1052000E+06  0.1323430E+01
 -0.1051500E+06  0.1321612E+01
 -0.1051000E+06  0.1319797E+01
 -0.1050500E+06  0.1317984E+01
 -0.1050000E+06  0.1316174E+01
 -0.1049500E+06  0.1314366E+01
 -0.1049000E+06  0.1312561E+01
 -0.1048500E+06  0.1310758E+01
 -0.1048000E+06  0.1308957E+01
 -0.1047500E+06  0.1307159E+01
 -0.1047000E+06  0.1305363E+01
 -0.1046500E+06  0.1303570E+01
 -0.1046000E+06  0.1301779E+01
 -0.1045500E+06  0.1299991E+01
 -0.1045000E+06  0.1298205E+01
 -0.1044500E+06  0.1296422E+01
 -0.1044000E+06  0.1294640E+01
 -0.1043500E+06  0.1292862E+01
 -0.1043000E+06  0.1291085E+01
 -0.1042500E+06  0.1289312E+01
 -0.1042000E+06  0.1287540E+01
 -0.1041500E+06  0.1285771E+01
 -0.1041000E+06  0.1284005E+01
 -0.1040500E+06  0.1282241E+01
 -0.1040000E+06  0.1280479E+01
 -0.1039500E+06  0.1278720E+01
 -0.1039000E+06  0.1276963E+01
 -0.1038500E+06  0.1275209E+01
 -0.1038000E+06  0.1273457E+01
 -0.1037500E+06  0.1271708E+01
 -0.1037000E+06  0.1269961E+01
 -0.1036500E+06  0.1268217E+01
 -0.1036000E+06  0.1266475E+01
 -0.1035500E+06  0.1264735E+01
 -0.1035000E+06  0.1262998E+01
 -0.1034500E+06  0.1261263E+01
 -0.1034000E+06  0.1259531E+01
 -0.1033500E+06  0.1257801E+01
 -0.1033000E+06  0.1256074E+01
 -0.1032500E+06  0.1254349E+01
 -0.1032000E+06  0.1252627E+01
 -0.1031500E+06  0.1250907E+01
 -0.1031000E+06  0.1249190E+01
 -0.1030500E+06  0.1247475E+01
 -0.1030000E+06  0.1245762E+01
 -0.1029500E+06  0.1244053E+01
 -0.1029000E+06  0.1242345E+01
 -0.1028500E+06  0.1240640E+01
 -0.1028000E+06  0.1238938E+01
 -0.1027500E+06  0.1237238E+01
 -0.1027000E+06  0.1235540E+01
 -0.1026500E+06  0.1233845E+01
 -0.1026000E+06  0.1232152E+01
 -0.1025500E+06  0.1230462E+01
 -0.1025000E+06  0.1228774E+01
 -0.1068500E+06  0.1384818E+01
 -0.1068000E+06  0.1382917E+01
 -0.1067500E+06  0.1381019E+01
 -0.1067000E+06  0.1379123E+01
 -0.1066500E+06  0.1377229E+01
 -0.1066000E+06  0.1375339E+01
 -0.1065500E+06  0.1373450E+01
 -0.1065000E+06  0.1371565E+01
 -0.1064500E+06  0.1369681E+01
 -0.1064000E+06  0.1367801E+01
 -0.1063500E+06  0.1365923E+01
 -0.1063000E+06  0.1364047E+01
 -0.1062500E+06  0.1362174E+01
 -0.1062000E+06  0.1360303E+01
 -0.1061500E+06  0.1358435E+01
 -0.1061000E+06  0.1356570E+01
 -0.1060500E+06  0.1354707E+01
 -0.1060000E+06  0.1352846E+01
 -0.1059500E+06  0.1350988E+01
 -0.1059000E+06  0.1349133E+01
 -0.1058500E+06  0.1347280E+01
 -0.1058000E+06  0.1345429E+01
 -0.1057500E+06  0.1343581E+01
 -0.1057000E+06  0.1341736E+01
 -0.1056500E+06  0.1339893E+01
 -0.1056000E+06  0.1338052E+01
 -0.1055500E+06  0.1336214E+01
 -0.1055000E+06  0.1334379E+01
 -0.1054500E+06  0.1332546E+01
 -0.1054000E+06  0.1330715E+01
 -0.1053500E+06  0.1328888E+01
 -0.1053000E+06  0.1327062E+01
 -0.1052500E+06  0.1325239E+01
 -0.1052000E+06  0.1323419E+01
 -0.1051500E+06  0.1321601E+01
 -0.1051000E+06  0.1319785E+01
 -0.1050500E+06  0.1317972E+01
 -0.1050000E+06  0.1316162E+01
 -0.1049500E+06  0.1314354E+01
 -0.1049000E+06  0.1312548E+01
 -0.1048500E+06  0.1310745E+01
 -0.1048000E+06  0.1308945E+01
 -0.1047500E+06  0.1307147E+01
 -0.1047000E+06  0.1305351E+01
 -0.1046500E+06  0.1303558E+01
 -0.1046000E+06  0.1301768E+01
 -0.1045500E+06  0.1299980E+01
 -0.1045000E+06  0.1298194E+01
 -0.1044500E+06  0.1296411E+01
 -0.1044000E+06  0.1294630E+01
 -0.1043500E+06  0.1292852E+01
 -0.1043000E+06  0.1291076E+01
 -0.1042500E+06  0.1289303E+01
 -0.1042000E+06  0.1287532E+01
 -0.1041500E+06  0.1285764E+01
 -0.1041000E+06  0.1283998E+01
 -0.1040500E+06  0.1282235E+01
 -0.1040000E+06  0.1280474E+01
 -0.1039500E+06  0.1278716E+01
 -0.1039000E+06  0.1276960E+01
 -0.1038500E+06  0.1275206E+01
 -0.1038000E+06  0.1273455E+01
 -0.1037500E+06  0.1271707E+01
 -0.1037000E+06  0.1269961E+01
 -0.1036500E+06  0.1268217E+01
 -0.1036000E+06  0.1266476E+01
 -0.1035500E+06  0.1264737E+01
 -0.1035000E+06  0.1263001E+01
 -0.1034500E+06  0.1261267E+01
 -0.1034000E+06  0.1259536E+01
 -0.1033500E+06  0.1257807E+01
 -0.1033000E+06  0.1256080E+01
 -0.1032500E+06  0.1254356E+01
 -0.1032000E+06  0.1252634E+01
 -0.1031500E+06  0.1250915E+01
 -0.1031000E+06  0.1249198E+01
 -0.1030500E+06  0.1247484E+01
 -0.1030000E+06  0.1245772E+01
 -0.1029500E+06  0.1244062E+01
 -0.1029000E+06  0.1242355E+01
 -0.1028500E+06  0.1240650E+01
 -0.1028000E+06  0.1238948E+01
 -0.1027500E+06  0.1237248E+01
 -0.1027000E+06  0.1235550E+01
 -0.1026500E+06  0.1233855E+01
 -0.1026000E+06  0.1232162E+01
 -0.1025500E+06  0.1230471E+01
 -0.1025000E+06  0.1228783E+01
 -0.1024500E+06  0.1227098E+01
 -0.1024000E+06  0.1225414E+01
 -0.1023500E+06  0.1223733E+01
 -0.1023000E+06  0.1222055E+01
 -0.1022500E+06  0.1220379E+01
 -0.1022000E+06  0.1218705E+01
 -0.1021500E+06  0.1217033E+01
 -0.1021000E+06  0.1215364E+01
 -0.1020500E+06  0.1213697E+01
 -0.1020000E+06  0.1212033E+01
 -0.1019500E+06  0.1210370E+01
 -0.1019000E+06  0.1208711E+01
 -0.1018500E+06  0.1207053E+01
 -0.1018000E+06  0.1205398E+01
 -0.1017500E+06  0.1203745E+01
 -0.1017000E+06  0.1202094E+01
 -0.1016500E+06  0.1200446E+01
 -0.1016000E+06  0.1198800E+01
 -0.1015500E+06  0.1197157E+01
 -0.1015000E+06  0.1195515E+01
 -0.1014500E+06  0.1193876E+01
 -0.1014000E+06  0.1192239E+01
 -0.1013500E+06  0.1190605E+01
 -0.1013000E+06  0.1188973E+01
 -0.1012500E+06  0.1187343E+01
 -0.1012000E+06  0.1185715E+01
 -0.1011500E+06  0.1184089E+01
 -0.1011000E+06  0.1182466E+01
 -0.1010500E+06  0.1180845E+01
 -0.1010000E+06  0.1179227E+01
 -0.1009500E+06  0.1177610E+01
 -0.1009000E+06  0.1175996E+01
 -0.1008500E+06  0.1174384E+01
 -0.1008000E+06  0.1172774E+01
 -0.1007500E+06  0.1171167E+01
 -0.1007000E+06  0.1169561E+01
 -0.1006500E+06  0.1167958E+01
 -0.1006000E+06  0.1166357E+01
 -0.1005500E+06  0.1164759E+01
 -0.1005000E+06  0.1163162E+01
 -0.1004500E+06  0.1161568E+01
 -0.1004000E+06  0.1159976E+01
 -0.1003500E+06  0.1158386E+01
 -0.1003000E+06  0.1156798E+01
 -0.1002500E+06  0.1155213E+01
 -0.1002000E+06  0.1153629E+01
 -0.1001500E+06  0.1152048E+01
 -0.1001000E+06  0.1150469E+01
 -0.1000500E+06  0.1148892E+01
 -0.1000000E+06  0.1147318E+01
 -0.9995000E+05  0.1145745E+01
 -0.9990000E+05  0.1144175E+01
 -0.9985000E+05  0.1142607E+01
 -0.9980000E+05  0.1141040E+01
 -0.9975000E+05  0.1139477E+01
 -0.9970000E+05  0.1137915E+01
 -0.9965000E+05  0.1136355E+01
 -0.9960000E+05  0.1134797E+01
 -0.9955000E+05  0.1133242E+01
 -0.9950000E+05  0.1131689E+01
 -0.9945000E+05  0.1130138E+01
 -0.9940000E+05  0.1128589E+01
 -0.9935000E+05  0.1127042E+01
 -0.9930000E+05  0.1125497E+01
 -0.9925000E+05  0.1123954E+01
 -0.9920000E+05  0.1122413E+01
 -0.9915000E+05  0.1120875E+01
 -0.9910000E+05  0.1119338E+01
 -0.9905000E+05  0.1117804E+01
 -0.9900000E+05  0.1116272E+01
 -0.9895000E+05  0.1114742E+01
 -0.9890000E+05  0.1113214E+01
 -0.9885000E+05  0.1111688E+01
 -0.9880000E+05  0.1110164E+01
 -0.9875000E+05  0.1108642E+01
 -0.9870000E+05  0.1107122E+01
 -0.9865000E+05  0.1105605E+01
 -0.9860000E+05  0.1104089E+01
 -0.9855000E+05  0.1102576E+01
 -0.9850000E+05  0.1101064E+01
 -0.9845000E+05  0.1099555E+01
 -0.9840000E+05  0.1098048E+01
 -0.9835000E+05  0.1096542E+01
 -0.9830000E+05  0.1095039E+01
 -0.9825000E+05  0.1093538E+01
 -0.9820000E+05  0.1092039E+01
 -0.9815000E+05  0.1090542E+01
 -0.9810000E+05  0.1089047E+01
 -0.1024500E+06  0.1227095E+01
 -0.1024000E+06  0.1225412E+01
 -0.1023500E+06  0.1223731E+01
 -0.1023000E+06  0.1222053E+01
 -0.1022500E+06  0.1220377E+01
 -0.1022000E+06  0.1218703E+01
 -0.1021500E+06  0.1217032E+01
 -0.1021000E+06  0.1215363E+01
 -0.1020500E+06  0.1213697E+01
 -0.1020000E+06  0.1212032E+01
 -0.1019500E+06  0.1210371E+01
 -0.1019000E+06  0.1208711E+01
 -0.1018500E+06  0.1207054E+01
 -0.1018000E+06  0.1205399E+01
 -0.1017500E+06  0.1203746E+01
 -0.1017000E+06  0.1202096E+01
 -0.1016500E+06  0.1200448E+01
 -0.1016000E+06  0.1198802E+01
 -0.1015500E+06  0.1197159E+01
 -0.1015000E+06  0.1195518E+01
 -0.1014500E+06  0.1193879E+01
 -0.1014000E+06  0.1192242E+01
 -0.1013500E+06  0.1190608E+01
 -0.1013000E+06  0.1188976E+01
 -0.1012500E+06  0.1187346E+01
 -0.1012000E+06  0.1185719E+01
 -0.1011500E+06  0.1184093E+01
 -0.1011000E+06  0.1182470E+01
 -0.1010500E+06  0.1180849E+01
 -0.1010000E+06  0.1179231E+01
 -0.1009500E+06  0.1177614E+01
 -0.1009000E+06  0.1176000E+01
 -0.1008500E+06  0.1174388E+01
 -0.1008000E+06  0.1172779E+01
 -0.1007500E+06  0.1171171E+01
 -0.1007000E+06  0.1169566E+01
 -0.1006500E+06  0.1167963E+01
 -0.1006000E+06  0.1166362E+01
 -0.1005500E+06  0.1164763E+01
 -0.1005000E+06  0.1163166E+01
 -0.1004500E+06  0.1161572E+01
 -0.1004000E+06  0.1159980E+01
 -0.1003500E+06  0.1158390E+01
 -0.1003000E+06  0.1156802E+01
 -0.1002500E+06  0.1155216E+01
 -0.1002000E+06  0.1153633E+01
 -0.1001500E+06  0.1152051E+01
 -0.1001000E+06  0.1150472E+01
 -0.1000500E+06  0.1148895E+01
 -0.1000000E+06  0.1147320E+01
 -0.9995000E+05  0.1145747E+01
 -0.9990000E+05  0.1144177E+01
 -0.9985000E+05  0.1142608E+01
 -0.9980000E+05  0.1141042E+01
 -0.9975000E+05  0.1139478E+01
 -0.9970000E+05  0.1137916E+01
 -0.9965000E+05  0.1136356E+01
 -0.9960000E+05  0.1134798E+01
 -0.9955000E+05  0.1133242E+01
 -0.9950000E+05  0.1131689E+01
 -0.9945000E+05  0.1130137E+01
 -0.9940000E+05  0.1128588E+01
 -0.9935000E+05  0.1127041E+01
 -0.9930000E+05  0.1125495E+01
 -0.9925000E+05  0.1123952E+01
 -0.9920000E+05  0.1122412E+01
 -0.9915000E+05  0.1120873E+01
 -0.9910000E+05  0.1119336E+01
 -0.9905000E+05  0.1117802E+01
 -0.9900000E+05  0.1116269E+01
 -0.9895000E+05  0.1114739E+01
 -0.9890000E+05  0.1113210E+01
 -0.9885000E+05  0.1111684E+01
 -0.9880000E+05  0.1110160E+01
 -0.9875000E+05  0.1108638E+01
 -0.9870000E+05  0.1107118E+01
 -0.9865000E+05  0.1105601E+01
 -0.9860000E+05  0.1104085E+01
 -0.9855000E+05  0.1102571E+01
 -0.9850000E+05  0.1101060E+01
 -0.9845000E+05  0.1099550E+01
 -0.9840000E+05  0.1098043E+01
 -0.9835000E+05  0.1096538E+01
 -0.9830000E+05  0.1095034E+01
 -0.9825000E+05  0.1093533E+01
 -0.9820000E+05  0.1092034E+01
 -0.9815000E+05  0.1090537E+01
 -0.9810000E+05  0.1089042E+01
 -0.9805000E+05  0.1087549E+01
 -0.9800000E+05  0.1086059E+01
 -0.9795000E+05  0.1084570E+01
 -0.9790000E+05  0.1083083E+01
 -0.9785000E+05  0.1081599E+01
 -0.9780000E+05  0.1080116E+01
 -0.9775000E+05  0.1078636E+01
 -0.9770000E+05  0.1077158E+01
 -0.9765000E+05  0.1075681E+01
 -0.9760000E+05  0.1074207E+01
 -0.9755000E+05  0.1072735E+01
 -0.9750000E+05  0.1071265E+01
 -0.9745000E+05  0.1069797E+01
 -0.9740000E+05  0.1068331E+01
 -0.9735000E+05  0.1066867E+01
 -0.9730000E+05  0.1065405E+01
 -0.9725000E+05  0.1063946E+01
 -0.9720000E+05  0.1062488E+01
 -0.9715000E+05  0.1061032E+01
 -0.9710000E+05  0.1059579E+01
 -0.9705000E+05  0.1058127E+01
 -0.9700000E+05  0.1056678E+01
 -0.9695000E+05  0.1055230E+01
 -0.9690000E+05  0.1053785E+01
 -0.9685000E+05  0.1052341E+01
 -0.9680000E+05  0.1050900E+01
 -0.9675000E+05  0.1049461E+01
 -0.9670000E+05  0.1048024E+01
 -0.9665000E+05  0.1046589E+01
 -0.9660000E+05  0.1045155E+01
 -0.9655000E+05  0.1043724E+01
 -0.9650000E+05  0.1042295E+01
 -0.9645000E+05  0.1040868E+01
 -0.9640000E+05  0.1039443E+01
 -0.9635000E+05  0.1038020E+01
 -0.9630000E+05  0.1036600E+01
 -0.9625000E+05  0.1035181E+01
 -0.9620000E+05  0.1033764E+01
 -0.9615000E+05  0.1032349E+01
 -0.9610000E+05  0.1030936E+01
 -0.9605000E+05  0.1029526E+01
 -0.9600000E+05  0.1028117E+01
 -0.9595000E+05  0.1026710E+01
 -0.9590000E+05  0.1025306E+01
 -0.9585000E+05  0.1023903E+01
 -0.9580000E+05  0.1022502E+01
 -0.9575000E+05  0.1021104E+01
 -0.9570000E+05  0.1019707E+01
 -0.9565000E+05  0.1018312E+01
 -0.9560000E+05  0.1016920E+01
 -0.9555000E+05  0.1015529E+01
 -0.9550000E+05  0.1014141E+01
 -0.9545000E+05  0.1012754E+01
 -0.9540000E+05  0.1011370E+01
 -0.9535000E+05  0.1009987E+01
 -0.9530000E+05  0.1008607E+01
 -0.9525000E+05  0.1007228E+01
 -0.9520000E+05  0.1005851E+01
 -0.9515000E+05  0.1004477E+01
 -0.9510000E+05  0.1003104E+01
 -0.9505000E+05  0.1001734E+01
 -0.9500000E+05  0.1000365E+01
 -0.9495000E+05  0.9989985E+00
 -0.9490000E+05  0.9976338E+00
 -0.9485000E+05  0.9962711E+00
 -0.9480000E+05  0.9949104E+00
 -0.9475000E+05  0.9935517E+00
 -0.9470000E+05  0.9921949E+00
 -0.9465000E+05  0.9908401E+00
 -0.9460000E+05  0.9894873E+00
 -0.9455000E+05  0.9881364E+00
 -0.9450000E+05  0.9867875E+00
 -0.9445000E+05  0.9854405E+00
 -0.9440000E+05  0.9840955E+00
 -0.9435000E+05  0.9827525E+00
 -0.9430000E+05  0.9814114E+00
 -0.9425000E+05  0.9800722E+00
 -0.9420000E+05  0.9787349E+00
 -0.9415000E+05  0.9773996E+00
 -0.9410000E+05  0.9760663E+00
 -0.9405000E+05  0.9747348E+00
 -0.9400000E+05  0.9734053E+00
 -0.9395000E+05  0.9720778E+00
 -0.9390000E+05  0.9707521E+00
 -0.9385000E+05  0.9694283E+00
 -0.9380000E+05  0.9681065E+00
 -0.9375000E+05  0.9667866E+00
 -0.9370000E+05  0.9654686E+00
 -0.9365000E+05  0.9641525E+00
 -0.9360000E+05  0.9628383E+00
 -0.9355000E+05  0.9615260E+00
 -0.9350000E+05  0.9602156E+00
 -0.9345000E+05  0.9589071E+00
 -0.9340000E+05  0.9576004E+00
 -0.9335000E+05  0.9562957E+00
 -0.9330000E+05  0.9549928E+00
 -0.9325000E+05  0.9536919E+00
 -0.9320000E+05  0.9523928E+00
 -0.9315000E+05  0.9510955E+00
 -0.9310000E+05  0.9498002E+00
 -0.9305000E+05  0.9485067E+00
 -0.9300000E+05  0.9472151E+00
 -0.9295000E+05  0.9459253E+00
 -0.9290000E+05  0.9446374E+00
 -0.9285000E+05  0.9433513E+00
 -0.9280000E+05  0.9420671E+00
 -0.9275000E+05  0.9407847E+00
 -0.9270000E+05  0.9395042E+00
 -0.9265000E+05  0.9382255E+00
 -0.9260000E+05  0.9369487E+00
 -0.9255000E+05  0.9356736E+00
 -0.9250000E+05  0.9344005E+00
 -0.9245000E+05  0.9331291E+00
 -0.9240000E+05  0.9318596E+00
 -0.9235000E+05  0.9305918E+00
 -0.9230000E+05  0.9293259E+00
 -0.9225000E+05  0.9280619E+00
 -0.9805000E+05  0.1087549E+01
 -0.9800000E+05  0.1086059E+01
 -0.9795000E+05  0.1084570E+01
 -0.9790000E+05  0.1083083E+01
 -0.9785000E+05  0.1081599E+01
 -0.9780000E+05  0.1080116E+01
 -0.9775000E+05  0.1078636E+01
 -0.9770000E+05  0.1077158E+01
 -0.9765000E+05  0.1075681E+01
 -0.9760000E+05  0.1074207E+01
 -0.9755000E+05  0.1072735E+01
 -0.9750000E+05  0.1071265E+01
 -0.9745000E+05  0.1069797E+01
 -0.9740000E+05  0.1068331E+01
 -0.9735000E+05  0.1066867E+01
 -0.9730000E+05  0.1065405E+01
 -0.9725000E+05  0.1063946E+01
 -0.9720000E+05  0.1062488E+01
 -0.9715000E+05  0.1061032E+01
 -0.9710000E+05  0.1059579E+01
 -0.9705000E+05  0.1058127E+01
 -0.9700000E+05  0.1056678E+01
 -0.9695000E+05  0.1055230E+01
 -0.9690000E+05  0.1053785E+01
 -0.9685000E+05  0.1052341E+01
 -0.9680000E+05  0.1050900E+01
 -0.9675000E+05  0.1049461E+01
 -0.9670000E+05  0.1048024E+01
 -0.9665000E+05  0.1046589E+01
 -0.9660000E+05  0.1045155E+01
 -0.9655000E+05  0.1043724E+01
 -0.9650000E+05  0.1042295E+01
 -0.9645000E+05  0.1040868E+01
 -0.9640000E+05  0.1039443E+01
 -0.9635000E+05  0.1038020E+01
 -0.9630000E+05  0.1036600E+01
 -0.9625000E+05  0.1035181E+01
 -0.9620000E+05  0.1033764E+01
 -0.9615000E+05  0.1032349E+01
 -0.9610000E+05  0.1030936E+01
 -0.9605000E+05  0.1029526E+01
 -0.9600000E+05  0.1028117E+01
 -0.9595000E+05  0.1026710E+01
 -0.9590000E+05  0.1025306E+01
 -0.9585000E+05  0.1023903E+01
 -0.9580000E+05  0.1022502E+01
 -0.9575000E+05  0.1021104E+01
 -0.9570000E+05  0.1019707E+01
 -0.9565000E+05  0.1018312E+01
 -0.9560000E+05  0.1016920E+01
 -0.9555000E+05  0.1015529E+01
 -0.9550000E+05  0.1014141E+01
 -0.9545000E+05  0.1012754E+01
 -0.9540000E+05  0.1011370E+01
 -0.9535000E+05  0.1009987E+01
 -0.9530000E+05  0.1008607E+01
 -0.9525000E+05  0.1007228E+01
 -0.9520000E+05  0.1005851E+01
 -0.9515000E+05  0.1004477E+01
 -0.9510000E+05  0.1003104E+01
 -0.9505000E+05  0.1001734E+01
 -0.9500000E+05  0.1000365E+01
 -0.9495000E+05  0.9989985E+00
 -0.9490000E+05  0.9976338E+00
 -0.9485000E+05  0.9962711E+00
 -0.9480000E+05  0.9949104E+00
 -0.9475000E+05  0.9935517E+00
 -0.9470000E+05  0.9921949E+00
 -0.9465000E+05  0.9908401E+00
 -0.9460000E+05  0.9894873E+00
 -0.9455000E+05  0.9881364E+00
 -0.9450000E+05  0.9867875E+00
 -0.9445000E+05  0.9854405E+00
 -0.9440000E+05  0.9840955E+00
 -0.9435000E+05  0.9827525E+00
 -0.9430000E+05  0.9814114E+00
 -0.9425000E+05  0.9800722E+00
 -0.9420000E+05  0.9787349E+00
 -0.9415000E+05  0.9773996E+00
 -0.9410000E+05  0.9760663E+00
 -0.9405000E+05  0.9747348E+00
 -0.9400000E+05  0.9734053E+00
 -0.9395000E+05  0.9720778E+00
 -0.9390000E+05  0.9707521E+00
 -0.9385000E+05  0.9694283E+00
 -0.9380000E+05  0.9681065E+00
 -0.9375000E+05  0.9667866E+00
 -0.9370000E+05  0.9654686E+00
 -0.9365000E+05  0.9641525E+00
 -0.9360000E+05  0.9628383E+00
 -0.9355000E+05  0.9615260E+00
 -0.9350000E+05  0.9602156E+00
 -0.9345000E+05  0.9589071E+00
 -0.9340000E+05  0.9576004E+00
 -0.9335000E+05  0.9562957E+00
 -0.9330000E+05  0.9549928E+00
 -0.9325000E+05  0.9536919E+00
 -0.9320000E+05  0.9523928E+00
 -0.9315000E+05  0.9510955E+00
 -0.9310000E+05  0.9498002E+00
 -0.9305000E+05  0.9485067E+00
 -0.9300000E+05  0.9472151E+00
 -0.9295000E+05  0.9459253E+00
 -0.9290000E+05  0.9446374E+00
 -0.9285000E+05  0.9433513E+00
 -0.9280000E+05  0.9420671E+00
 -0.9275000E+05  0.9407847E+00
 -0.9270000E+05  0.9395042E+00
 -0.9265000E+05  0.9382255E+00
 -0.9260000E+05  0.9369487E+00
 -0.9255000E+05  0.9356736E+00
 -0.9250000E+05  0.9344005E+00
 -0.9245000E+05  0.9331291E+00
 -0.9240000E+05  0.9318596E+00
 -0.9235000E+05  0.9305918E+00
 -0.9230000E+05  0.9293259E+00
 -0.9225000E+05  0.9280619E+00
 -0.9220000E+05  0.9267996E+00
 -0.9215000E+05  0.9255391E+00
 -0.9210000E+05  0.9242805E+00
 -0.9205000E+05  0.9230236E+00
 -0.9200000E+05  0.9217686E+00
 -0.9195000E+05  0.9205153E+00
 -0.9190000E+05  0.9192638E+00
 -0.9185000E+05  0.9180142E+00
 -0.9180000E+05  0.9167663E+00
 -0.9175000E+05  0.9155202E+00
 -0.9170000E+05  0.9142759E+00
 -0.9165000E+05  0.9130333E+00
 -0.9160000E+05  0.9117926E+00
 -0.9155000E+05  0.9105536E+00
 -0.9150000E+05  0.9093164E+00
 -0.9145000E+05  0.9080810E+00
 -0.9140000E+05  0.9068473E+00
 -0.9135000E+05  0.9056154E+00
 -0.9130000E+05  0.9043852E+00
 -0.9125000E+05  0.9031569E+00
 -0.9120000E+05  0.9019302E+00
 -0.9115000E+05  0.9007054E+00
 -0.9110000E+05  0.8994822E+00
 -0.9105000E+05  0.8982609E+00
 -0.9100000E+05  0.8970413E+00
 -0.9095000E+05  0.8958234E+00
 -0.9090000E+05  0.8946073E+00
 -0.9085000E+05  0.8933929E+00
 -0.9080000E+05  0.8921803E+00
 -0.9075000E+05  0.8909694E+00
 -0.9070000E+05  0.8897602E+00
 -0.9065000E+05  0.8885528E+00
 -0.9060000E+05  0.8873471E+00
 -0.9055000E+05  0.8861432E+00
 -0.9050000E+05  0.8849410E+00
 -0.9045000E+05  0.8837405E+00
 -0.9040000E+05  0.8825417E+00
 -0.9035000E+05  0.8813447E+00
 -0.9030000E+05  0.8801494E+00
 -0.9025000E+05  0.8789558E+00
 -0.9020000E+05  0.8777639E+00
 -0.9015000E+05  0.8765738E+00
 -0.9010000E+05  0.8753854E+00
 -0.9005000E+05  0.8741987E+00
 -0.9000000E+05  0.8730137E+00
 -0.8995000E+05  0.8718305E+00
 -0.8990000E+05  0.8706489E+00
 -0.8985000E+05  0.8694691E+00
 -0.8980000E+05  0.8682910E+00
 -0.8975000E+05  0.8671145E+00
 -0.8970000E+05  0.8659399E+00
 -0.8965000E+05  0.8647669E+00
 -0.8960000E+05  0.8635956E+00
 -0.8955000E+05  0.8624260E+00
 -0.8950000E+05  0.8612581E+00
 -0.8945000E+05  0.8600920E+00
 -0.8940000E+05  0.8589275E+00
 -0.8935000E+05  0.8577648E+00
 -0.8930000E+05  0.8566037E+00
 -0.8925000E+05  0.8554444E+00
 -0.8920000E+05  0.8542867E+00
 -0.8915000E+05  0.8531308E+00
 -0.8910000E+05  0.8519765E+00
 -0.8905000E+05  0.8508240E+00
 -0.8900000E+05  0.8496731E+00
 -0.8895000E+05  0.8485239E+00
 -0.8890000E+05  0.8473764E+00
 -0.8885000E+05  0.8462306E+00
 -0.8880000E+05  0.8450865E+00
 -0.8875000E+05  0.8439441E+00
 -0.8870000E+05  0.8428034E+00
 -0.8865000E+05  0.8416643E+00
 -0.8860000E+05  0.8405269E+00
 -0.8855000E+05  0.8393912E+00
 -0.8850000E+05  0.8382572E+00
 -0.8845000E+05  0.8371249E+00
 -0.8840000E+05  0.8359942E+00
 -0.8835000E+05  0.8348652E+00
 -0.8830000E+05  0.8337378E+00
 -0.8825000E+05  0.8326122E+00
 -0.8820000E+05  0.8314881E+00
 -0.8815000E+05  0.8303658E+00
 -0.8810000E+05  0.8292450E+00
 -0.8805000E+05  0.8281260E+00
 -0.8800000E+05  0.8270085E+00
 -0.8795000E+05  0.8258928E+00
 -0.8790000E+05  0.8247786E+00
 -0.8785000E+05  0.8236661E+00
 -0.8780000E+05  0.8225552E+00
 -0.8775000E+05  0.8214459E+00
 -0.8770000E+05  0.8203382E+00
 -0.8765000E+05  0.8192322E+00
 -0.8760000E+05  0.8181277E+00
 -0.8755000E+05  0.8170249E+00
 -0.8750000E+05  0.8159236E+00
 -0.8745000E+05  0.8148239E+00
 -0.8740000E+05  0.8137258E+00
 -0.8735000E+05  0.8126292E+00
 -0.8730000E+05  0.8115342E+00
 -0.8725000E+05  0.8104408E+00
 -0.8720000E+05  0.8093488E+00
 -0.8715000E+05  0.8082585E+00
 -0.8710000E+05  0.8071696E+00
 -0.8705000E+05  0.8060822E+00
 -0.8700000E+05  0.8049963E+00
 -0.8695000E+05  0.8039120E+00
 -0.8690000E+05  0.8028290E+00
 -0.8685000E+05  0.8017476E+00
 -0.8680000E+05  0.8006675E+00
 -0.8675000E+05  0.7995890E+00
 -0.8670000E+05  0.7985118E+00
 -0.8665000E+05  0.7974360E+00
 -0.8660000E+05  0.7963616E+00
 -0.8655000E+05  0.7952886E+00
 -0.8650000E+05  0.7942169E+00
 -0.8645000E+05  0.7931465E+00
 -0.8640000E+05  0.7920775E+00
 -0.8635000E+05  0.7910097E+00
