 -0.1068600E+06  0.1385204E+01
 -0.1068100E+06  0.1383302E+01
 -0.1067600E+06  0.1381402E+01
 -0.1067100E+06  0.1379505E+01
 -0.1066600E+06  0.1377610E+01
 -0.1066100E+06  0.1375718E+01
 -0.1065600E+06  0.1373829E+01
 -0.1065100E+06  0.1371942E+01
 -0.1064600E+06  0.1370058E+01
 -0.1064100E+06  0.1368176E+01
 -0.1063600E+06  0.1366297E+01
 -0.1063100E+06  0.1364420E+01
 -0.1062600E+06  0.1362546E+01
 -0.1062100E+06  0.1360675E+01
 -0.1061600E+06  0.1358806E+01
 -0.1061100E+06  0.1356940E+01
 -0.1060600E+06  0.1355076E+01
 -0.1060100E+06  0.1353214E+01
 -0.1059600E+06  0.1351356E+01
 -0.1059100E+06  0.1349499E+01
 -0.1058600E+06  0.1347646E+01
 -0.1058100E+06  0.1345795E+01
 -0.1057600E+06  0.1343946E+01
 -0.1057100E+06  0.1342100E+01
 -0.1056600E+06  0.1340257E+01
 -0.1056100E+06  0.1338416E+01
 -0.1055600E+06  0.1336577E+01
 -0.1055100E+06  0.1334741E+01
 -0.1054600E+06  0.1332908E+01
 -0.1054100E+06  0.1331077E+01
 -0.1053600E+06  0.1329248E+01
 -0.1053100E+06  0.1327423E+01
 -0.1052600E+06  0.1325599E+01
 -0.1052100E+06  0.1323778E+01
 -0.1051600E+06  0.1321960E+01
 -0.1051100E+06  0.1320144E+01
 -0.1050600E+06  0.1318331E+01
 -0.1050100E+06  0.1316520E+01
 -0.1049600E+06  0.1314712E+01
 -0.1049100E+06  0.1312906E+01
 -0.1048600E+06  0.1311103E+01
 -0.1048100E+06  0.1309302E+01
 -0.1047600E+06  0.1307504E+01
 -0.1047100E+06  0.1305708E+01
 -0.1046600E+06  0.1303915E+01
 -0.1046100E+06  0.1302124E+01
 -0.1045600E+06  0.1300336E+01
 -0.1045100E+06  0.1298550E+01
 -0.1044600E+06  0.1296766E+01
 -0.1044100E+06  0.1294986E+01
 -0.1043600E+06  0.1293207E+01
 -0.1043100E+06  0.1291431E+01
 -0.1042600E+06  0.1289658E+01
 -0.1042100E+06  0.1287887E+01
 -0.1041600E+06  0.1286119E+01
 -0.1041100E+06  0.1284353E+01
 -0.1040600E+06  0.1282589E+01
 -0.1040100E+06  0.1280828E+01
 -0.1039600E+06  0.1279069E+01
 -0.1039100E+06  0.1277313E+01
 -0.1038600E+06  0.1275559E+01
 -0.1038100E+06  0.1273808E+01
 -0.1037600E+06  0.1272059E+01
 -0.1037100E+06  0.1270313E+01
 -0.1036600E+06  0.1268569E+01
 -0.1036100E+06  0.1266828E+01
 -0.1035600E+06  0.1265088E+01
 -0.1035100E+06  0.1263352E+01
 -0.1034600E+06  0.1261618E+01
 -0.1034100E+06  0.1259886E+01
 -0.1033600E+06  0.1258157E+01
 -0.1033100E+06  0.1256430E+01
 -0.1032600E+06  0.1254705E+01
 -0.1032100E+06  0.1252983E+01
 -0.1031600E+06  0.1251263E+01
 -0.1031100E+06  0.1249546E+01
 -0.1030600E+06  0.1247831E+01
 -0.1030100E+06  0.1246119E+01
 -0.1029600E+06  0.1244409E+01
 -0.1029100E+06  0.1242701E+01
 -0.1028600E+06  0.1240996E+01
 -0.1028100E+06  0.1239293E+01
 -0.1027600E+06  0.1237593E+01
 -0.1027100E+06  0.1235895E+01
 -0.1026600E+06  0.1234199E+01
 -0.1026100E+06  0.1232505E+01
 -0.1025600E+06  0.1230814E+01
 -0.1025100E+06  0.1229126E+01
 -0.1024600E+06  0.1227440E+01
 -0.1024100E+06  0.1225756E+01
 -0.1023600E+06  0.1224074E+01
 -0.1023100E+06  0.1222395E+01
 -0.1022600E+06  0.1220718E+01
 -0.1022100E+06  0.1219044E+01
 -0.1021600E+06  0.1217372E+01
 -0.1021100E+06  0.1215702E+01
 -0.1020600E+06  0.1214034E+01
 -0.1020100E+06  0.1212369E+01
 -0.1019600E+06  0.1210706E+01
 -0.1019100E+06  0.1209046E+01
 -0.1018600E+06  0.1207388E+01
 -0.1018100E+06  0.1205732E+01
 -0.1017600E+06  0.1204078E+01
 -0.1017100E+06  0.1202427E+01
 -0.1016600E+06  0.1200778E+01
 -0.1016100E+06  0.1199131E+01
 -0.1015600E+06  0.1197487E+01
 -0.1015100E+06  0.1195845E+01
 -0.1014600E+06  0.1194205E+01
 -0.1014100E+06  0.1192568E+01
 -0.1013600E+06  0.1190933E+01
 -0.1013100E+06  0.1189300E+01
 -0.1012600E+06  0.1187669E+01
 -0.1012100E+06  0.1186040E+01
 -0.1011600E+06  0.1184414E+01
 -0.1011100E+06  0.1182790E+01
 -0.1010600E+06  0.1181169E+01
 -0.1010100E+06  0.1179549E+01
 -0.1009600E+06  0.1177932E+01
 -0.1009100E+06  0.1176317E+01
 -0.1008600E+06  0.1174705E+01
 -0.1008100E+06  0.1173094E+01
 -0.1007600E+06  0.1171486E+01
 -0.1007100E+06  0.1169880E+01
 -0.1006600E+06  0.1168276E+01
 -0.1006100E+06  0.1166675E+01
 -0.1005600E+06  0.1165075E+01
 -0.1005100E+06  0.1163478E+01
 -0.1004600E+06  0.1161883E+01
 -0.1004100E+06  0.1160291E+01
 -0.1003600E+06  0.1158700E+01
 -0.1003100E+06  0.1157112E+01
 -0.1002600E+06  0.1155526E+01
 -0.1002100E+06  0.1153942E+01
 -0.1001600E+06  0.1152360E+01
 -0.1001100E+06  0.1150780E+01
 -0.1000600E+06  0.1149203E+01
 -0.1000100E+06  0.1147628E+01
 -0.9996000E+05  0.1146055E+01
 -0.9991000E+05  0.1144484E+01
 -0.9986000E+05  0.1142915E+01
 -0.9981000E+05  0.1141348E+01
 -0.9976000E+05  0.1139784E+01
 -0.9971000E+05  0.1138222E+01
 -0.9966000E+05  0.1136662E+01
 -0.9961000E+05  0.1135104E+01
 -0.9956000E+05  0.1133548E+01
 -0.9951000E+05  0.1131994E+01
 -0.9946000E+05  0.1130442E+01
 -0.9941000E+05  0.1128893E+01
 -0.9936000E+05  0.1127346E+01
 -0.9931000E+05  0.1125800E+01
 -0.9926000E+05  0.1124257E+01
 -0.9921000E+05  0.1122716E+01
 -0.9916000E+05  0.1121177E+01
 -0.9911000E+05  0.1119641E+01
 -0.9906000E+05  0.1118106E+01
 -0.9901000E+05  0.1116574E+01
 -0.9896000E+05  0.1115043E+01
 -0.9891000E+05  0.1113515E+01
 -0.9886000E+05  0.1111989E+01
 -0.9881000E+05  0.1110464E+01
 -0.9876000E+05  0.1108942E+01
 -0.9871000E+05  0.1107422E+01
 -0.9866000E+05  0.1105905E+01
 -0.9861000E+05  0.1104389E+01
 -0.9856000E+05  0.1102875E+01
 -0.9851000E+05  0.1101363E+01
 -0.9846000E+05  0.1099854E+01
 -0.9841000E+05  0.1098346E+01
 -0.9836000E+05  0.1096841E+01
 -0.9831000E+05  0.1095338E+01
 -0.9826000E+05  0.1093836E+01
 -0.9821000E+05  0.1092337E+01
 -0.9816000E+05  0.1090840E+01
 -0.9811000E+05  0.1089345E+01
