 -0.1024650E+06  0.1227606E+01
 -0.1024150E+06  0.1225923E+01
 -0.1023650E+06  0.1224241E+01
 -0.1023150E+06  0.1222562E+01
 -0.1022650E+06  0.1220886E+01
 -0.1022150E+06  0.1219211E+01
 -0.1021650E+06  0.1217539E+01
 -0.1021150E+06  0.1215870E+01
 -0.1020650E+06  0.1214202E+01
 -0.1020150E+06  0.1212537E+01
 -0.1019650E+06  0.1210875E+01
 -0.1019150E+06  0.1209214E+01
 -0.1018650E+06  0.1207556E+01
 -0.1018150E+06  0.1205900E+01
 -0.1017650E+06  0.1204247E+01
 -0.1017150E+06  0.1202596E+01
 -0.1016650E+06  0.1200947E+01
 -0.1016150E+06  0.1199300E+01
 -0.1015650E+06  0.1197656E+01
 -0.1015150E+06  0.1196014E+01
 -0.1014650E+06  0.1194374E+01
 -0.1014150E+06  0.1192737E+01
 -0.1013650E+06  0.1191101E+01
 -0.1013150E+06  0.1189468E+01
 -0.1012650E+06  0.1187837E+01
 -0.1012150E+06  0.1186209E+01
 -0.1011650E+06  0.1184583E+01
 -0.1011150E+06  0.1182959E+01
 -0.1010650E+06  0.1181337E+01
 -0.1010150E+06  0.1179717E+01
 -0.1009650E+06  0.1178100E+01
 -0.1009150E+06  0.1176485E+01
 -0.1008650E+06  0.1174872E+01
 -0.1008150E+06  0.1173261E+01
 -0.1007650E+06  0.1171653E+01
 -0.1007150E+06  0.1170047E+01
 -0.1006650E+06  0.1168443E+01
 -0.1006150E+06  0.1166841E+01
 -0.1005650E+06  0.1165241E+01
 -0.1005150E+06  0.1163644E+01
 -0.1004650E+06  0.1162048E+01
 -0.1004150E+06  0.1160455E+01
 -0.1003650E+06  0.1158864E+01
 -0.1003150E+06  0.1157276E+01
 -0.1002650E+06  0.1155689E+01
 -0.1002150E+06  0.1154105E+01
 -0.1001650E+06  0.1152522E+01
 -0.1001150E+06  0.1150942E+01
 -0.1000650E+06  0.1149364E+01
 -0.1000150E+06  0.1147789E+01
 -0.9996500E+05  0.1146215E+01
 -0.9991500E+05  0.1144644E+01
 -0.9986500E+05  0.1143075E+01
 -0.9981500E+05  0.1141507E+01
 -0.9976500E+05  0.1139942E+01
 -0.9971500E+05  0.1138380E+01
 -0.9966500E+05  0.1136819E+01
 -0.9961500E+05  0.1135260E+01
 -0.9956500E+05  0.1133704E+01
 -0.9951500E+05  0.1132150E+01
 -0.9946500E+05  0.1130598E+01
 -0.9941500E+05  0.1129048E+01
 -0.9936500E+05  0.1127500E+01
 -0.9931500E+05  0.1125954E+01
 -0.9926500E+05  0.1124410E+01
 -0.9921500E+05  0.1122869E+01
 -0.9916500E+05  0.1121330E+01
 -0.9911500E+05  0.1119792E+01
 -0.9906500E+05  0.1118257E+01
 -0.9901500E+05  0.1116724E+01
 -0.9896500E+05  0.1115193E+01
 -0.9891500E+05  0.1113664E+01
 -0.9886500E+05  0.1112138E+01
 -0.9881500E+05  0.1110613E+01
 -0.9876500E+05  0.1109090E+01
 -0.9871500E+05  0.1107570E+01
 -0.9866500E+05  0.1106052E+01
 -0.9861500E+05  0.1104535E+01
 -0.9856500E+05  0.1103021E+01
 -0.9851500E+05  0.1101509E+01
 -0.9846500E+05  0.1099999E+01
 -0.9841500E+05  0.1098492E+01
 -0.9836500E+05  0.1096986E+01
 -0.9831500E+05  0.1095482E+01
 -0.9826500E+05  0.1093981E+01
 -0.9821500E+05  0.1092481E+01
 -0.9816500E+05  0.1090984E+01
 -0.9811500E+05  0.1089488E+01
 -0.9806500E+05  0.1087995E+01
 -0.9801500E+05  0.1086504E+01
 -0.9796500E+05  0.1085015E+01
 -0.9791500E+05  0.1083528E+01
 -0.9786500E+05  0.1082043E+01
 -0.9781500E+05  0.1080560E+01
 -0.9776500E+05  0.1079079E+01
 -0.9771500E+05  0.1077600E+01
 -0.9766500E+05  0.1076124E+01
 -0.9761500E+05  0.1074649E+01
 -0.9756500E+05  0.1073176E+01
 -0.9751500E+05  0.1071706E+01
 -0.9746500E+05  0.1070237E+01
 -0.9741500E+05  0.1068771E+01
 -0.9736500E+05  0.1067307E+01
 -0.9731500E+05  0.1065845E+01
 -0.9726500E+05  0.1064384E+01
 -0.9721500E+05  0.1062926E+01
 -0.9716500E+05  0.1061470E+01
 -0.9711500E+05  0.1060016E+01
 -0.9706500E+05  0.1058564E+01
 -0.9701500E+05  0.1057114E+01
 -0.9696500E+05  0.1055666E+01
 -0.9691500E+05  0.1054220E+01
 -0.9686500E+05  0.1052777E+01
 -0.9681500E+05  0.1051335E+01
 -0.9676500E+05  0.1049895E+01
 -0.9671500E+05  0.1048457E+01
 -0.9666500E+05  0.1047022E+01
 -0.9661500E+05  0.1045588E+01
 -0.9656500E+05  0.1044157E+01
 -0.9651500E+05  0.1042727E+01
 -0.9646500E+05  0.1041300E+01
 -0.9641500E+05  0.1039874E+01
 -0.9636500E+05  0.1038451E+01
 -0.9631500E+05  0.1037029E+01
 -0.9626500E+05  0.1035610E+01
 -0.9621500E+05  0.1034193E+01
 -0.9616500E+05  0.1032777E+01
 -0.9611500E+05  0.1031364E+01
 -0.9606500E+05  0.1029953E+01
 -0.9601500E+05  0.1028543E+01
 -0.9596500E+05  0.1027136E+01
 -0.9591500E+05  0.1025731E+01
 -0.9586500E+05  0.1024328E+01
 -0.9581500E+05  0.1022926E+01
 -0.9576500E+05  0.1021527E+01
 -0.9571500E+05  0.1020130E+01
 -0.9566500E+05  0.1018735E+01
 -0.9561500E+05  0.1017342E+01
 -0.9556500E+05  0.1015950E+01
 -0.9551500E+05  0.1014561E+01
 -0.9546500E+05  0.1013174E+01
 -0.9541500E+05  0.1011789E+01
 -0.9536500E+05  0.1010405E+01
 -0.9531500E+05  0.1009024E+01
 -0.9526500E+05  0.1007645E+01
 -0.9521500E+05  0.1006268E+01
 -0.9516500E+05  0.1004893E+01
 -0.9511500E+05  0.1003519E+01
 -0.9506500E+05  0.1002148E+01
 -0.9501500E+05  0.1000779E+01
 -0.9496500E+05  0.9994113E+00
 -0.9491500E+05  0.9980459E+00
 -0.9486500E+05  0.9966825E+00
 -0.9481500E+05  0.9953210E+00
 -0.9476500E+05  0.9939616E+00
 -0.9471500E+05  0.9926041E+00
 -0.9466500E+05  0.9912485E+00
 -0.9461500E+05  0.9898949E+00
 -0.9456500E+05  0.9885433E+00
 -0.9451500E+05  0.9871936E+00
 -0.9446500E+05  0.9858459E+00
 -0.9441500E+05  0.9845001E+00
 -0.9436500E+05  0.9831563E+00
 -0.9431500E+05  0.9818144E+00
 -0.9426500E+05  0.9804745E+00
 -0.9421500E+05  0.9791365E+00
 -0.9416500E+05  0.9778004E+00
 -0.9411500E+05  0.9764663E+00
 -0.9406500E+05  0.9751341E+00
 -0.9401500E+05  0.9738038E+00
 -0.9396500E+05  0.9724755E+00
 -0.9391500E+05  0.9711491E+00
 -0.9386500E+05  0.9698246E+00
 -0.9381500E+05  0.9685020E+00
 -0.9376500E+05  0.9671813E+00
 -0.9371500E+05  0.9658625E+00
 -0.9366500E+05  0.9645457E+00
 -0.9361500E+05  0.9632307E+00
 -0.9356500E+05  0.9619177E+00
 -0.9351500E+05  0.9606066E+00
 -0.9346500E+05  0.9592973E+00
 -0.9341500E+05  0.9579900E+00
 -0.9336500E+05  0.9566845E+00
 -0.9331500E+05  0.9553809E+00
 -0.9326500E+05  0.9540793E+00
 -0.9321500E+05  0.9527795E+00
 -0.9316500E+05  0.9514815E+00
 -0.9311500E+05  0.9501855E+00
 -0.9306500E+05  0.9488913E+00
 -0.9301500E+05  0.9475990E+00
 -0.9296500E+05  0.9463086E+00
 -0.9291500E+05  0.9450200E+00
 -0.9286500E+05  0.9437333E+00
 -0.9281500E+05  0.9424485E+00
 -0.9276500E+05  0.9411655E+00
 -0.9271500E+05  0.9398843E+00
 -0.9266500E+05  0.9386051E+00
 -0.9261500E+05  0.9373276E+00
 -0.9256500E+05  0.9360520E+00
 -0.9251500E+05  0.9347782E+00
 -0.9246500E+05  0.9335063E+00
 -0.9241500E+05  0.9322362E+00
 -0.9236500E+05  0.9309680E+00
 -0.9231500E+05  0.9297016E+00
 -0.9226500E+05  0.9284370E+00
 -0.9221500E+05  0.9271742E+00
