 -0.9807000E+05  0.1088144E+01
 -0.9802000E+05  0.1086653E+01
 -0.9797000E+05  0.1085164E+01
 -0.9792000E+05  0.1083676E+01
 -0.9787000E+05  0.1082191E+01
 -0.9782000E+05  0.1080708E+01
 -0.9777000E+05  0.1079227E+01
 -0.9772000E+05  0.1077748E+01
 -0.9767000E+05  0.1076271E+01
 -0.9762000E+05  0.1074796E+01
 -0.9757000E+05  0.1073324E+01
 -0.9752000E+05  0.1071853E+01
 -0.9747000E+05  0.1070384E+01
 -0.9742000E+05  0.1068918E+01
 -0.9737000E+05  0.1067453E+01
 -0.9732000E+05  0.1065991E+01
 -0.9727000E+05  0.1064530E+01
 -0.9722000E+05  0.1063072E+01
 -0.9717000E+05  0.1061616E+01
 -0.9712000E+05  0.1060161E+01
 -0.9707000E+05  0.1058709E+01
 -0.9702000E+05  0.1057259E+01
 -0.9697000E+05  0.1055811E+01
 -0.9692000E+05  0.1054365E+01
 -0.9687000E+05  0.1052921E+01
 -0.9682000E+05  0.1051479E+01
 -0.9677000E+05  0.1050039E+01
 -0.9672000E+05  0.1048601E+01
 -0.9667000E+05  0.1047165E+01
 -0.9662000E+05  0.1045731E+01
 -0.9657000E+05  0.1044300E+01
 -0.9652000E+05  0.1042870E+01
 -0.9647000E+05  0.1041442E+01
 -0.9642000E+05  0.1040017E+01
 -0.9637000E+05  0.1038593E+01
 -0.9632000E+05  0.1037171E+01
 -0.9627000E+05  0.1035752E+01
 -0.9622000E+05  0.1034334E+01
 -0.9617000E+05  0.1032919E+01
 -0.9612000E+05  0.1031505E+01
 -0.9607000E+05  0.1030094E+01
 -0.9602000E+05  0.1028684E+01
 -0.9597000E+05  0.1027277E+01
 -0.9592000E+05  0.1025871E+01
 -0.9587000E+05  0.1024468E+01
 -0.9582000E+05  0.1023066E+01
 -0.9577000E+05  0.1021667E+01
 -0.9572000E+05  0.1020270E+01
 -0.9567000E+05  0.1018874E+01
 -0.9562000E+05  0.1017481E+01
 -0.9557000E+05  0.1016089E+01
 -0.9552000E+05  0.1014700E+01
 -0.9547000E+05  0.1013313E+01
 -0.9542000E+05  0.1011927E+01
 -0.9537000E+05  0.1010544E+01
 -0.9532000E+05  0.1009162E+01
 -0.9527000E+05  0.1007783E+01
 -0.9522000E+05  0.1006405E+01
 -0.9517000E+05  0.1005030E+01
 -0.9512000E+05  0.1003656E+01
 -0.9507000E+05  0.1002285E+01
 -0.9502000E+05  0.1000915E+01
 -0.9497000E+05  0.9995479E+00
 -0.9492000E+05  0.9981823E+00
 -0.9487000E+05  0.9968187E+00
 -0.9482000E+05  0.9954571E+00
 -0.9477000E+05  0.9940974E+00
 -0.9472000E+05  0.9927397E+00
 -0.9467000E+05  0.9913840E+00
 -0.9462000E+05  0.9900302E+00
 -0.9457000E+05  0.9886784E+00
 -0.9452000E+05  0.9873285E+00
 -0.9447000E+05  0.9859806E+00
 -0.9442000E+05  0.9846346E+00
 -0.9437000E+05  0.9832906E+00
 -0.9432000E+05  0.9819485E+00
 -0.9427000E+05  0.9806084E+00
 -0.9422000E+05  0.9792702E+00
 -0.9417000E+05  0.9779339E+00
 -0.9412000E+05  0.9765996E+00
 -0.9407000E+05  0.9752672E+00
 -0.9402000E+05  0.9739368E+00
 -0.9397000E+05  0.9726082E+00
 -0.9392000E+05  0.9712816E+00
 -0.9387000E+05  0.9699569E+00
 -0.9382000E+05  0.9686341E+00
 -0.9377000E+05  0.9673133E+00
 -0.9372000E+05  0.9659943E+00
 -0.9367000E+05  0.9646773E+00
 -0.9362000E+05  0.9633622E+00
 -0.9357000E+05  0.9620489E+00
 -0.9352000E+05  0.9607376E+00
 -0.9347000E+05  0.9594282E+00
 -0.9342000E+05  0.9581206E+00
 -0.9337000E+05  0.9568150E+00
 -0.9332000E+05  0.9555112E+00
 -0.9327000E+05  0.9542093E+00
 -0.9322000E+05  0.9529094E+00
 -0.9317000E+05  0.9516113E+00
 -0.9312000E+05  0.9503150E+00
 -0.9307000E+05  0.9490207E+00
 -0.9302000E+05  0.9477282E+00
 -0.9297000E+05  0.9464376E+00
 -0.9292000E+05  0.9451488E+00
 -0.9287000E+05  0.9438619E+00
 -0.9282000E+05  0.9425769E+00
 -0.9277000E+05  0.9412937E+00
 -0.9272000E+05  0.9400124E+00
 -0.9267000E+05  0.9387329E+00
 -0.9262000E+05  0.9374553E+00
 -0.9257000E+05  0.9361795E+00
 -0.9252000E+05  0.9349055E+00
 -0.9247000E+05  0.9336334E+00
 -0.9242000E+05  0.9323632E+00
 -0.9237000E+05  0.9310947E+00
 -0.9232000E+05  0.9298281E+00
 -0.9227000E+05  0.9285633E+00
 -0.9222000E+05  0.9273004E+00
 -0.9217000E+05  0.9260392E+00
 -0.9212000E+05  0.9247799E+00
 -0.9207000E+05  0.9235224E+00
 -0.9202000E+05  0.9222667E+00
 -0.9197000E+05  0.9210128E+00
 -0.9192000E+05  0.9197607E+00
 -0.9187000E+05  0.9185104E+00
 -0.9182000E+05  0.9172619E+00
 -0.9177000E+05  0.9160152E+00
 -0.9172000E+05  0.9147703E+00
 -0.9167000E+05  0.9135272E+00
 -0.9162000E+05  0.9122859E+00
 -0.9157000E+05  0.9110464E+00
 -0.9152000E+05  0.9098086E+00
 -0.9147000E+05  0.9085726E+00
 -0.9142000E+05  0.9073384E+00
 -0.9137000E+05  0.9061060E+00
 -0.9132000E+05  0.9048753E+00
 -0.9127000E+05  0.9036465E+00
 -0.9122000E+05  0.9024193E+00
 -0.9117000E+05  0.9011940E+00
 -0.9112000E+05  0.8999704E+00
 -0.9107000E+05  0.8987485E+00
 -0.9102000E+05  0.8975284E+00
 -0.9097000E+05  0.8963101E+00
 -0.9092000E+05  0.8950935E+00
 -0.9087000E+05  0.8938787E+00
 -0.9082000E+05  0.8926656E+00
 -0.9077000E+05  0.8914542E+00
 -0.9072000E+05  0.8902446E+00
 -0.9067000E+05  0.8890368E+00
 -0.9062000E+05  0.8878306E+00
 -0.9057000E+05  0.8866262E+00
 -0.9052000E+05  0.8854235E+00
 -0.9047000E+05  0.8842226E+00
 -0.9042000E+05  0.8830234E+00
 -0.9037000E+05  0.8818259E+00
 -0.9032000E+05  0.8806301E+00
 -0.9027000E+05  0.8794360E+00
 -0.9022000E+05  0.8782437E+00
 -0.9017000E+05  0.8770531E+00
 -0.9012000E+05  0.8758642E+00
 -0.9007000E+05  0.8746770E+00
 -0.9002000E+05  0.8734915E+00
 -0.8997000E+05  0.8723077E+00
 -0.8992000E+05  0.8711256E+00
 -0.8987000E+05  0.8699452E+00
 -0.8982000E+05  0.8687666E+00
 -0.8977000E+05  0.8675896E+00
 -0.8972000E+05  0.8664143E+00
 -0.8967000E+05  0.8652407E+00
 -0.8962000E+05  0.8640688E+00
 -0.8957000E+05  0.8628986E+00
 -0.8952000E+05  0.8617301E+00
 -0.8947000E+05  0.8605633E+00
 -0.8942000E+05  0.8593982E+00
 -0.8937000E+05  0.8582348E+00
 -0.8932000E+05  0.8570730E+00
 -0.8927000E+05  0.8559129E+00
 -0.8922000E+05  0.8547545E+00
 -0.8917000E+05  0.8535978E+00
 -0.8912000E+05  0.8524428E+00
 -0.8907000E+05  0.8512894E+00
 -0.8902000E+05  0.8501377E+00
 -0.8897000E+05  0.8489877E+00
 -0.8892000E+05  0.8478394E+00
 -0.8887000E+05  0.8466927E+00
 -0.8882000E+05  0.8455477E+00
 -0.8877000E+05  0.8444044E+00
 -0.8872000E+05  0.8432627E+00
 -0.8867000E+05  0.8421227E+00
 -0.8862000E+05  0.8409844E+00
 -0.8857000E+05  0.8398477E+00
 -0.8852000E+05  0.8387127E+00
 -0.8847000E+05  0.8375793E+00
 -0.8842000E+05  0.8364476E+00
 -0.8837000E+05  0.8353176E+00
 -0.8832000E+05  0.8341892E+00
 -0.8827000E+05  0.8330624E+00
 -0.8822000E+05  0.8319373E+00
 -0.8817000E+05  0.8308139E+00
 -0.8812000E+05  0.8296921E+00
 -0.8807000E+05  0.8285720E+00
 -0.8802000E+05  0.8274534E+00
 -0.8797000E+05  0.8263366E+00
 -0.8792000E+05  0.8252214E+00
 -0.8787000E+05  0.8241078E+00
 -0.8782000E+05  0.8229958E+00
 -0.8777000E+05  0.8218855E+00
 -0.8772000E+05  0.8207768E+00
 -0.8767000E+05  0.8196698E+00
 -0.8762000E+05  0.8185643E+00
 -0.8757000E+05  0.8174606E+00
 -0.8752000E+05  0.8163584E+00
 -0.8747000E+05  0.8152578E+00
 -0.8742000E+05  0.8141589E+00
 -0.8737000E+05  0.8130616E+00
 -0.8732000E+05  0.8119659E+00
 -0.8727000E+05  0.8108718E+00
 -0.8722000E+05  0.8097793E+00
 -0.8717000E+05  0.8086884E+00
 -0.8712000E+05  0.8075991E+00
 -0.8707000E+05  0.8065114E+00
 -0.8702000E+05  0.8054253E+00
 -0.8697000E+05  0.8043408E+00
 -0.8692000E+05  0.8032579E+00
 -0.8687000E+05  0.8021765E+00
 -0.8682000E+05  0.8010967E+00
 -0.8677000E+05  0.8000186E+00
 -0.8672000E+05  0.7989419E+00
 -0.8667000E+05  0.7978669E+00
 -0.8662000E+05  0.7967934E+00
 -0.8657000E+05  0.7957214E+00
 -0.8652000E+05  0.7946510E+00
 -0.8647000E+05  0.7935822E+00
 -0.8642000E+05  0.7925148E+00
 -0.8637000E+05  0.7914490E+00
