50.0  2000       bin size; N of bins
-120000.0        initial value for Lambda.
END
180             No of files input.
1    1   990000000  1   run No.; starting step; ending step; weight.
2    1   990000000  1 
3    1   990000000  1 
4    1   990000000  1 
5    1   990000000  1 
6    1   990000000  1 
7    1   990000000  1 
8    1   990000000  1 
9    1   990000000  1 
10   1   990000000  1 
11   1   990000000  1 
12   1   990000000  1 
13   1   990000000  1 
14   1   990000000  1 
15   1   990000000  1 
16   1   990000000  1 
17   1   990000000  1 
18   1   990000000  1 
19   1   990000000  1 
20   1   990000000  1 
21   1   990000000  1 
22   1   990000000  1 
23   1   990000000  1 
24   1   990000000  1 
25   1   990000000  1 
26   1   990000000  1 
27   1   990000000  1 
28   1   990000000  1 
29   1   990000000  1 
30   1   990000000  1 
31   1   990000000  1 
32   1   990000000  1 
33   1   990000000  1 
34   1   990000000  1 
35   1   990000000  1 
36   1   990000000  1 
37   1   990000000  1 
38   1   990000000  1 
39   1   990000000  1 
40   1   990000000  1 
41   1   990000000  1 
42   1   990000000  1 
43   1   990000000  1 
44   1   990000000  1 
45   1   990000000  1 
46   1   990000000  1 
47   1   990000000  1 
48   1   990000000  1 
49   1   990000000  1 
50   1   990000000  1 
51   1   990000000  1 
52   1   990000000  1 
53   1   990000000  1 
54   1   990000000  1 
55   1   990000000  1 
56   1   990000000  1 
57   1   990000000  1 
58   1   990000000  1 
59   1   990000000  1 
60   1   990000000  1 
61   1   990000000  1 
62   1   990000000  1 
63   1   990000000  1 
64   1   990000000  1 
65   1   990000000  1 
66   1   990000000  1 
67   1   990000000  1 
68   1   990000000  1 
69   1   990000000  1 
70   1   990000000  1 
71   1   990000000  1 
72   1   990000000  1 
73   1   990000000  1 
74   1   990000000  1 
75   1   990000000  1 
76   1   990000000  1 
77   1   990000000  1 
78   1   990000000  1 
79   1   990000000  1 
80   1   990000000  1 
81   1   990000000  1 
82   1   990000000  1 
83   1   990000000  1 
84   1   990000000  1 
85   1   990000000  1 
86   1   990000000  1 
87   1   990000000  1 
88   1   990000000  1 
89   1   990000000  1 
90   1   990000000  1 
91   1   990000000  1 
92   1   990000000  1 
93   1   990000000  1 
94   1   990000000  1 
95   1   990000000  1 
96   1   990000000  1 
97   1   990000000  1 
98   1   990000000  1 
99   1   990000000  1 
100  1   990000000  1 
101  1   990000000  1 
102  1   990000000  1 
103  1   990000000  1 
104  1   990000000  1 
105  1   990000000  1 
106  1   990000000  1 
107  1   990000000  1 
108  1   990000000  1 
109  1   990000000  1 
110  1   990000000  1 
111  1   990000000  1 
112  1   990000000  1 
113  1   990000000  1 
114  1   990000000  1 
115  1   990000000  1 
116  1   990000000  1 
117  1   990000000  1 
118  1   990000000  1 
119  1   990000000  1 
120  1   990000000  1 
121  1   990000000  1 
122  1   990000000  1 
123  1   990000000  1 
124  1   990000000  1 
125  1   990000000  1 
126  1   990000000  1 
127  1   990000000  1 
128  1   990000000  1 
129  1   990000000  1 
130  1   990000000  1 
131  1   990000000  1 
132  1   990000000  1 
133  1   990000000  1 
134  1   990000000  1 
135  1   990000000  1 
136  1   990000000  1 
137  1   990000000  1 
138  1   990000000  1 
139  1   990000000  1 
140  1   990000000  1 
141  1   990000000  1 
142  1   990000000  1 
143  1   990000000  1 
144  1   990000000  1 
145  1   990000000  1 
146  1   990000000  1 
147  1   990000000  1 
148  1   990000000  1 
149  1   990000000  1 
150  1   990000000  1 
151  1   990000000  1 
152  1   990000000  1 
153  1   990000000  1 
154  1   990000000  1 
155  1   990000000  1 
156  1   990000000  1 
157  1   990000000  1 
158  1   990000000  1 
159  1   990000000  1 
160  1   990000000  1 
161  1   990000000  1 
162  1   990000000  1 
163  1   990000000  1 
164  1   990000000  1 
165  1   990000000  1 
166  1   990000000  1 
167  1   990000000  1 
168  1   990000000  1 
169  1   990000000  1 
170  1   990000000  1 
171  1   990000000  1 
172  1   990000000  1 
173  1   990000000  1 
174  1   990000000  1 
175  1   990000000  1 
176  1   990000000  1 
177  1   990000000  1 
178  1   990000000  1 
179  1   990000000  1 
180  1   990000000  1 
END  
