       0.0500000  1000
      10.5000000
END
  90
   1  100000     990000000           1.00000
   2  100000     990000000           1.00000
   3  100000     990000000           1.00000
   4  100000     990000000           1.00000
   5  100000     990000000           1.00000
   6  100000     990000000           1.00000
   7  100000     990000000           1.00000
   8  100000     990000000           1.00000
   9  100000     990000000           1.00000
  10  100000     990000000           1.00000
  11  100000     990000000           1.00000
  12  100000     990000000           1.00000
  13  100000     990000000           1.00000
  14  100000     990000000           1.00000
  15  100000     990000000           1.00000
  16  100000     990000000           1.00000
  17  100000     990000000           1.00000
  18  100000     990000000           1.00000
  19  100000     990000000           1.00000
  20  100000     990000000           1.00000
  21  100000     990000000           1.00000
  22  100000     990000000           1.00000
  23  100000     990000000           1.00000
  24  100000     990000000           1.00000
  25  100000     990000000           1.00000
  26  100000     990000000           1.00000
  27  100000     990000000           1.00000
  28  100000     990000000           1.00000
  29  100000     990000000           1.00000
  30  100000     990000000           1.00000
  31  100000     990000000           1.00000
  32  100000     990000000           1.00000
  33  100000     990000000           1.00000
  34  100000     990000000           1.00000
  35  100000     990000000           1.00000
  36  100000     990000000           1.00000
  37  100000     990000000           1.00000
  38  100000     990000000           1.00000
  39  100000     990000000           1.00000
  40  100000     990000000           1.00000
  41  100000     990000000           1.00000
  42  100000     990000000           1.00000
  43  100000     990000000           1.00000
  44  100000     990000000           1.00000
  45  100000     990000000           1.00000
  46  100000     990000000           1.00000
  47  100000     990000000           1.00000
  48  100000     990000000           1.00000
  49  100000     990000000           1.00000
  50  100000     990000000           1.00000
  51  100000     990000000           1.00000
  52  100000     990000000           1.00000
  53  100000     990000000           1.00000
  54  100000     990000000           1.00000
  55  100000     990000000           1.00000
  56  100000     990000000           1.00000
  57  100000     990000000           1.00000
  58  100000     990000000           1.00000
  59  100000     990000000           1.00000
  60  100000     990000000           1.00000
  61  100000     990000000           1.00000
  62  100000     990000000           1.00000
  63  100000     990000000           1.00000
  64  100000     990000000           1.00000
  65  100000     990000000           1.00000
  66  100000     990000000           1.00000
  67  100000     990000000           1.00000
  68  100000     990000000           1.00000
  69  100000     990000000           1.00000
  70  100000     990000000           1.00000
  71  100000     990000000           1.00000
  72  100000     990000000           1.00000
  73  100000     990000000           1.00000
  74  100000     990000000           1.00000
  75  100000     990000000           1.00000
  76  100000     990000000           1.00000
  77  100000     990000000           1.00000
  78  100000     990000000           1.00000
  79  100000     990000000           1.00000
  80  100000     990000000           1.00000
  81  100000     990000000           1.00000
  82  100000     990000000           1.00000
  83  100000     990000000           1.00000
  84  100000     990000000           1.00000
  85  100000     990000000           1.00000
  86  100000     990000000           1.00000
  87  100000     990000000           1.00000
  88  100000     990000000           1.00000
  89  100000     990000000           1.00000
  90  100000     990000000           1.00000
END
