   Parameter input: 
  DE =    50.00000    
  overlap range =   0.0000000E+00  0.0000000E+00
  N of v states =            9
   E range =            1  -44250.00      -40900.00    
   E range =            2  -42575.00      -39225.00    
   E range =            3  -40900.00      -37550.00    
   E range =            4  -39225.00      -35875.00    
   E range =            5  -37550.00      -34200.00    
   E range =            6  -35875.00      -32525.00    
   E range =            7  -34200.00      -30850.00    
   E range =            8  -32525.00      -29175.00    
   E range =            9  -30850.00      -27500.00    
  
   Emin & Emax (detected) =   -44700.00      -26650.00    
   N od data in reach pdf:
   N =            1          88
   N =            2          88
   N =            3          87
   N =            4          89
   N =            5          92
   N =            6          90
   N =            7          93
   N =            8          93
   N =            9          98
  N o points =          362
  -44700.00      -14.41905    
  -44650.00      -12.41371    
  -44600.00      -10.62388    
  -44550.00      -9.052402    
  -44500.00      -7.732293    
  -44450.00      -6.680545    
  -44400.00      -5.858300    
  -44350.00      -5.280548    
  -44300.00      -4.945601    
  -44250.00      -4.828199    
  -44200.00      -4.836139    
  -44150.00      -4.872649    
  -44100.00      -4.913012    
  -44050.00      -4.959774    
  -44000.00      -5.005680    
  -43950.00      -5.053755    
  -43900.00      -5.116123    
  -43850.00      -5.173338    
  -43800.00      -5.225134    
  -43750.00      -5.275358    
  -43700.00      -5.319484    
  -43650.00      -5.368569    
  -43600.00      -5.413532    
  -43550.00      -5.464497    
  -43500.00      -5.510359    
  -43450.00      -5.563142    
  -43400.00      -5.595751    
  -43350.00      -5.632938    
  -43300.00      -5.664290    
  -43250.00      -5.717481    
  -43200.00      -5.758371    
  -43150.00      -5.792399    
  -43100.00      -5.834397    
  -43050.00      -5.880661    
  -43000.00      -5.927434    
  -42950.00      -5.985333    
  -42900.00      -6.037351    
  -42850.00      -6.091140    
  -42800.00      -6.133575    
  -42750.00      -6.186666    
  -42700.00      -6.227005    
  -42650.00      -6.262544    
  -42600.00      -6.309468    
  -42550.00      -6.384674    
  -42500.00      -6.408814    
  -42450.00      -6.436854    
  -42400.00      -6.465757    
  -42350.00      -6.483208    
  -42300.00      -6.510658    
  -42250.00      -6.536030    
  -42200.00      -6.563180    
  -42150.00      -6.585321    
  -42100.00      -6.614083    
  -42050.00      -6.640141    
  -42000.00      -6.665673    
  -41950.00      -6.692966    
  -41900.00      -6.703151    
  -41850.00      -6.722054    
  -41800.00      -6.740376    
  -41750.00      -6.772385    
  -41700.00      -6.803445    
  -41650.00      -6.817436    
  -41600.00      -6.832358    
  -41550.00      -6.841368    
  -41500.00      -6.861998    
  -41450.00      -6.897527    
  -41400.00      -6.911465    
  -41350.00      -6.951944    
  -41300.00      -6.972552    
  -41250.00      -6.988728    
  -41200.00      -6.990687    
  -41150.00      -6.978052    
  -41100.00      -6.984358    
  -41050.00      -6.985987    
  -41000.00      -6.994701    
  -40950.00      -6.992956    
  -40900.00      -7.007139    
  -40850.00      -6.900019    
  -40800.00      -6.894947    
  -40750.00      -6.883612    
  -40700.00      -6.866928    
  -40650.00      -6.854000    
  -40600.00      -6.852691    
  -40550.00      -6.851087    
  -40500.00      -6.831192    
  -40450.00      -6.826103    
  -40400.00      -6.809616    
  -40350.00      -6.807542    
  -40300.00      -6.810940    
  -40250.00      -6.813397    
  -40200.00      -6.805339    
  -40150.00      -6.794762    
  -40100.00      -6.799827    
  -40050.00      -6.803937    
  -40000.00      -6.812374    
  -39950.00      -6.788882    
  -39900.00      -6.786506    
  -39850.00      -6.784598    
  -39800.00      -6.783886    
  -39750.00      -6.786831    
  -39700.00      -6.787642    
  -39650.00      -6.781192    
  -39600.00      -6.787413    
  -39550.00      -6.794315    
  -39500.00      -6.798649    
  -39450.00      -6.799672    
  -39400.00      -6.796843    
  -39350.00      -6.790500    
  -39300.00      -6.794315    
  -39250.00      -6.784156    
  -39200.00      -6.636190    
  -39150.00      -6.615336    
  -39100.00      -6.597523    
  -39050.00      -6.577294    
  -39000.00      -6.563086    
  -38950.00      -6.566351    
  -38900.00      -6.559947    
  -38850.00      -6.572087    
  -38800.00      -6.576845    
  -38750.00      -6.571171    
  -38700.00      -6.587888    
  -38650.00      -6.587247    
  -38600.00      -6.596097    
  -38550.00      -6.612564    
  -38500.00      -6.608143    
  -38450.00      -6.615727    
  -38400.00      -6.610699    
  -38350.00      -6.612791    
  -38300.00      -6.604029    
  -38250.00      -6.600805    
  -38200.00      -6.598067    
  -38150.00      -6.595708    
  -38100.00      -6.602928    
  -38050.00      -6.592848    
  -38000.00      -6.589221    
  -37950.00      -6.577019    
  -37900.00      -6.583529    
  -37850.00      -6.585293    
  -37800.00      -6.600041    
  -37750.00      -6.617496    
  -37700.00      -6.625736    
  -37650.00      -6.638433    
  -37600.00      -6.666631    
  -37550.00      -6.668402    
  -37500.00      -6.580083    
  -37450.00      -6.568758    
  -37400.00      -6.566429    
  -37350.00      -6.570814    
  -37300.00      -6.561045    
  -37250.00      -6.554626    
  -37200.00      -6.571534    
  -37150.00      -6.559318    
  -37100.00      -6.560918    
  -37050.00      -6.560085    
  -37000.00      -6.553918    
  -36950.00      -6.553660    
  -36900.00      -6.546547    
  -36850.00      -6.538160    
  -36800.00      -6.538662    
  -36750.00      -6.537610    
  -36700.00      -6.536823    
  -36650.00      -6.536660    
  -36600.00      -6.543156    
  -36550.00      -6.558062    
  -36500.00      -6.560035    
  -36450.00      -6.570558    
  -36400.00      -6.579374    
  -36350.00      -6.583138    
  -36300.00      -6.586402    
  -36250.00      -6.580787    
  -36200.00      -6.586737    
  -36150.00      -6.593316    
  -36100.00      -6.588285    
  -36050.00      -6.597506    
  -36000.00      -6.608050    
  -35950.00      -6.614316    
  -35900.00      -6.623264    
  -35850.00      -6.519299    
  -35800.00      -6.528223    
  -35750.00      -6.533550    
  -35700.00      -6.541546    
  -35650.00      -6.544551    
  -35600.00      -6.553978    
  -35550.00      -6.559268    
  -35500.00      -6.569404    
  -35450.00      -6.572741    
  -35400.00      -6.587678    
  -35350.00      -6.602197    
  -35300.00      -6.605605    
  -35250.00      -6.624058    
  -35200.00      -6.631818    
  -35150.00      -6.640655    
  -35100.00      -6.649317    
  -35050.00      -6.665251    
  -35000.00      -6.679848    
  -34950.00      -6.693154    
  -34900.00      -6.699998    
  -34850.00      -6.712921    
  -34800.00      -6.738263    
  -34750.00      -6.749450    
  -34700.00      -6.760751    
  -34650.00      -6.764277    
  -34600.00      -6.767511    
  -34550.00      -6.774817    
  -34500.00      -6.772078    
  -34450.00      -6.788994    
  -34400.00      -6.806723    
  -34350.00      -6.827840    
  -34300.00      -6.837355    
  -34250.00      -6.855044    
  -34200.00      -6.801197    
  -34150.00      -6.672874    
  -34100.00      -6.694416    
  -34050.00      -6.699713    
  -34000.00      -6.699465    
  -33950.00      -6.709712    
  -33900.00      -6.727225    
  -33850.00      -6.723053    
  -33800.00      -6.728956    
  -33750.00      -6.745371    
  -33700.00      -6.766710    
  -33650.00      -6.788196    
  -33600.00      -6.811962    
  -33550.00      -6.819580    
  -33500.00      -6.838477    
  -33450.00      -6.854785    
  -33400.00      -6.867168    
  -33350.00      -6.892213    
  -33300.00      -6.907763    
  -33250.00      -6.928564    
  -33200.00      -6.951739    
  -33150.00      -6.959682    
  -33100.00      -6.969389    
  -33050.00      -6.996031    
  -33000.00      -7.007946    
  -32950.00      -7.014063    
  -32900.00      -7.022886    
  -32850.00      -7.027816    
  -32800.00      -7.057580    
  -32750.00      -7.079573    
  -32700.00      -7.101995    
  -32650.00      -7.134626    
  -32600.00      -7.131221    
  -32550.00      -7.138014    
  -32500.00      -7.009036    
  -32450.00      -7.003260    
  -32400.00      -7.015523    
  -32350.00      -7.016655    
  -32300.00      -7.018791    
  -32250.00      -7.014071    
  -32200.00      -7.025229    
  -32150.00      -7.026794    
  -32100.00      -7.032539    
  -32050.00      -7.028609    
  -32000.00      -7.026407    
  -31950.00      -7.037526    
  -31900.00      -7.035696    
  -31850.00      -7.032230    
  -31800.00      -7.040626    
  -31750.00      -7.042073    
  -31700.00      -7.042475    
  -31650.00      -7.046263    
  -31600.00      -7.034542    
  -31550.00      -7.034152    
  -31500.00      -7.035348    
  -31450.00      -7.025097    
  -31400.00      -7.013567    
  -31350.00      -7.002023    
  -31300.00      -6.977122    
  -31250.00      -6.973344    
  -31200.00      -6.971819    
  -31150.00      -6.971270    
  -31100.00      -6.958514    
  -31050.00      -6.947105    
  -31000.00      -6.934541    
  -30950.00      -6.919187    
  -30900.00      -6.920912    
  -30850.00      -6.881402    
  -30800.00      -6.743751    
  -30750.00      -6.727435    
  -30700.00      -6.709763    
  -30650.00      -6.698692    
  -30600.00      -6.684162    
  -30550.00      -6.668326    
  -30500.00      -6.665146    
  -30450.00      -6.646666    
  -30400.00      -6.638074    
  -30350.00      -6.631510    
  -30300.00      -6.611681    
  -30250.00      -6.591366    
  -30200.00      -6.576060    
  -30150.00      -6.565291    
  -30100.00      -6.550764    
  -30050.00      -6.530861    
  -30000.00      -6.519733    
  -29950.00      -6.496971    
  -29900.00      -6.478629    
  -29850.00      -6.464714    
  -29800.00      -6.438543    
  -29750.00      -6.420072    
  -29700.00      -6.404511    
  -29650.00      -6.374231    
  -29600.00      -6.351368    
  -29550.00      -6.345763    
  -29500.00      -6.322876    
  -29450.00      -6.295310    
  -29400.00      -6.267922    
  -29350.00      -6.248512    
  -29300.00      -6.221621    
  -29250.00      -6.201214    
  -29200.00      -6.183947    
  -29150.00      -6.052164    
  -29100.00      -6.038006    
  -29050.00      -6.003879    
  -29000.00      -5.966455    
  -28950.00      -5.948848    
  -28900.00      -5.922294    
  -28850.00      -5.900607    
  -28800.00      -5.871706    
  -28750.00      -5.846591    
  -28700.00      -5.812461    
  -28650.00      -5.787402    
  -28600.00      -5.769121    
  -28550.00      -5.744902    
  -28500.00      -5.724663    
  -28450.00      -5.720260    
  -28400.00      -5.697127    
  -28350.00      -5.676157    
  -28300.00      -5.663335    
  -28250.00      -5.659157    
  -28200.00      -5.643946    
  -28150.00      -5.626878    
  -28100.00      -5.621562    
  -28050.00      -5.606674    
  -28000.00      -5.594700    
  -27950.00      -5.590677    
  -27900.00      -5.583457    
  -27850.00      -5.577577    
  -27800.00      -5.568098    
  -27750.00      -5.560409    
  -27700.00      -5.555676    
  -27650.00      -5.556255    
  -27600.00      -5.567460    
  -27550.00      -5.570015    
  -27500.00      -5.580067    
  -27450.00      -5.628716    
  -27400.00      -5.784344    
  -27350.00      -6.015565    
  -27300.00      -6.349605    
  -27250.00      -6.766907    
  -27200.00      -7.291146    
  -27150.00      -7.879914    
  -27100.00      -8.575253    
  -27050.00      -9.351040    
  -27000.00      -10.17957    
  -26950.00      -11.18881    
  -26900.00      -12.16325    
  -26850.00      -13.35927    
  -26800.00      -15.14118    
  -26750.00      -16.36496    
  -26700.00      -16.36496    
  -26650.00      -17.97439    
