       0.632            
       0.105            
       0.579            
       0.158            
       0.000            
       0.947  deep trap 
       0.263            
       0.000            
       1.000  deep trap 
       0.000            
       0.000            
       0.000            
       0.895            
       0.737            
       0.737            
       0.947  deep trap 
       0.053            
       0.263            
       0.263            
       0.000            
       0.000            
       0.000            
       0.474            
       0.947  deep trap 
       0.000            
       1.000  deep trap 
       0.947  deep trap 
       0.000            
       0.368            
       0.000            
       0.158            
       0.474            
       0.895            
       0.263            
       0.684            
       0.632            
       0.368            
       0.211            
       0.000            
       0.000            
       0.000            
       1.000  deep trap 
       0.000            
       0.526            
       0.000            
       0.368            
       0.000            
       0.474            
       0.895            
       1.000  deep trap 
       0.211            
       0.684            
       0.789            
       0.053            
       0.000            
       0.000            
       0.053            
       0.000            
       0.000            
       0.000            
       0.000            
       0.842            
       0.842            
       0.000            
       0.053            
       0.000            
       0.105            
       0.789            
       0.947  deep trap 
       0.000            
       0.632            
       1.000  deep trap 
       0.211            
       0.211            
       0.000            
       0.000            
       0.000            
       0.579            
       0.000            
       0.000            
       0.000            
       0.105            
       0.000            
       0.842            
       0.000            
       0.000            
       0.105            
       0.737            
       0.158            
       0.789            
       0.421            
       0.000            
       0.105            
       0.895            
       0.158            
       0.000            
       0.474            
       0.474            
       0.000            
       0.842            
       0.947  deep trap 
       0.684            
       0.000            
       0.000            
       0.211            
       0.000            
       1.000  deep trap 
       0.895            
       0.000            
       0.000            
       0.000            
       0.737            
       0.263            
       0.526            
       0.000            
       0.053            
       1.000  deep trap 
       0.789            
       0.000            
       0.000            
       0.632            
       0.421            
       0.211            
       0.053            
       0.368            
       0.526            
       0.000            
       0.632            
